63955.0
1.638613
1.637675
1.638613
1.647238
1.647238
1.658863
1.732928
1.753366
1.684176
1.640675
1.635987
1.635987
1.637487
1.621737
1.621737
1.618549
1.716052
1.704052
1.63955
1.63955
1.640488
1.640112
1.645363
1.646488
1.646488
1.717365
1.751303
1.695427
1.640675
1.6388
1.6358
1.638238
1.620612
1.6238
1.6238
1.719052
1.728053
1.641613
1.6358
1.640863
1.6403
1.651925
1.652113
1.652113
1.704802
1.730865
1.701989
1.64255
1.64255
1.639925
1.6358
1.613487
1.614799
1.614799
1.727678
1.701802
1.6448
1.638613
1.637112
1.642363
1.6523
1.658301
1.70349
1.70349
1.754866
1.716427
1.641988
1.638425
1.641237
1.63805
1.616487
1.620424
1.689239
1.689239
1.739491
1.656051
1.6403
1.641613
1.642738
1.64105
1.640112
1.698239
1.780179
1.780179
1.70799
1.643488
1.642175
1.6388
1.637862
1.618549
1.624362
1.715677
1.71099
1.71099
1.663363
1.637487
1.637862
1.642363
1.65005
1.658863
1.679301
1.73724
1.73724
1.724115
1.64105
1.640675
1.642925
1.638613
1.616112
1.618924
1.71324
1.72899
1.72899
1.659238
1.640675
1.642175
1.6433
1.646113
1.653613
1.671801
1.785617
1.742116
1.742116
1.645738
1.643488
1.639925
1.640112
1.621362
1.613299
1.71399
1.756741
1.674801
1.674801
1.640675
1.640675
1.642175
1.642738
1.674614
1.675926
1.741553
1.73574
1.645925
1.645925
1.641237
1.6388
1.640675
1.625112
1.622487
1.674614
1.734991
1.668801
1.668801
1.641425
1.643113
1.642175
1.641613
1.647613
1.681551
1.742491
1.72224
1.6448
1.6448
1.64255
1.637862
1.640863
1.628112
1.620424
1.677614
1.712115
1.713802
1.640488
1.640488
1.64105
1.643113
1.644988
1.652113
1.660176
1.736678
1.737053
1.645738
1.642738
1.642738
1.6403
1.640488
1.626612
1.624549
1.691864
1.736115
1.678551
1.640488
1.643113
1.643113
1.644988
1.644238
1.655113
1.653238
1.780179
1.772867
1.646675
1.644238
1.644238
1.641613
1.641237
1.63055
1.62155
1.694864
1.764429
1.689239
1.637112
1.642363
1.642363
1.644613
1.646675
1.652863
1.656238
1.766866
1.761054
1.648738
1.64705
1.644238
1.644238
1.640112
1.626425
1.623987
1.671051
1.713052
1.672551
1.640488
1.642925
1.643113
1.643113
1.645925
1.655676
1.673301
1.760866
1.73349
1.649488
1.644238
1.6433
1.640863
1.640863
1.626612
1.621174
1.643675
1.680239
1.683051
1.639738
1.6403
1.643488
1.643488
1.645175
1.654176
1.659051
1.712302
1.739491
1.648363
1.643675
1.644613
1.641425
1.641425
1.63505
1.625487
1.641613
1.741928
1.739116
1.639363
1.64105
1.646113
1.64705
1.64705
1.65305
1.656988
1.700302
1.700489
1.648738
1.64405
1.64255
1.643488
1.6328
1.6328
1.624925
1.650613
1.685676
1.671051
1.644425
1.6448
1.643113
1.644613
1.637675
1.637675
1.64405
1.737615
1.702177
1.661113
1.647425
1.641988
1.6403
1.629987
1.629987
1.624925
1.6403
1.725428
1.677614
1.641613
1.645363
1.642738
1.644988
1.656988
1.656988
1.649488
1.699177
1.743428
1.653238
1.645175
1.642925
1.641237
1.6358
1.6268
1.6268
1.644238
1.694489
1.701239
1.639363
1.64255
1.6433
1.645363
1.645925
1.663551
1.663551
1.728428
1.723928
1.665988
1.647425
1.646113
1.6433
1.642738
1.62905
1.624737
1.624737
1.671988
1.683239
1.639738
1.643675
1.6463
1.646488
1.6478
1.651925
1.711177
1.711177
1.691114
1.664113
1.646113
1.644613
1.645175
1.638425
1.627362
1.627175
1.627175
1.728615
1.724303
1.64405
1.645738
1.647425
1.646675
1.638613
1.640112
1.703302
1.703302
1.712677
1.672176
1.65005
1.64855
1.646675
1.6388
1.625487
1.632237
1.71549
1.71549
1.694864
1.64405
1.64405
1.646113
1.6448
1.647238
1.6478
1.673676
1.734991
1.734991
1.683239
1.647425
1.64555
1.643675
1.638988
1.617987
1.626987
1.672739
1.695052
1.695052
1.643113
1.643113
1.644988
1.6448
1.64555
1.656988
1.691864
1.716615
1.716615
1.690739
1.649488
1.644238
1.6448
1.641613
1.630925
1.62755
1.688114
1.686051
1.686051
1.643863
1.644238
1.645175
1.644613
1.6523
1.652675
1.716052
1.70499
1.680989
1.680989
1.647425
1.6448
1.64405
1.641237
1.622862
1.627362
1.707802
1.695052
1.643863
1.643863
1.642363
1.645175
1.647613
1.656801
1.6508
1.700302
1.71924
1.671614
1.646863
1.646863
1.6448
1.643488
1.6433
1.625487
1.637675
1.704615
1.717365
1.642925
1.642925
1.6433
1.64555
1.6463
1.649488
1.658676
1.666738
1.703677
1.703677
1.648363
1.648363
1.645925
1.646488
1.6448
1.621924
1.624549
1.662801
1.675739
1.645363
1.642738
1.642738
1.646675
1.6478
1.65155
1.656988
1.693739
1.732365
1.674426
1.649113
1.6478
1.6478
1.645363
1.644613
1.63055
1.624925
1.707802
1.694677
1.654738
1.64405
1.64705
1.64705
1.648363
1.648363
1.647425
1.676114
1.753741
1.707615
1.648738
1.647613
1.646113
1.646113
1.643113
1.624175
1.687927
1.717927
1.657363
1.645925
1.643863
1.646113
1.6523
1.659051
1.659051
1.679301
1.744178
1.716052
1.65005
1.648925
1.64405
1.642363
1.623612
1.623612
1.630362
1.685114
1.727115
1.663176
1.644238
1.645175
1.646675
1.6493
1.662238
1.662238
1.661863
1.73724
1.717927
1.6478
1.645175
1.6433
1.6433
1.625487
1.6283
1.6283
1.676489
1.697489
1.651175
1.643113
1.644988
1.646863
1.648363
1.644988
1.665426
1.665426
1.719427
1.672364
1.64705
1.646675
1.6463
1.644425
1.6343
1.634675
1.689052
1.689052
1.717365
1.663551
1.64255
1.644425
1.648363
1.649488
1.653425
1.650613
1.650613
1.740616
1.699552
1.650238
1.648175
1.645363
1.646675
1.626425
1.62755
1.669176
1.669176
1.695614
1.661488
1.645363
1.647238
1.650238
1.649863
1.654176
1.648738
1.71999
1.71999
1.712302
1.650238
1.64855
1.6463
1.644613
1.6283
1.621924
1.648175
1.695239
1.695239
1.685864
1.64705
1.646675
1.647613
1.64855
1.654176
1.654926
1.691677
1.707802
1.707802
1.65305
1.650988
1.646488
1.6448
1.636175
1.626425
1.662988
1.678364
1.678364
1.662238
1.643113
1.6433
1.645925
1.647238
1.645738
1.659801
1.739866
1.698239
1.698239
1.648363
1.647613
1.646675
1.6463
1.63505
1.630737
1.658488
1.716615
1.658488
1.658488
1.64105
1.645363
1.646488
1.650613
1.652675
1.657551
1.741741
1.688676
1.649863
1.649863
1.64855
1.647613
1.645363
1.634487
1.62605
1.667488
1.699177
1.668426
1.644613
1.644613
1.647613
1.65005
1.650613
1.652113
1.653425
1.713615
1.71174
1.651925
1.651925
1.6508
1.64705
1.644988
1.6313
1.625675
1.640863
1.706115
1.696927
1.646675
1.646675
1.647425
1.646675
1.64705
1.650425
1.655301
1.70649
1.754491
1.655863
1.648738
1.648738
1.645363
1.64555
1.637112
1.630362
1.64555
1.693552
1.682114
1.64255
1.645363
1.645363
1.646488
1.6493
1.651363
1.664488
1.710615
1.701989
1.658113
1.6493
1.647613
1.647613
1.646675
1.634487
1.6253
1.637675
1.683801
1.663551
1.643113
1.645925
1.647238
1.647238
1.648925
1.64405
1.647988
1.73349
1.701802
1.660738
1.6508
1.64855
1.64855
1.648738
1.6358
1.6268
1.639175
1.743991
1.703115
1.645925
1.647613
1.648175
1.648175
1.6478
1.650238
1.659613
1.734241
1.732928
1.664863
1.651925
1.648738
1.6448
1.6448
1.635237
1.624925
1.630925
1.683801
1.692989
1.645175
1.644988
1.647613
1.647988
1.647988
1.646488
1.666176
1.677614
1.70799
1.677801
1.647425
1.645175
1.645925
1.641237
1.641237
1.6283
1.645363
1.71324
1.706677
1.642925
1.644988
1.6478
1.649863
1.649863
1.654738
1.661301
1.678176
1.742303
1.666926
1.650613
1.649488
1.647425
1.640863
1.640863
1.62155
1.6418
1.730865
1.704239
1.645925
1.645175
1.645175
1.647425
1.670114
1.670114
1.668426
1.772117
1.792367
1.692052
1.6493
1.6478
1.646863
1.641988
1.627737
1.627737
1.634487
1.744741
1.697114
1.644988
1.647988
1.648363
1.649675
1.650613
1.652675
1.652675
1.732553
1.749616
1.697114
1.65155
1.650238
1.646488
1.6418
1.627175
1.627175
1.630737
1.742116
1.706865
1.647238
1.645738
1.6478
1.648363
1.659988
1.664488
1.664488
1.692614
1.736115
1.701614
1.648925
1.6493
1.647425
1.64555
1.624362
1.625862
1.625862
1.71399
1.703302
1.646113
1.64705
1.6493
1.649488
1.651925
1.657363
1.677989
1.677989
1.71399
1.689052
1.652863
1.64855
1.6478
1.644425
1.631112
1.6298
1.71849
1.71849
1.714927
1.648175
1.64405
1.648175
1.649675
1.658301
1.669738
1.702739
1.763304
1.763304
1.668988
1.650425
1.648925
1.648738
1.648175
1.6268
1.629237
1.71024
1.71024
1.715302
1.64855
1.646863
1.649113
1.649113
1.659613
1.654926
1.708552
1.718865
1.718865
1.682864
1.6538
1.649488
1.647425
1.645175
1.625487
1.630175
1.685676
1.710802
1.710802
1.646675
1.645925
1.647613
1.649488
1.658301
1.664301
1.680801
1.70649
1.693552
1.693552
1.651175
1.650238
1.647238
1.647238
1.624362
1.6283
1.71624
1.758991
1.661488
1.661488
1.647425
1.647425
1.646863
1.656988
1.675364
1.720178
1.762179
1.696739
1.696739
1.650613
1.649488
1.647988
1.647238
1.62755
1.626987
1.73649
1.726928
1.664676
1.664676
1.646863
1.647613
1.65005
1.652113
1.661301
1.711552
1.747178
1.713427
1.651363
1.651363
1.647425
1.645738
1.646863
1.628487
1.6268
1.732928
1.724678
1.661863
1.646488
1.646488
1.648925
1.651925
1.649863
1.658488
1.718865
1.774554
1.733115
1.650613
1.649113
1.649113
1.649675
1.64705
1.624737
1.627737
1.706302
1.744553
1.677801
1.647238
1.647238
1.65005
1.650425
1.65305
1.6508
1.673489
1.755804
1.701052
1.654176
1.65005
1.65005
1.648738
1.647238
1.626987
1.6268
1.681176
1.725053
1.661863
1.648363
1.646113
1.646113
1.648738
1.653613
1.662801
1.671426
1.752428
1.735178
1.650613
1.648363
1.649113
1.649113
1.647425
1.631112
1.6253
1.700677
1.755991
1.690552
1.647613
1.648175
1.647988
1.647988
1.653238
1.671239
1.670301
1.783179
1.755429
1.648363
1.650425
1.649113
1.6478
1.6478
1.6328
1.621924
1.714177
1.760866
1.686427
1.644425
1.646675
1.647238
1.647238
1.651925
1.668988
1.669926
1.777742
1.773804
1.65005
1.648925
1.651175
1.647613
1.647613
1.632987
1.630175
1.669738
1.686427
1.671614
1.6478
1.6493
1.650238
1.652113
1.652113
1.650425
1.655676
1.771179
1.739678
1.653613
1.650613
1.649863
1.64555
1.631675
1.631675
1.626612
1.720927
1.744178
1.71099
1.645925
1.647238
1.650238
1.65155
1.678176
1.678176
1.673301
1.749428
1.729928
1.653425
1.654551
1.645363
1.646488
1.634112
1.634112
1.63355
1.715677
1.738366
1.676301
1.645363
1.648175
1.648738
1.652488
1.671801
1.671801
1.666176
1.757491
1.766491
1.657363
1.653613
1.651175
1.645738
1.631675
1.6328
1.6328
1.674051
1.753928
1.693177
1.646488
1.64855
1.650613
1.650988
1.663551
1.672551
1.672551
1.747178
1.729553
1.655676
1.651175
1.652113
1.6463
1.637112
1.628112
1.675176
1.675176
1.72149
1.702739
1.646863
1.647988
1.649863
1.649488
1.669551
1.671801
1.783742
1.783742
1.791617
1.673676
1.649675
1.649488
1.650988
1.6403
1.631675
1.72374
1.72374
1.805868
1.753179
1.646675
1.649488
1.649863
1.651738
1.669738
1.668801
1.792555
1.792555
1.813368
1.687551
1.651925
1.65005
1.645925
1.637675
1.633925
1.701614
1.806993
1.806993
1.763679
1.645175
1.646863
1.651738
1.652863
1.672926
1.677614
1.817868
1.753179
1.753179
1.669176
1.653613
1.649488
1.648363
1.635987
1.629987
1.646863
1.779804
1.738553
1.738553
1.646488
1.647425
1.6493
1.6508
1.661113
1.667863
1.72149
1.773242
1.773242
1.699739
1.653613
1.648363
1.648363
1.640112
1.625675
1.642363
1.749803
1.708365
1.708365
1.6448
1.646675
1.650988
1.650425
1.659426
1.664488
1.746991
1.762741
1.678739
1.678739
1.653425
1.650988
1.64855
1.638425
1.624549
1.637675
1.737615
1.646488
1.64855
1.64855
1.649675
1.65155
1.660363
1.665051
1.704427
1.744178
1.692614
1.653988
1.6508
1.6508
1.648738
1.641613
1.626237
1.634675
1.720927
1.725615
1.646863
1.647613
1.647988
1.647988
1.650613
1.668988
1.671239
1.722615
1.755616
1.675926
1.652863
1.652488
1.650425
1.650425
1.64405
1.624737
1.633737
1.724115
1.738741
1.649863
1.649488
1.647425
1.647613
1.647613
1.669363
1.680239
1.734053
1.735365
1.679301
1.651175
1.650425
1.648925
1.648925
1.649113
1.6298
1.629612
1.723553
1.747553
1.650613
1.649113
1.649675
1.650238
1.650238
1.655676
1.665426
1.73049
1.764804
1.699177
1.653988
1.648175
1.64705
1.647613
1.647613
1.629612
1.634112
1.758429
1.742303
1.6493
1.648175
1.650613
1.652675
1.656801
1.656801
1.656801
1.719052
1.785804
1.71324
1.655488
1.649675
1.647425
1.647238
1.630925
1.630925
1.635612
1.722803
1.697489
1.647988
1.6493
1.649488
1.652675
1.658863
1.658863
1.662426
1.701052
1.726928
1.681739
1.653988
1.651925
1.647613
1.64555
1.62605
1.62605
1.63205
1.707615
1.743241
1.652863
1.647425
1.649488
1.649675
1.655301
1.668238
1.668238
1.696927
1.774554
1.717177
1.653238
1.652113
1.648925
1.646488
1.627175
1.631487
1.631487
1.703302
1.711177
1.653988
1.644238
1.6493
1.649488
1.658113
1.676864
1.704802
1.704802
1.765366
1.720365
1.6508
1.651738
1.651738
1.648175
1.625862
1.63055
1.717927
1.717927
1.761429
1.669176
1.648738
1.648363
1.650238
1.656801
1.672176
1.701427
1.701427
1.770429
1.726928
1.65155
1.6508
1.649488
1.650425
1.623237
1.63205
1.746241
1.746241
1.758241
1.671988
1.648925
1.6508
1.6508
1.655863
1.671239
1.706302
1.781117
1.781117
1.757116
1.653238
1.651175
1.649675
1.647238
1.629612
1.636925
1.771742
1.809805
1.809805
1.692989
1.646863
1.647613
1.650238
1.659426
1.679114
1.718302
1.788805
1.786367
1.786367
1.651363
1.650988
1.6523
1.649113
1.6298
1.632987
1.766491
1.800055
1.800055
1.698239
1.649863
1.648925
1.650425
1.654363
1.671801
1.698802
1.840181
1.774554
1.774554
1.653613
1.651925
1.648175
1.647988
1.636362
1.6373
1.697302
1.749616
1.676864
1.676864
1.648363
1.649675
1.652675
1.654738
1.677614
1.680614
1.754304
1.768929
1.655863
1.655863
1.652488
1.648925
1.64855
1.630175
1.6328
1.72299
1.743053
1.695989
1.645738
1.645738
1.648175
1.651925
1.654363
1.669176
1.666176
1.746991
1.742491
1.6523
1.6523
1.650988
1.650988
1.649488
1.632987
1.626237
1.686989
1.744553
1.715115
1.648175
1.648175
1.650238
1.649863
1.652113
1.675364
1.672364
1.743991
1.71099
1.652675
1.652488
1.652488
1.6508
1.650988
1.6388
1.630175
1.680614
1.713615
1.680239
1.648175
1.651738
1.651738
1.650238
1.651175
1.664676
1.668801
1.804368
1.785992
1.655676
1.652675
1.649113
1.649113
1.646863
1.637675
1.635425
1.692239
1.719052
1.699177
1.646113
1.650425
1.652113
1.652113
1.6538
1.664113
1.669363
1.772679
1.791992
1.659988
1.653613
1.651738
1.651738
1.649113
1.636362
1.628675
1.697114
1.717365
1.694489
1.646488
1.647613
1.6508
1.6508
1.653988
1.677801
1.670114
1.754679
1.746428
1.662801
1.652113
1.652113
1.650238
1.650238
1.635425
1.629425
1.667863
1.768554
1.744178
1.650238
1.649488
1.649863
1.650425
1.650425
1.669738
1.673676
1.751491
1.769116
1.670676
1.6493
1.650425
1.649488
1.641988
1.641988
1.628487
1.653613
1.738928
1.726928
1.650988
1.65005
1.650613
1.6523
1.6523
1.657551
1.659426
1.758429
1.745116
1.669738
1.653613
1.648925
1.649863
1.639175
1.639175
1.626612
1.656051
1.745116
1.710427
1.64705
1.648175
1.648925
1.653988
1.663926
1.663926
1.674426
1.768742
1.757491
1.673301
1.655676
1.651363
1.65005
1.639738
1.625112
1.625112
1.662801
1.775117
1.720178
1.649113
1.651175
1.649863
1.651175
1.663363
1.671426
1.671426
1.746053
1.785617
1.681176
1.651925
1.651363
1.648925
1.641613
1.624925
1.624925
1.6403
1.729178
1.718115
1.651363
1.650238
1.65305
1.651925
1.668238
1.676489
1.676489
1.715302
1.715677
1.682114
1.653238
1.651175
1.65155
1.641613
1.629612
1.642175
1.642175
1.732553
1.735365
1.647988
1.648925
1.650613
1.648363
1.659426
1.671239
1.767054
1.767054
1.777554
1.696364
1.6538
1.649113
1.649113
1.643675
1.6283
1.633362
1.734241
1.734241
1.754866
1.645175
1.648738
1.650425
1.654176
1.658113
1.657551
1.73649
1.777367
1.777367
1.704052
1.652863
1.652113
1.64855
1.646113
1.6298
1.641425
1.750178
1.750178
1.744741
1.645363
1.648738
1.650238
1.652863
1.657176
1.664113
1.723553
1.759366
1.759366
1.685676
1.656051
1.652863
1.64855
1.645925
1.626425
1.632237
1.741741
1.72224
1.72224
1.647613
1.646863
1.650613
1.651925
1.662801
1.669176
1.738928
1.791055
1.719427
1.719427
1.654176
1.652863
1.649488
1.643488
1.624175
1.633925
1.762554
1.72224
1.648925
1.648925
1.646675
1.650613
1.6523
1.663176
1.677051
1.733865
1.745116
1.698802
1.698802
1.652863
1.652488
1.6493
1.646863
1.6223
1.636925
1.737053
1.734428
1.648738
1.648738
1.648175
1.652675
1.651925
1.656051
1.659051
1.71099
1.72599
1.695802
1.653238
1.653238
1.650988
1.647988
1.645738
1.628112
1.63955
1.783742
1.772867
1.654363
1.646488
1.646488
1.6508
1.65305
1.656426
1.665988
1.704615
1.769679
1.695614
1.655863
1.6508
1.6508
1.6478
1.647613
1.632237
1.634487
1.745491
1.745491
1.656238
1.6478
1.6508
1.6508
1.653425
1.656426
1.675926
1.70499
1.740241
1.731615
1.653238
1.650988
1.650988
1.648363
1.647613
1.628862
1.631487
1.719427
1.705364
1.658676
1.64855
1.650425
1.650425
1.653425
1.655113
1.663551
1.697114
1.758429
1.761429
1.652863
1.6523
1.649675
1.649675
1.646863
1.625862
1.630175
1.739303
1.73649
1.669363
1.6478
1.650238
1.65155
1.65155
1.656426
1.671051
1.686802
1.759179
1.730303
1.650988
1.652675
1.650988
1.649488
1.649488
1.63205
1.630362
1.695614
1.755241
1.667113
1.6493
1.65005
1.6493
1.6493
1.654176
1.668988
1.687927
1.740991
1.72299
1.654363
1.649675
1.650238
1.649488
1.649488
1.634862
1.6283
1.674426
1.736866
1.678926
1.64705
1.649863
1.653238
1.653238
1.653238
1.656613
1.681176
1.760679
1.771179
1.654926
1.650613
1.647425
1.649113
1.633362
1.633362
1.632237
1.757304
1.81393
1.720927
1.648175
1.648925
1.652488
1.654363
1.658863
1.658863
1.675364
1.749803
1.734803
1.654551
1.651925
1.649113
1.647988
1.63055
1.63055
1.62755
1.704052
1.72299
1.671988
1.647238
1.650425
1.650425
1.6538
1.670676
1.670676
1.675176
1.785054
1.798367
1.656426
1.65305
1.649113
1.647613
1.6328
1.62905
1.62905
1.664113
1.753553
1.70799
1.6463
1.651363
1.651925
1.651363
1.678926
1.670114
1.670114
1.815805
1.744928
1.65305
1.654738
1.651925
1.646113
1.63355
1.630175
1.736866
1.736866
1.751866
1.686614
1.647238
1.650613
1.653988
1.667488
1.663363
1.747741
1.759366
1.655301
1.655301
1.6538
1.649675
1.648175
1.636175
1.631862
1.694302
1.754491
1.705927
1.705927
1.64705
1.648363
1.651738
1.653613
1.675739
1.672739
1.776992
1.763866
1.659051
1.659051
1.6508
1.651925
1.65155
1.6358
1.634862
1.699177
1.770242
1.716802
1.650613
1.650613
1.651363
1.650613
1.650613
1.667488
1.668988
1.799305
1.768742
1.668613
1.651738
1.651738
1.652113
1.64855
1.640863
1.626612
1.675176
1.753179
1.695614
1.6493
1.647613
1.647613
1.652675
1.653238
1.662238
1.666926
1.742678
1.777179
1.679489
1.653613
1.653613
1.648738
1.647425
1.636362
1.630925
1.696552
1.778679
1.731428
1.647238
1.648175
1.648175
1.652675
1.654176
1.678739
1.681926
1.817118
1.815805
1.677614
1.6538
1.65305
1.65305
1.650238
1.639175
1.63055
1.681926
1.753741
1.743053
1.649113
1.652113
1.653238
1.653238
1.652113
1.663363
1.672551
1.774554
1.767804
1.688302
1.652113
1.649863
1.64855
1.64855
1.638613
1.631112
1.681364
1.778117
1.748303
1.645925
1.647613
1.649675
1.649675
1.6538
1.672926
1.674239
1.772492
1.783554
1.691677
1.650425
1.65155
1.651175
1.651175
1.6448
1.63055
1.668426
1.760116
1.722053
1.65005
1.650425
1.65155
1.652113
1.652113
1.664488
1.668426
1.760116
1.777554
1.694489
1.655301
1.651175
1.649675
1.641613
1.641613
1.623987
1.670114
1.800805
1.739678
1.649113
1.64855
1.650238
1.651175
1.667863
1.667863
1.677426
1.760491
1.783554
1.696552
1.653425
1.6493
1.649863
1.647613
1.647613
1.631487
1.6463
1.752616
1.742303
1.647425
1.6508
1.65155
1.653425
1.667488
1.667488
1.675551
1.772117
1.824806
1.71024
1.653238
1.6508
1.647988
1.64255
1.624925
1.624925
1.646863
1.786367
1.786367
1.648738
1.6493
1.650988
1.65305
1.665801
1.679489
1.679489
1.734615
1.796867
1.724303
1.654551
1.651738
1.648738
1.644988
1.625675
1.631112
1.631112
1.716615
1.774179
1.646863
1.649863
1.652488
1.652113
1.655301
1.656426
1.722803
1.722803
1.737428
1.702177
1.650988
1.649488
1.65005
1.647613
1.6313
1.63805
1.63805
1.814118
1.775867
1.652675
1.651925
1.6523
1.652675
1.666176
1.672176
1.776242
1.776242
1.862307
1.766117
1.652488
1.651363
1.6493
1.6493
1.63505
1.632987
1.800617
1.800617
1.774742
1.657926
1.6478
1.653425
1.655113
1.662426
1.682676
1.772304
1.824056
1.824056
1.749053
1.6538
1.65155
1.649863
1.646863
1.6313
1.637675
1.821431
1.831556
1.831556
1.665988
1.649675
1.65305
1.652675
1.664863
1.680051
1.755991
1.828743
1.828743
1.766679
1.655113
1.651738
1.6508
1.64855
1.625862
1.632425
1.830243
1.817118
1.817118
1.672926
1.650238
1.649863
1.653988
1.663926
1.680051
1.755991
1.838681
1.784679
1.784679
1.651175
1.65305
1.651363
1.648925
1.631487
1.636175
1.790117
1.797242
1.689614
1.689614
1.649675
1.650613
1.65305
1.656051
1.676114
1.746991
1.837931
1.774929
1.652863
1.652863
1.652488
1.649675
1.645925
1.632425
1.63805
1.773242
1.823681
1.695052
1.695052
1.647425
1.6523
1.65305
1.658301
1.665051
1.680989
1.766117
1.737053
1.653613
1.653613
1.65305
1.6478
1.649113
1.628487
1.636362
1.699364
1.702927
1.668988
1.648738
1.648738
1.650425
1.653613
1.654176
1.681739
1.71924
1.800242
1.794242
1.656801
1.65305
1.65305
1.650425
1.646675
1.6298
1.629425
1.699927
1.728615
1.676114
1.64705
1.648925
1.648925
1.653238
1.657363
1.674426
1.678364
1.782992
1.745116
1.6523
1.6508
1.6508
1.650613
1.6508
1.63355
1.631487
1.699552
1.740803
1.691864
1.65005
1.6523
1.6523
1.652863
1.654551
1.650988
1.659988
1.700864
1.702552
1.654926
1.652675
1.651363
1.651363
1.651363
1.640488
1.626987
1.642738
1.683801
1.672176
1.648175
1.651363
1.654738
1.654738
1.654363
1.641613
1.656613
1.70349
1.683051
1.655488
1.653988
1.647988
1.645363
1.645363
1.6388
1.630175
1.646863
1.696552
1.675926
1.6463
1.649113
1.649113
1.649113
1.652488
1.656051
1.662426
1.703864
1.697489
1.657551
1.64855
1.650425
1.648738
1.648738
1.637487
1.63805
1.636925
1.671051
1.662613
1.648363
1.649113
1.654926
1.653238
1.653238
1.64405
1.657926
1.693552
1.745116
1.656426
1.655676
1.648175
1.648175
1.638988
1.638988
1.62905
1.653425
1.656801
1.651363
1.6493
1.64855
1.651738
1.653988
1.664863
1.664863
1.671614
1.746991
1.762179
1.655676
1.654363
1.650613
1.650988
1.637487
1.630925
1.630925
1.672739
1.72374
1.684551
1.65005
1.652675
1.651738
1.652488
1.662051
1.662051
1.664488
1.71774
1.727115
1.664488
1.652488
1.652675
1.649863
1.64255
1.630925
1.630925
1.641237
1.690177
1.702177
1.6493
1.650238
1.652113
1.653613
1.657363
1.659988
1.659988
1.749803
1.759929
1.677051
1.653613
1.652675
1.648175
1.638238
1.629425
1.644425
1.644425
1.702739
1.677614
1.649863
1.65005
1.652675
1.651363
1.645925
1.655488
1.714927
1.714927
1.705739
1.667488
1.654926
1.650613
1.649113
1.63805
1.6298
1.658863
1.658863
1.731615
1.691114
1.64705
1.65005
1.649675
1.6508
1.649863
1.664488
1.715677
1.715677
1.758241
1.682489
1.651925
1.650425
1.65005
1.645738
1.630737
1.641613
1.732365
1.732365
1.681739
1.6478
1.648738
1.652675
1.652863
1.659426
1.668801
1.735928
1.745866
1.745866
1.692052
1.654926
1.653613
1.65005
1.643675
1.627737
1.637112
1.707802
1.713427
1.713427
1.64705
1.651738
1.651738
1.653238
1.660551
1.659613
1.693927
1.720927
1.720927
1.682864
1.653238
1.651738
1.651925
1.644988
1.625112
1.630737
1.750741
1.726178
1.726178
1.650238
1.65005
1.651738
1.651175
1.6523
1.658676
1.694677
1.734241
1.696739
1.696739
1.656426
1.651925
1.6508
1.648363
1.6343
1.634675
1.683239
1.701614
1.649488
1.649488
1.649863
1.650988
1.6508
1.660176
1.671426
1.727115
1.758054
1.699364
1.651175
1.651175
1.6508
1.651925
1.6478
1.624925
1.630175
1.716052
1.678739
1.6478
1.64855
1.64855
1.65005
1.6538
1.657926
1.662426
1.678739
1.764804
1.70349
1.654738
1.654738
1.652488
1.65155
1.651363
1.625862
1.629237
1.752616
1.743241
1.651175
1.648363
1.648363
1.651175
1.651363
1.6523
1.673114
1.72824
1.751866
1.689427
1.653425
1.651363
1.651363
1.649488
1.648738
1.629612
1.633362
1.679864
1.71249
1.650988
1.6478
1.649488
1.649488
1.650988
1.652675
1.669363
1.708927
1.777554
1.709302
1.650425
1.65155
1.650988
1.650988
1.6508
1.626612
1.6298
1.73574
1.695239
1.656238
1.64855
1.6493
1.6493
1.651925
1.653238
1.650238
1.689239
1.749053
1.682301
1.654176
1.653988
1.65155
1.65155
1.64855
1.629987
1.6298
1.705364
1.715677
1.660176
1.647238
1.648925
1.64855
1.64855
1.664113
1.676301
1.706865
1.740991
1.702177
1.653988
1.650238
1.647988
1.651925
1.651925
1.63505
1.630737
1.701802
1.729928
1.664301
1.649488
1.652113
1.6523
1.654176
1.654176
1.680989
1.783929
1.747366
1.653988
1.650988
1.649863
1.646863
1.62905
1.635237
1.635237
1.728053
1.756366
1.667863
1.646675
1.6508
1.651175
1.656988
1.678551
1.702739
1.702739
1.79893
1.744741
1.653613
1.652488
1.652675
1.648925
1.6313
1.627925
1.693927
1.693927
1.735365
1.662426
1.649113
1.648175
1.652113
1.655488
1.669551
1.686802
1.789555
1.789555
1.724115
1.65305
1.652488
1.65155
1.6508
1.63055
1.62605
1.704052
1.704052
1.753741
1.702177
1.649113
1.650613
1.649113
1.654551
1.668051
1.677426
1.784117
1.784117
1.71999
1.650238
1.651925
1.650988
1.6493
1.634675
1.627737
1.71849
1.746053
1.746053
1.675176
1.648363
1.647425
1.65005
1.655488
1.668988
1.674239
1.787304
1.765554
1.765554
1.651363
1.652863
1.651363
1.648925
1.635425
1.626612
1.665051
1.730865
1.664301
1.664301
1.64855
1.650238
1.6508
1.649863
1.665051
1.673676
1.742491
1.776617
1.776617
1.653613
1.649863
1.649675
1.650425
1.637112
1.633925
1.690739
1.732553
1.686614
1.686614
1.646863
1.65005
1.651363
1.65305
1.666363
1.669363
1.72299
1.721303
1.6538
1.6538
1.652113
1.651738
1.647613
1.632237
1.6283
1.686427
1.730303
1.686989
1.6478
1.6478
1.647988
1.648738
1.6523
1.669738
1.671988
1.758991
1.751678
1.652675
1.652113
1.652113
1.6508
1.649488
1.6388
1.631675
1.677989
1.743991
1.683614
1.648363
1.648363
1.650988
1.652675
1.652863
1.661301
1.658863
1.779242
1.761991
1.659988
1.65305
1.65305
1.650238
1.64855
1.633175
1.629612
1.679114
1.730678
1.694864
1.647988
1.64855
1.64855
1.6493
1.65155
1.666363
1.657363
1.718302
1.735178
1.660926
1.651363
1.651175
1.651175
1.6493
1.642925
1.631862
1.656051
1.72674
1.72224
1.649488
1.650613
1.651175
1.651175
1.65005
1.658488
1.673114
1.761991
1.767617
1.676489
1.650988
1.650613
1.650613
1.650613
1.63955
1.630362
1.667113
1.683426
1.679864
1.64705
1.651175
1.651738
1.651738
1.6538
1.657551
1.670488
1.732928
1.758429
1.681176
1.6523
1.650238
1.648738
1.648738
1.6373
1.630925
1.661301
1.752803
1.710615
1.649488
1.648363
1.648925
1.653238
1.653238
1.659238
1.664113
1.72899
1.744178
1.673301
1.65305
1.6493
1.648925
1.642175
1.642175
1.629612
1.6403
1.73124
1.719615
1.64705
1.646675
1.65005
1.65305
1.65305
1.663363
1.665238
1.738366
1.754304
1.681739
1.654926
1.650613
1.650238
1.64855
1.64855
1.6283
1.6328
1.676114
1.682676
1.646863
1.649863
1.650425
1.6538
1.655488
1.655488
1.660176
1.699927
1.729365
1.688114
1.656051
1.652113
1.649113
1.641425
1.6268
1.6268
1.6388
1.749803
1.721115
1.648925
1.6493
1.649675
1.650613
1.649675
1.650988
1.650988
1.71474
1.749616
1.700302
1.6538
1.651738
1.647425
1.644425
1.6283
1.632425
1.632425
1.716802
1.71849
1.648738
1.64705
1.650425
1.651363
1.660363
1.674801
1.674801
1.724865
1.749241
1.692239
1.65005
1.651925
1.649488
1.646863
1.626237
1.630175
1.630175
1.671239
1.711177
1.647425
1.65005
1.652113
1.6523
1.653425
1.664863
1.684926
1.684926
1.701802
1.692052
1.6538
1.651925
1.649675
1.644988
1.622487
1.627925
1.747553
1.747553
1.73799
1.651925
1.648175
1.650988
1.65155
1.648363
1.654926
1.72524
1.720927
1.720927
1.696739
1.653425
1.65005
1.6478
1.647988
1.627737
1.636737
1.71249
1.71249
1.688114
1.650238
1.648175
1.649675
1.653425
1.659613
1.664676
1.718302
1.765179
1.765179
1.693739
1.652675
1.65155
1.650613
1.648738
1.624175
1.632237
1.720178
1.702552
1.702552
1.650988
1.649488
1.652488
1.653988
1.657176
1.654176
1.661863
1.748491
1.720178
1.720178
1.655113
1.65305
1.651363
1.648175
1.62605
1.6313
1.719427
1.740428
1.660176
1.660176
1.64555
1.649488
1.652675
1.657926
1.671801
1.720552
1.771742
1.717552
1.717552
1.655488
1.651738
1.650613
1.6508
1.6313
1.626425
1.670676
1.729365
1.671426
1.671426
1.6493
1.650613
1.650613
1.652488
1.666363
1.694302
1.72749
1.754679
1.651925
1.651925
1.649863
1.651363
1.648738
1.629612
1.6268
1.71024
1.70799
1.684926
1.6493
1.6493
1.649675
1.649863
1.658301
1.671426
1.705552
1.771742
1.751116
1.653238
1.651175
1.651175
1.650613
1.647988
1.632425
1.631675
1.72299
1.72974
1.672926
1.649488
1.650425
1.650425
1.650988
1.651925
1.662613
1.707427
1.773992
1.726928
1.653988
1.649863
1.649863
1.650238
1.650238
1.6328
1.627362
1.679301
1.738178
1.660176
1.6463
1.6508
1.6508
1.649113
1.655676
1.664113
1.659801
1.702927
1.750178
1.652863
1.65305
1.651175
1.651175
1.648738
1.632425
1.631487
1.686802
1.726365
1.681364
1.650988
1.651175
1.652488
1.652488
1.653988
1.662613
1.660551
1.71024
1.745491
1.65155
1.654176
1.650988
1.649863
1.649863
1.634487
1.626987
1.656238
1.676864
1.692239
1.650425
1.650988
1.6508
1.6508
1.649863
1.663176
1.675364
1.782242
1.741178
1.6538
1.650613
1.649113
1.649113
1.649113
1.637862
1.632987
1.690177
1.71474
1.667488
1.646675
1.648175
1.651925
1.654738
1.654738
1.654176
1.664863
1.762741
1.686989
1.653238
1.65005
1.650988
1.650425
1.636925
1.636925
1.627925
1.682676
1.726178
1.696927
1.649488
1.648363
1.649488
1.6508
1.669176
1.669176
1.671426
1.773804
1.744553
1.655863
1.653238
1.648925
1.651175
1.64105
1.64105
1.634487
1.670488
1.754679
1.669363
1.646675
1.651738
1.649863
1.652488
1.660926
1.660926
1.659613
1.771742
1.760491
1.663363
1.653238
1.651175
1.6463
1.637862
1.631862
1.631862
1.693364
1.760679
1.705177
1.645175
1.650238
1.652113
1.653613
1.671614
1.670488
1.670488
1.720178
1.711552
1.656238
1.652675
1.652675
1.649488
1.635612
1.630175
1.679676
1.679676
1.749803
1.710052
1.648175
1.647988
1.651363
1.65305
1.664301
1.670488
1.670488
1.784492
1.764429
1.663738
1.654551
1.651925
1.6523
1.639738
1.62755
1.6418
1.6418
1.695052
1.689239
1.649863
1.649675
1.652675
1.6523
1.648363
1.658863
1.740991
1.740991
1.740428
1.663926
1.654738
1.65155
1.648925
1.639363
1.630737
1.656801
1.751491
1.751491
1.72824
1.647238
1.6478
1.65155
1.654551
1.657176
1.661301
1.73799
1.747741
1.747741
1.661488
1.651925
1.651738
1.650988
1.64255
1.635237
1.6448
1.728053
1.728053
1.710052
1.650988
1.65005
1.65155
1.652113
1.660363
1.656238
1.734241
1.754491
1.754491
1.688676
1.654176
1.650238
1.648738
1.638238
1.624175
1.634675
1.684926
1.717177
1.717177
1.649675
1.649675
1.6508
1.652488
1.662426
1.676114
1.730303
1.775679
1.688114
1.688114
1.650613
1.65155
1.650613
1.646863
1.626237
1.63955
1.733678
1.71624
1.646863
1.646863
1.649113
1.65305
1.65155
1.65305
1.666363
1.680426
1.741553
1.697302
1.697302
1.655301
1.654363
1.650988
1.645363
1.628112
1.627362
1.699552
1.688302
1.649488
1.649488
1.650238
1.652113
1.65155
1.652488
1.664863
1.732553
1.750928
1.686802
1.65305
1.649113
1.649113
1.643113
1.629612
1.638613
1.743991
1.689801
1.649675
1.648363
1.650425
1.652675
1.652675
1.6493
1.659426
1.705552
1.703302
1.670301
1.653613
1.650613
1.650988
1.648363
1.648363
1.62905
1.633175
1.733115
1.727865
1.6508
1.649488
1.65155
1.6523
1.655488
1.655488
1.662613
1.71399
1.721115
1.694114
1.656238
1.652675
1.651363
1.646863
1.646863
1.630925
1.636175
1.738741
1.711552
1.651175
1.648363
1.649113
1.651175
1.652675
1.652675
1.666738
1.714552
1.759741
1.703864
1.654738
1.650238
1.647425
1.649863
1.632237
1.632237
1.636362
1.720365
1.699927
1.6493
1.646675
1.649488
1.65155
1.658863
1.669363
1.669363
1.681176
1.72974
1.704239
1.653988
1.651925
1.65005
1.649488
1.630175
1.632987
1.632987
1.696364
1.727115
1.658301
1.65005
1.650238
1.649863
1.654363
1.656613
1.656613
1.701052
1.762554
1.71774
1.655488
1.650988
1.650613
1.646863
1.631675
1.631675
1.631675
1.686051
1.710052
1.659613
1.647613
1.648175
1.649488
1.651925
1.668988
1.684364
1.684364
1.766491
1.730303
1.650613
1.649675
1.651925
1.648925
1.628862
1.627925
1.70499
1.70499
1.720927
1.665051
1.649675
1.65155
1.65305
1.6523
1.652488
1.683614
1.740616
1.740616
1.701614
1.654926
1.653613
1.653988
1.649675
1.626237
1.62755
1.716052
1.716052
1.734053
1.673114
1.6478
1.648925
1.649488
1.654176
1.670864
1.696927
1.750366
1.750366
1.735553
1.652488
1.6508
1.6493
1.65005
1.63355
1.63355
1.691302
1.733678
1.733678
1.673864
1.648175
1.649488
1.652675
1.655113
1.662613
1.675739
1.755241
1.739491
1.739491
1.654926
1.651738
1.650425
1.6478
1.631487
1.62305
1.701614
1.73274
1.678926
1.678926
1.647238
1.648925
1.648925
1.652675
1.665613
1.671239
1.747741
1.73649
1.652488
1.652488
1.6493
1.64705
1.648738
1.633737
1.6358
1.665051
1.710615
1.682864
1.682864
1.64705
1.649488
1.651363
1.65155
1.661488
1.666738
1.764241
1.739116
1.654176
1.654176
1.654551
1.650238
1.6493
1.633175
1.625112
1.699177
1.678364
1.663738
1.64855
1.64855
1.6508
1.6493
1.649488
1.652863
1.656988
1.771742
1.742303
1.65305
1.649488
1.649488
1.6478
1.648925
1.637862
1.632612
1.687927
1.734241
1.688302
1.645363
1.6493
1.6493
1.650988
1.651738
1.659988
1.665801
1.736678
1.737615
1.653238
1.649675
1.649675
1.65005
1.647238
1.6373
1.629237
1.652113
1.700114
1.683614
1.64855
1.649488
1.649488
1.648175
1.650425
1.670864
1.671426
1.772304
1.738178
1.65305
1.650425
1.64705
1.64705
1.646113
1.637112
1.632425
1.668613
1.690552
1.665426
1.644425
1.647988
1.649488
1.649488
1.651925
1.647425
1.663551
1.721865
1.70499
1.653425
1.648175
1.650613
1.648175
1.648175
1.6358
1.627737
1.666738
1.736115
1.689052
1.646488
1.649488
1.650425
1.650425
1.6508
1.64405
1.65155
1.749053
1.704239
1.656426
1.652113
1.65155
1.647425
1.647425
1.636362
1.627925
1.646113
1.725428
1.671239
1.647988
1.6478
1.649675
1.6508
1.6508
1.654738
1.655676
1.73649
1.754116
1.670114
1.651363
1.647988
1.647425
1.637112
1.637112
1.62155
1.640112
1.708365
1.708552
1.651175
1.649488
1.6493
1.649863
1.65155
1.65155
1.669176
1.70649
1.710052
1.670301
1.650613
1.646488
1.645925
1.641613
1.625862
1.625862
1.646675
1.751866
1.707615
1.643675
1.648738
1.650238
1.651363
1.661301
1.661301
1.662988
1.706302
1.702927
1.676301
1.651363
1.6508
1.64705
1.645925
1.636925
1.636925
1.6328
1.730678
1.667676
1.647425
1.64855
1.649675
1.651175
1.658113
1.661113
1.661113
1.721865
1.756179
1.684364
1.652675
1.650988
1.645738
1.641613
1.628487
1.631112
1.631112
1.705927
1.685864
1.649113
1.648175
1.650988
1.65005
1.648175
1.648363
1.719802
1.719802
1.73724
1.666176
1.651738
1.650425
1.648925
1.639363
1.625487
1.6328
1.6328
1.748116
1.716427
1.646675
1.64405
1.64705
1.652675
1.659988
1.667676
1.722615
1.722615
1.735178
1.683614
1.649675
1.64855
1.647425
1.645925
1.6253
1.635237
1.698802
1.698802
1.73274
1.646488
1.6478
1.65005
1.651925
1.649863
1.659988
1.719052
1.705927
1.705927
1.696177
1.652488
1.650988
1.64855
1.645925
1.62305
1.624362
1.684926
1.680426
1.680426
1.647238
1.647425
1.648925
1.6478
1.656801
1.669551
1.70949
1.742491
1.742491
1.690927
1.651363
1.648363
1.644988
1.645925
1.626987
1.630175
1.719052
1.683426
1.683426
1.64555
1.6463
1.649675
1.650613
1.6523
1.653238
1.697864
1.736303
1.669926
1.669926
1.648738
1.650425
1.649113
1.646488
1.621924
1.629612
1.726928
1.728053
1.651738
1.651738
1.647238
1.650238
1.649113
1.651925
1.65005
1.676301
1.749616
1.679676
1.651738
1.651738
1.652113
1.65005
1.646863
1.627737
1.636175
1.687364
1.727865
1.650238
1.647613
1.647613
1.649675
1.6508
1.649113
1.653613
1.704239
1.756554
1.696927
1.652113
1.652113
1.649113
1.646113
1.643675
1.619862
1.627362
1.673676
1.732365
1.660363
1.64555
1.64555
1.6463
1.648363
1.651363
1.665988
1.698614
1.717552
1.71924
1.649675
1.649863
1.649863
1.646113
1.646863
1.626237
1.626612
1.720927
1.726365
1.658676
1.646488
1.647988
1.647988
1.649488
1.652863
1.661301
1.687551
1.71399
1.704427
1.649488
1.647613
1.647988
1.647988
1.646113
1.63055
1.631112
1.658113
1.696364
1.652863
1.644613
1.646488
1.646488
1.646863
1.654551
1.665801
1.684176
1.771742
1.740053
1.647988
1.6478
1.647988
1.647988
1.647613
1.6298
1.629425
1.700489
1.673864
1.654926
1.644425
1.646863
1.6493
1.6493
1.653425
1.647238
1.651175
1.772304
1.712677
1.65155
1.65005
1.647238
1.64705
1.64705
1.629425
1.6253
1.677801
1.716052
1.681926
1.644238
1.646113
1.645925
1.649863
1.649863
1.668426
1.675364
1.764241
1.710802
1.651738
1.645925
1.645175
1.6448
1.6448
1.633737
1.631675
1.676301
1.700114
1.680614
1.645363
1.644988
1.647613
1.649675
1.649675
1.657738
1.668613
1.81768
1.748866
1.647613
1.6478
1.646675
1.645738
1.633925
1.633925
1.622487
1.695614
1.739866
1.672926
1.644613
1.647613
1.649113
1.650988
1.647238
1.647238
1.662801
1.748678
1.695427
1.649113
1.64855
1.646488
1.64555
1.63505
1.627362
1.627362
1.667676
1.72524
1.667863
1.646113
1.648738
1.645925
1.648175
1.666363
1.670301
1.670301
1.776617
1.740803
1.649488
1.647613
1.646675
1.642738
1.636362
1.6268
1.6268
1.680239
1.70799
1.670114
1.644988
1.646113
1.648175
1.649488
1.662801
1.6538
1.6538
1.731428
1.750928
1.650425
1.647425
1.648175
1.646113
1.63055
1.62605
1.669363
1.669363
1.71249
1.678926
1.6463
1.648175
1.650238
1.6508
1.652488
1.659988
1.698239
1.698239
1.720365
1.656613
1.648363
1.647238
1.647613
1.633362
1.627175
1.63505
1.700677
1.700677
1.708927
1.6463
1.646863
1.647238
1.648175
1.649675
1.674239
1.758991
1.758991
1.744553
1.658676
1.64855
1.645175
1.633925
1.629612
1.648925
1.687364
1.697114
1.644613
1.644613
1.646113
1.647988
1.649675
1.650988
1.662426
1.689427
1.711365
1.666363
1.648175
1.648175
1.647425
1.645175
1.636175
1.6238
1.65305
1.718865
1.699364
1.646113
1.646113
1.647238
1.647613
1.6478
1.642363
1.653425
1.707052
1.687739
1.656238
1.65005
1.65005
1.649675
1.6448
1.638613
1.627925
1.6433
1.757866
1.667301
1.647613
1.645175
1.645175
1.646113
1.64705
1.660551
1.667488
1.73649
1.73724
1.674614
1.648738
1.645738
1.645738
1.643675
1.641613
1.629612
1.6403
1.716427
1.696364
1.641613
1.643488
1.6463
1.6463
1.649863
1.660738
1.659988
1.697489
1.723928
1.676114
1.648175
1.644988
1.644988
1.644988
1.638613
1.62155
1.639175
1.747366
1.705739
1.6463
1.646675
1.649113
1.649113
1.648363
1.653988
1.659801
1.698052
1.724678
1.696552
1.648175
1.648175
1.644613
1.644613
1.64255
1.6238
1.623425
1.699364
1.691677
1.646675
1.646675
1.647613
1.6478
1.6478
1.647425
1.656051
1.729928
1.759554
1.688864
1.647238
1.645363
1.6433
1.638238
1.638238
1.620987
1.630737
1.734615
1.703302
1.647425
1.644425
1.645738
1.6463
1.6463
1.6478
1.652113
1.696177
1.746053
1.677239
1.649113
1.644613
1.643863
1.643675
1.643675
1.623612
1.628675
1.759741
1.739491
1.643488
1.64405
1.646675
1.64855
1.654363
1.654363
1.659051
1.71849
1.753741
1.670864
1.647988
1.646863
1.643488
1.644988
1.620799
1.620799
1.625487
1.680239
1.726553
1.644238
1.646488
1.6478
1.649113
1.652113
1.659238
1.659238
1.699927
1.757491
1.691489
1.650613
1.648738
1.643488
1.6433
1.622112
1.622112
1.625112
1.712302
1.715115
1.650425
1.64555
1.6478
1.64705
1.646113
1.648925
1.648925
1.699364
1.694489
1.686802
1.648738
1.6463
1.646675
1.64255
1.626237
1.6283
1.6283
1.705739
1.757866
1.652488
1.646863
1.647988
1.648363
1.649863
1.651925
1.697302
1.697302
1.740428
1.703677
1.650238
1.64705
1.646488
1.642925
1.629612
1.628862
1.712865
1.712865
1.717365
1.651738
1.644988
1.64705
1.650238
1.649863
1.64255
1.663551
1.757116
1.757116
1.72974
1.649113
1.646113
1.6448
1.642175
1.619112
1.629425
1.73724
1.73724
1.71249
1.655488
1.64405
1.64405
1.64705
1.650613
1.660363
1.671614
1.720365
1.720365
1.706677
1.646113
1.645363
1.644613
1.644425
1.628487
1.621737
1.654363
1.729365
1.729365
1.675926
1.644988
1.64705
1.646113
1.648925
1.668613
1.684176
1.772492
1.739491
1.739491
1.646113
1.645925
1.646675
1.644238
1.629987
1.6268
1.681739
1.689052
1.675551
1.675551
1.643863
1.645738
1.648175
1.645738
1.6523
1.691489
1.79218
1.739491
1.739491
1.6478
1.644238
1.642738
1.643113
1.627362
1.629425
1.699177
1.735178
1.674239
1.674239
1.645738
1.646113
1.64855
1.649113
1.653988
1.661863
1.745678
1.700677
1.649675
1.649675
1.648175
1.646488
1.645363
1.631675
1.627175
1.683989
1.72524
1.668426
1.645363
1.645363
1.645925
1.644988
1.646675
1.666363
1.671801
1.767241
1.746053
1.648175
1.64555
1.64555
1.641425
1.641988
1.63055
1.62605
1.683426
1.725053
1.662051
1.64255
1.64255
1.643675
1.645363
1.648363
1.666176
1.657176
1.716802
1.73649
1.647988
1.64555
1.64555
1.6418
1.6433
1.63205
1.625112
1.688114
1.72824
1.676301
1.641988
1.645738
1.645738
1.647988
1.650238
1.658113
1.661488
1.72374
1.707427
1.644613
1.645175
1.645363
1.645363
1.644988
1.6358
1.629612
1.670676
1.689614
1.666176
1.640863
1.64405
1.648363
1.648363
1.648175
1.657926
1.659238
1.771179
1.742678
1.648925
1.6478
1.645363
1.642738
1.642738
1.6298
1.626612
1.670488
1.72374
1.663363
1.642925
1.646675
1.647988
1.647988
1.6478
1.648175
1.646675
1.713427
1.740991
1.654738
1.646488
1.645738
1.642925
1.642925
1.632237
1.620424
1.671051
1.751116
1.705739
1.645363
1.644238
1.644613
1.645175
1.645175
1.655488
1.666738
1.724303
1.755241
1.659613
1.647613
1.643113
1.642363
1.630925
1.630925
1.621737
1.653425
1.723553
1.695614
1.645925
1.64555
1.645925
1.645363
1.654738
1.654738
1.666926
1.740616
1.755054
1.661301
1.647425
1.641613
1.6418
1.63655
1.63655
1.627737
1.65005
1.696927
1.705177
1.643488
1.644425
1.643675
1.648363
1.651738
1.651738
1.662051
1.696927
1.712865
1.667301
1.644613
1.644613
1.643488
1.6358
1.624925
1.624925
1.644988
1.734241
1.705177
1.644238
1.64555
1.647988
1.647425
1.6523
1.659801
1.659801
1.744178
1.702552
1.662051
1.648738
1.646863
1.6433
1.6373
1.624549
1.6283
1.6283
1.717552
1.680801
1.643863
1.646488
1.647988
1.647613
1.656801
1.655113
1.719052
1.719052
1.781679
1.690739
1.64855
1.645363
1.643675
1.636925
1.618737
1.626237
1.626237
1.729365
1.691677
1.644425
1.644425
1.646113
1.6463
1.646113
1.648925
1.692052
1.692052
1.760116
1.687739
1.650613
1.644613
1.642175
1.638425
1.615174
1.625862
1.788055
1.788055
1.723553
1.6448
1.644613
1.644238
1.647238
1.656051
1.665051
1.716615
1.749803
1.749803
1.680051
1.64705
1.642175
1.642738
1.642175
1.6238
1.626425
1.688302
1.702552
1.702552
1.641613
1.643863
1.6448
1.647238
1.650988
1.656426
1.703302
1.743241
1.743241
1.701614
1.645925
1.64555
1.6448
1.641425
1.622487
1.625862
1.742303
1.714927
1.714927
1.6418
1.644613
1.646863
1.647238
1.65005
1.652113
1.716427
1.726928
1.679489
1.679489
1.646488
1.646113
1.644238
1.642175
1.622862
1.626612
1.723553
1.708927
1.644988
1.644988
1.644988
1.6463
1.647238
1.648925
1.6538
1.708552
1.746241
1.704239
1.648363
1.648363
1.645925
1.643675
1.64105
1.62155
1.626237
1.707052
1.730865
1.647425
1.647425
1.644425
1.645925
1.646488
1.649863
1.6493
1.664301
1.749053
1.698989
1.648175
1.648175
1.6448
1.642925
1.638425
1.616674
1.626987
1.739116
1.71549
1.647613
1.64255
1.64255
1.644238
1.64555
1.647613
1.664113
1.679301
1.71924
1.705552
1.645363
1.6448
1.6448
1.642925
1.64105
1.6238
1.626237
1.698239
1.691677
1.649863
1.640675
1.644238
1.644238
1.64855
1.651925
1.662426
1.691677
1.773617
1.711927
1.64555
1.644988
1.644988
1.64405
1.641613
1.620424
1.624362
1.710802
1.687364
1.650613
1.64405
1.646488
1.646488
1.65005
1.648738
1.64855
1.671239
1.773617
1.679864
1.646675
1.647425
1.643113
1.643113
1.638988
1.623425
1.625487
1.70799
1.73574
1.667301
1.642925
1.642738
1.645175
1.645175
1.650613
1.663738
1.666551
1.739303
1.73199
1.647238
1.6433
1.644238
1.6418
1.6418
1.625487
1.622112
1.676864
1.704052
1.668988
1.642738
1.64405
1.647238
1.649488
1.649488
1.657176
1.661676
1.751866
1.72524
1.649488
1.64555
1.642738
1.641613
1.641613
1.625112
1.620987
1.736678
1.72899
1.676864
1.644613
1.64255
1.6433
1.647613
1.647613
1.655113
1.663738
1.748116
1.710427
1.648738
1.644425
1.64105
1.640112
1.629612
1.629612
1.624549
1.734803
1.679864
1.6433
1.645363
1.647988
1.647988
1.657738
1.653613
1.740241
1.740241
1.712302
1.64855
1.646488
1.644238
1.641988
1.624549
1.618737
1.701239
1.732928
1.732928
1.680989
1.642925
1.645175
1.646675
1.64555
1.660551
1.659988
1.802118
1.758804
1.758804
1.643113
1.646675
1.643863
1.643863
1.630925
1.624737
1.683426
1.704052
1.704052
1.662051
1.642175
1.6463
1.647988
1.6463
1.6493
1.644425
1.718678
1.73649
1.73649
1.645925
1.646113
1.644425
1.643863
1.631112
1.619112
1.674801
1.749991
1.693177
1.693177
1.641613
1.644988
1.6433
1.64405
1.659426
1.666738
1.769304
1.73124
1.6493
1.6493
1.643113
1.641613
1.640675
1.6313
1.625862
1.671051
1.685114
1.659801
1.640675
1.640675
1.6433
1.646675
1.647425
1.6418
1.658676
1.754679
1.749803
1.650988
1.650988
1.645738
1.644425
1.642738
1.631862
1.62155
1.670864
1.749991
1.689239
1.641613
1.641613
1.641988
1.643488
1.64705
1.650988
1.652863
1.759366
1.71999
1.652675
1.6433
1.6433
1.643113
1.64105
1.634862
1.623987
1.638988
1.729553
1.699364
1.641425
1.645363
1.645363
1.645363
1.646675
1.654926
1.656238
1.773429
1.764429
1.667676
1.648363
1.64405
1.64405
1.642925
1.63205
1.617987
1.63055
1.686239
1.708552
1.645175
1.644613
1.644613
1.646488
1.643675
1.650988
1.662988
1.688114
1.718115
1.666363
1.642738
1.642363
1.642363
1.643488
1.638425
1.624549
1.643675
1.739116
1.706677
1.639738
1.642738
1.645925
1.645925
1.64705
1.650613
1.656613
1.693364
1.690177
1.671614
1.645175
1.642738
1.643488
1.643488
1.643113
1.627362
1.625675
1.745303
1.679676
1.641988
1.64255
1.644988
1.646675
1.646675
1.65005
1.650613
1.721865
1.757116
1.680426
1.646488
1.643675
1.642925
1.642925
1.635425
1.623425
1.6343
1.738366
1.670864
1.6433
1.6418
1.644238
1.643113
1.643113
1.6463
1.651363
1.73124
1.732178
1.672739
1.646113
1.640675
1.641988
1.6373
1.6373
1.619299
1.626987
1.733865
1.743616
1.644613
1.6433
1.643675
1.645738
1.649113
1.649113
1.647425
1.729178
1.773804
1.688864
1.6493
1.642925
1.641613
1.639175
1.616299
1.616299
1.626612
1.698239
1.740803
1.643863
1.6448
1.642738
1.6433
1.659613
1.659613
1.658113
1.72599
1.776429
1.696552
1.64405
1.646488
1.64255
1.640863
1.620049
1.620049
1.6268
1.697489
1.684364
1.643113
1.643675
1.6463
1.644613
1.642925
1.645175
1.645175
1.704239
1.720365
1.669926
1.647238
1.646675
1.643113
1.639363
1.613487
1.6238
1.6238
1.746428
1.731428
1.645175
1.6433
1.645175
1.64255
1.646863
1.657176
1.675739
1.675739
1.754304
1.688489
1.6463
1.64405
1.642175
1.640675
1.6223
1.626987
1.690177
1.690177
1.70874
1.644613
1.6403
1.641988
1.6448
1.651925
1.661488
1.693552
1.693552
1.770054
1.714927
1.644613
1.644238
1.6433
1.642738
1.616112
1.622862
1.727115
1.727115
1.692052
1.6463
1.643113
1.64255
1.646863
1.648363
1.644613
1.692802
1.72599
1.72599
1.680239
1.649675
1.644425
1.64405
1.641425
1.620237
1.620237
1.706677
1.747178
1.747178
1.659238
1.641237
1.643488
1.643863
1.647613
1.660363
1.702552
1.752428
1.703115
1.703115
1.645925
1.644238
1.641988
1.639925
1.6223
1.622675
1.703677
1.705552
1.705552
1.657738
1.639363
1.642363
1.644613
1.651175
1.650425
1.661301
1.751678
1.740241
1.740241
1.641237
1.644613
1.644425
1.642738
1.624925
1.622487
1.730303
1.721303
1.656051
1.656051
1.642738
1.645175
1.646488
1.64855
1.651925
1.653613
1.741553
1.711552
1.646488
1.646488
1.644988
1.64405
1.643863
1.624737
1.623987
1.653425
1.725615
1.674801
1.642363
1.642363
1.6433
1.644988
1.645738
1.65005
1.670676
1.764991
1.725428
1.648175
1.645925
1.645925
1.641988
1.6403
1.621737
1.620049
1.647425
1.696927
1.671051
1.642925
1.642925
1.642738
1.641425
1.645925
1.656613
1.665613
1.760679
1.722803
1.648363
1.64255
1.64255
1.641425
1.644238
1.628862
1.6253
1.678926
1.734053
1.682301
1.639925
1.642363
1.642363
1.644613
1.647988
1.651363
1.659051
1.694677
1.682489
1.644425
1.6463
1.6433
1.6433
1.643863
1.637862
1.6268
1.683801
1.697302
1.663363
1.641613
1.642738
1.645175
1.645175
1.644425
1.647988
1.665051
1.775304
1.728615
1.646488
1.645925
1.64255
1.64255
1.641613
1.628862
1.628112
1.705927
1.717177
1.671614
1.638988
1.640863
1.643488
1.643488
1.646675
1.656051
1.651363
1.734428
1.724303
1.646675
1.645738
1.644988
1.643113
1.643113
1.633737
1.625862
1.670864
1.707802
1.683051
1.642738
1.643113
1.6448
1.645925
1.645925
1.653425
1.651738
1.701989
1.746428
1.6523
1.644613
1.643863
1.641425
1.6283
1.6283
1.619674
1.662051
1.71999
1.688114
1.645175
1.64405
1.643675
1.643488
1.661676
1.661676
1.662238
1.792367
1.768929
1.648363
1.647425
1.6433
1.643675
1.632425
1.632425
1.621924
1.660738
1.710052
1.70349
1.642363
1.643675
1.640112
1.645175
1.663363
1.663363
1.667113
1.765554
1.781867
1.656988
1.646863
1.644988
1.642925
1.6298
1.623237
1.623237
1.656801
1.72074
1.680801
1.641613
1.6433
1.642738
1.646113
1.660738
1.663551
1.663551
1.755241
1.734241
1.659426
1.646113
1.6448
1.643675
1.631487
1.619299
1.653988
1.653988
1.721115
1.720927
1.642363
1.643113
1.6448
1.64255
1.653613
1.661676
1.661676
1.750928
1.747928
1.666363
1.644613
1.644988
1.6448
1.63355
1.620237
1.647988
1.647988
1.723178
1.718302
1.643863
1.643675
1.643675
1.644988
1.651925
1.652863
1.723553
1.723553
1.754866
1.674801
1.647238
1.643675
1.6433
1.637675
1.626425
1.636362
1.729365
1.729365
1.693739
1.640488
1.644425
1.645363
1.646113
1.6508
1.659988
1.72974
1.792555
1.792555
1.681551
1.646863
1.645363
1.642738
1.639363
1.620799
1.622675
1.672739
1.672739
1.683426
1.644238
1.64405
1.644988
1.64405
1.651363
1.652675
1.71324
1.727303
1.727303
1.685114
1.645925
1.642363
1.64405
1.6403
1.620049
1.622112
1.740616
1.70799
1.70799
1.639738
1.643675
1.6448
1.6448
1.644238
1.641425
1.672364
1.740803
1.674051
1.674051
1.647613
1.646488
1.645363
1.639925
1.621174
1.621737
1.745491
1.747366
1.6433
1.6433
1.643113
1.642925
1.64405
1.653238
1.667301
1.712115
1.735178
1.690177
1.646113
1.646113
1.644425
1.64555
1.640675
1.619112
1.625862
1.673489
1.724678
1.645175
1.645175
1.64255
1.64555
1.6478
1.64555
1.655676
1.678551
1.698614
1.697302
1.646863
1.646863
1.645363
1.643675
1.64105
1.614612
1.624362
1.730865
1.718865
1.6448
1.6418
1.6418
1.643113
1.643488
1.644613
1.650988
1.717927
1.737428
1.676489
1.64705
1.643113
1.643113
1.643113
1.641613
1.620424
1.62605
1.706677
1.682301
1.642363
1.640488
1.644425
1.644425
1.645175
1.653238
1.657176
1.70649
1.749991
1.703864
1.647238
1.645738
1.645738
1.645175
1.641988
1.619112
1.6238
1.710427
1.697302
1.648738
1.64405
1.645738
1.645363
1.645363
1.648363
1.678926
1.701614
1.668988
1.648363
1.6448
1.6433
1.639175
1.621924
1.621924
1.625112
1.733115
1.724678
1.658488
1.640863
1.640112
1.642925
1.650613
1.650613
1.653425
1.679864
1.742116
1.686239
1.645925
1.643113
1.641237
1.642925
1.627362
1.627362
1.63355
1.699927
1.705364
1.647988
1.638988
1.643488
1.643113
1.648925
1.658113
1.658113
1.667488
1.741928
1.72299
1.648175
1.644988
1.642363
1.640488
1.620049
1.618174
1.618174
1.696927
1.740241
1.657176
1.642925
1.643488
1.642175
1.644425
1.6538
1.65005
1.65005
1.79593
1.718115
1.646863
1.642738
1.641988
1.6403
1.6253
1.623612
1.688676
1.688676
1.741366
1.667863
1.6388
1.643863
1.644613
1.6463
1.656426
1.666551
1.666551
1.731803
1.700302
1.646675
1.645363
1.64405
1.642363
1.62605
1.618362
1.662801
1.662801
1.717177
1.659051
1.641237
1.642738
1.643488
1.644613
1.671614
1.675364
1.771179
1.771179
1.727678
1.645175
1.6433
1.643488
1.643675
1.624925
1.622487
1.703677
1.686989
1.686989
1.660926
1.640675
1.642925
1.645175
1.6478
1.641613
1.651363
1.744741
1.71099
1.71099
1.646863
1.645363
1.644613
1.641613
1.6298
1.620799
1.650238
1.722803
1.722803
1.691302
1.638988
1.639925
1.64555
1.646675
1.660926
1.659613
1.731053
1.729365
1.729365
1.6448
1.644425
1.644613
1.642738
1.627737
1.620799
1.670488
1.71549
1.673489
1.673489
1.6403
1.643863
1.644425
1.6463
1.654551
1.649488
1.758241
1.767991
1.648738
1.648738
1.64555
1.644238
1.640112
1.625675
1.626612
1.687551
1.737428
1.672176
1.6403
1.6403
1.641237
1.64105
1.645738
1.652113
1.659988
1.714927
1.680051
1.647425
1.647425
1.643113
1.6433
1.6433
1.639175
1.633737
1.658301
1.714365
1.673114
1.641613
1.641613
1.641988
1.642738
1.645175
1.652113
1.650425
1.758616
1.755804
1.662051
1.64555
1.64555
1.641988
1.641425
1.6313
1.618924
1.653613
1.747741
1.664113
1.6418
1.641237
1.641237
1.643863
1.644613
1.657176
1.656988
1.701989
1.73799
1.656426
1.645175
1.641988
1.641988
1.64255
1.633737
1.621924
1.652488
1.739491
1.686614
1.6388
1.641988
1.641988
1.6433
1.6448
1.649488
1.647425
1.683801
1.695614
1.664113
1.64555
1.644238
1.644238
1.641425
1.635612
1.620237
1.626987
1.684176
1.691677
1.64105
1.64255
1.644425
1.644425
1.64405
1.648925
1.652863
1.739491
1.760304
1.670114
1.644425
1.642175
1.639363
1.639363
1.632425
1.623612
1.6343
1.694114
1.685676
1.640488
1.640863
1.64255
1.644425
1.644425
1.645175
1.653425
1.713802
1.682489
1.654926
1.6418
1.64255
1.643488
1.636737
1.636737
1.618362
1.626612
1.72524
1.716427
1.640488
1.639175
1.641613
1.643863
1.643863
1.648363
1.649675
1.71474
1.741178
1.683989
1.644988
1.640863
1.638988
1.634675
1.634675
1.615549
1.624737
1.746428
1.688302
1.6418
1.640488
1.640112
1.6433
1.654926
1.654926
1.660738
1.714927
1.757491
1.700489
1.6448
1.641988
1.642363
1.637487
1.618549
1.618549
1.623612
1.729553
1.708927
1.640112
1.641613
1.64255
1.643675
1.656426
1.653988
1.653988
1.692052
1.723928
1.699927
1.6448
1.644613
1.640112
1.635987
1.621737
1.621737
1.620424
1.739866
1.724678
1.638425
1.638238
1.641425
1.642175
1.653613
1.664488
1.664488
1.750928
1.81543
1.708552
1.6463
1.645175
1.641425
1.638238
1.617424
1.624737
1.624737
1.696552
1.725615
1.639363
1.638988
1.64255
1.643488
1.655488
1.668426
1.708177
1.708177
1.693927
1.714177
1.646113
1.644988
1.641613
1.63655
1.619862
1.627925
1.737803
1.737803
1.739303
1.646113
1.637487
1.643488
1.6448
1.651175
1.662238
1.713052
1.713052
1.712302
1.672739
1.645925
1.643113
1.641425
1.64105
1.62305
1.621362
1.708177
1.708177
1.762741
1.649488
1.639738
1.6418
1.641425
1.6448
1.656238
1.701427
1.760491
1.760491
1.697114
1.64405
1.64255
1.640112
1.641425
1.623425
1.626987
1.676676
1.715865
1.715865
1.652675
1.637862
1.639363
1.64255
1.646488
1.658113
1.668426
1.721865
1.680051
1.680051
1.646113
1.643675
1.641988
1.64105
1.616674
1.614237
1.704802
1.71699
1.652488
1.652488
1.640488
1.640112
1.641237
1.644613
1.6478
1.653613
1.764804
1.71849
1.71849
1.646863
1.644988
1.641425
1.638613
1.622862
1.621174
1.671426
1.682676
1.649675
1.649675
1.638238
1.638988
1.641237
1.649113
1.668238
1.675176
1.762929
1.726365
1.6433
1.6433
1.6433
1.641425
1.6418
1.621737
1.618924
1.680801
1.682489
1.656426
1.639925
1.639925
1.64105
1.642175
1.644613
1.643488
1.646675
1.754304
1.686989
1.644425
1.643675
1.643675
1.641237
1.640112
1.620237
1.618737
1.693927
1.73574
1.670864
1.638425
1.638425
1.6373
1.640675
1.645363
1.660176
1.661113
1.745116
1.711927
1.641613
1.639175
1.639175
1.638988
1.639363
1.626425
1.625487
1.65005
1.745678
1.663926
1.639363
1.640488
1.640488
1.641613
1.64405
1.650238
1.650238
1.758054
1.756741
1.644613
1.642738
1.639738
1.639738
1.638238
1.622862
1.617612
1.657738
1.707052
1.679489
1.636175
1.637862
1.641237
1.641237
1.642175
1.658113
1.656426
1.762741
1.727303
1.642363
1.639925
1.6388
1.6388
1.639363
1.628675
1.620799
1.672176
1.72749
1.672551
1.63655
1.6418
1.642738
1.642738
1.643488
1.659426
1.652675
1.744928
1.723553
1.647238
1.642925
1.642738
1.638238
1.638238
1.627925
1.617799
1.651175
1.674426
1.672176
1.638613
1.64105
1.641613
1.6433
1.6433
1.642363
1.655113
1.757679
1.753928
1.649675
1.6403
1.6388
1.636925
1.624549
1.624549
1.621737
1.663926
1.720552
1.669176
1.637112
1.63655
1.640488
1.642363
1.642363
1.654738
1.644613
1.71249
1.717552
1.646675
1.640488
1.636175
1.638425
1.631487
1.631487
1.623425
1.651925
1.743803
1.691114
1.635612
1.639925
1.640112
1.6433
1.650988
1.650988
1.6508
1.721115
1.748678
1.655863
1.642925
1.641613
1.638238
1.633925
1.617049
1.617049
1.623237
1.664301
1.689052
1.63655
1.640488
1.6418
1.644425
1.648363
1.651925
1.651925
1.715115
1.760491
1.665613
1.644613
1.64105
1.6373
1.63205
1.612737
1.6373
1.6373
1.728053
1.70874
1.640675
1.642175
1.642738
1.639925
1.6343
1.644988
1.644988
1.736303
1.707615
1.655863
1.640863
1.638425
1.636737
1.62755
1.619112
1.626425
1.626425
1.733865
1.709302
1.638238
1.635987
1.637487
1.640488
1.655301
1.658488
1.717552
1.717552
1.735365
1.670488
1.640112
1.638238
1.63955
1.635237
1.625112
1.626987
1.730115
1.730115
1.701052
1.637862
1.638238
1.639925
1.641425
1.646863
1.650238
1.697302
1.752053
1.752053
1.659613
1.643113
1.640863
1.638425
1.636175
1.613487
1.620237
1.705552
1.705552
1.691864
1.636737
1.63955
1.640863
1.642925
1.647425
1.645925
1.724678
1.774554
1.774554
1.688676
1.642925
1.639175
1.6373
1.631862
1.614049
1.623425
1.725615
1.684739
1.684739
1.63955
1.636925
1.637487
1.64105
1.656613
1.735365
1.751116
1.684364
1.639363
1.638238
1.638238
1.63655
1.6373
1.623612
1.62605
1.724115
1.687927
1.637112
1.635237
1.640488
1.640488
1.638613
1.653425
1.65155
1.674614
1.757491
1.662613
1.642175
1.639738
1.639738
1.637112
1.637487
1.617424
1.616487
1.710052
1.729928
1.638238
1.637487
1.637487
1.637487
1.63955
1.6418
1.6433
1.664863
1.722053
1.699739
1.643675
1.640863
1.637675
1.637675
1.634862
1.614799
1.618737
1.694677
1.728053
1.640488
1.634675
1.6373
1.639175
1.639175
1.641988
1.654363
1.674801
1.698614
1.694114
1.639738
1.63805
1.636925
1.63655
1.63655
1.6223
1.618362
1.692239
1.734241
1.639738
1.63655
1.639175
1.64255
1.643113
1.643113
1.652488
1.689427
1.750554
1.669926
1.642175
1.6388
1.636737
1.636737
1.636737
1.619487
1.617424
1.704052
1.689052
1.644238
1.63805
1.637675
1.6418
1.642175
1.642175
1.635612
1.644988
1.773054
1.715677
1.641237
1.640112
1.6358
1.637112
1.616112
1.616112
1.612737
1.712302
1.72674
1.659051
1.63805
1.638613
1.639175
1.642175
1.642175
1.642175
1.653425
1.73199
1.722615
1.643863
1.641425
1.635987
1.637112
1.615362
1.616862
1.616862
1.641425
1.71249
1.661676
1.634862
1.636362
1.639738
1.643488
1.6538
1.6538
1.668801
1.73799
1.719615
1.63805
1.63805
1.638613
1.636737
1.631862
1.616862
1.616862
1.689427
1.686802
1.656051
1.63505
1.636925
1.639925
1.643675
1.64105
1.654363
1.654363
1.727303
1.677989
1.639738
1.638988
1.639175
1.637112
1.620237
1.614612
1.679489
1.679489
1.734428
1.670864
1.6358
1.637487
1.639363
1.639175
1.6418
1.64555
1.746991
1.746991
1.670301
1.6433
1.63955
1.636362
1.634675
1.615549
1.617799
1.665988
1.665988
1.725428
1.660926
1.636925
1.6373
1.637675
1.640488
1.6523
1.64555
1.745678
1.745678
1.714177
1.639925
1.63805
1.6358
1.637112
1.624175
1.620237
1.653988
1.702739
1.702739
1.678739
1.635237
1.6388
1.639175
1.641237
1.652113
1.653613
1.758616
1.717552
1.717552
1.640488
1.640112
1.639925
1.638613
1.627925
1.619112
1.641988
1.673489
1.683051
1.683051
1.636175
1.63955
1.63805
1.639738
1.6388
1.64405
1.696927
1.679864
1.643863
1.643863
1.640488
1.637112
1.634112
1.620237
1.6223
1.665426
1.763116
1.677051
1.677051
1.635612
1.636175
1.636925
1.639738
1.637862
1.658301
1.746616
1.764241
1.642738
1.642738
1.636362
1.636362
1.636925
1.625112
1.615362
1.669363
1.722053
1.678551
1.633737
1.633737
1.6373
1.639363
1.63955
1.645925
1.653238
1.72224
1.766866
1.65305
1.640488
1.640488
1.638238
1.635987
1.620612
1.616112
1.64705
1.72374
1.687364
1.633737
1.63355
1.63355
1.638238
1.64105
1.649113
1.652675
1.776804
1.773054
1.656238
1.640675
1.640675
1.638238
1.637487
1.627737
1.613112
1.628862
1.705927
1.698052
1.634675
1.635987
1.635987
1.637112
1.636925
1.663926
1.675176
1.825368
1.812055
1.677614
1.6373
1.636175
1.636175
1.6373
1.630737
1.617612
1.686239
1.789742
1.747741
1.634112
1.637862
1.638238
1.638238
1.6403
1.654738
1.660551
1.825556
1.815805
1.686051
1.638988
1.637112
1.633737
1.633737
1.628112
1.62305
1.661676
1.781492
1.763116
1.633362
1.634112
1.638613
1.638613
1.640112
1.654738
1.665801
1.806618
1.819555
1.694489
1.640675
1.63805
1.6358
1.6358
1.628487
1.613674
1.669738
1.812055
1.749991
1.6358
1.633925
1.634862
1.638425
1.638425
1.659426
1.662801
1.782992
1.814118
1.702927
1.6373
1.640863
1.635612
1.62755
1.62755
1.616674
1.648363
1.826868
1.79743
1.634675
1.633737
1.635425
1.638238
1.660926
1.660926
1.667488
1.769116
1.830243
1.752241
1.641237
1.637862
1.6358
1.632987
1.632987
1.608987
1.619112
1.757116
1.730303
1.6358
1.636362
1.635237
1.636737
1.659801
1.659801
1.667488
1.721678
1.763116
1.688302
1.636175
1.638988
1.636362
1.632237
1.612924
1.612924
1.620424
1.727865
1.741928
1.636175
1.636925
1.636737
1.636737
1.640488
1.655301
1.655301
1.721303
1.746991
1.697489
1.639738
1.635987
1.635612
1.63505
1.614424
1.615924
1.615924
1.739678
1.772867
1.637112
1.635987
1.6388
1.637487
1.645925
1.654738
1.745678
1.745678
1.761429
1.703302
1.638613
1.636362
1.635987
1.63505
1.621737
1.616112
1.616112
1.729365
1.79743
1.63955
1.63505
1.637487
1.639363
1.64705
1.662801
1.766304
1.766304
1.813743
1.718115
1.64105
1.637675
1.635987
1.634862
1.611424
1.614799
1.749991
1.749991
1.801367
1.645925
1.6343
1.63655
1.6373
1.643488
1.666176
1.729365
1.80568
1.80568
1.715865
1.6403
1.635612
1.6373
1.635612
1.613674
1.615924
1.713615
1.781304
1.781304
1.656801
1.636737
1.637487
1.636925
1.646113
1.665988
1.734241
1.836431
1.836431
1.733865
1.640488
1.63655
1.635237
1.635987
1.616862
1.616487
1.704052
1.741741
1.741741
1.660363
1.636175
1.637862
1.637675
1.638425
1.645738
1.693927
1.770054
1.716427
1.716427
1.639925
1.63655
1.6358
1.635612
1.615737
1.615362
1.722053
1.728428
1.658113
1.658113
1.637487
1.6373
1.6388
1.6433
1.638425
1.658863
1.717552
1.71024
1.640675
1.640675
1.640488
1.633362
1.63355
1.617612
1.616299
1.641613
1.723553
1.660363
1.660363
1.6358
1.637112
1.638988
1.6403
1.659238
1.672551
1.738741
1.731428
1.641613
1.641613
1.637675
1.635987
1.632425
1.617237
1.619862
1.688676
1.721115
1.665238
1.633175
1.633175
1.635237
1.6388
1.641425
1.65005
1.665426
1.761804
1.734615
1.641613
1.639738
1.639738
1.637112
1.635987
1.619862
1.615362
1.693552
1.710052
1.678551
1.634487
1.633737
1.633737
1.635987
1.641425
1.662238
1.653613
1.735365
1.70499
1.638613
1.6373
1.6373
1.63655
1.634862
1.622862
1.617987
1.663738
1.788242
1.72449
1.635612
1.637112
1.637112
1.637675
1.637675
1.656238
1.673114
1.816743
1.819555
1.638425
1.6403
1.63355
1.63355
1.63655
1.6253
1.618549
1.726178
1.770242
1.692614
1.634675
1.63805
1.637675
1.637675
1.637862
1.654551
1.659801
1.864557
1.847306
1.640863
1.639175
1.63505
1.634112
1.634112
1.6253
1.619112
1.715677
1.806805
1.72599
