1.522
1.523
1.524
1.526
1.526
1.532
1.537
1.541
1.539
1.538
1.536
1.535
1.531
1.524
1.521
1.525
1.525
1.527
1.529
1.531
1.538
1.539
1.541
1.539
1.536
1.536
1.536
1.532
1.524
1.526
1.525
1.526
1.528
1.528
1.532
1.541
1.541
1.54
1.54
1.539
1.536
1.533
1.526
1.523
1.524
1.526
1.528
1.529
1.533
1.537
1.542
1.542
1.539
1.539
1.538
1.537
1.534
1.528
1.526
1.527
1.529
1.53
1.527
1.538
1.543
1.542
1.541
1.541
1.542
1.538
1.535
1.528
1.525
1.527
1.529
1.532
1.532
1.532
1.538
1.544
1.547
1.542
1.54
1.539
1.54
1.537
1.526
1.527
1.529
1.53
1.531
1.533
1.539
1.544
1.547
1.542
1.543
1.542
1.541
1.537
1.531
1.527
1.528
1.532
1.532
1.534
1.544
1.547
1.544
1.543
1.542
1.54
1.539
1.532
1.527
1.528
1.53
1.534
1.535
1.535
1.54
1.547
1.548
1.544
1.544
1.542
1.54
1.54
1.529
1.53
1.531
1.533
1.533
1.538
1.54
1.546
1.55
1.547
1.546
1.542
1.543
1.541
1.533
1.532
1.53
1.532
1.534
1.536
1.536
1.542
1.549
1.548
1.548
1.548
1.544
1.544
1.535
1.53
1.533
1.533
1.534
1.538
1.538
1.542
1.549
1.552
1.547
1.547
1.545
1.545
1.542
1.537
1.533
1.534
1.536
1.537
1.539
1.54
1.55
1.553
1.55
1.55
1.549
1.548
1.544
1.539
1.535
1.533
1.537
1.535
1.539
1.54
1.543
1.551
1.551
1.551
1.55
1.549
1.548
1.547
1.535
1.535
1.537
1.537
1.539
1.541
1.545
1.552
1.554
1.555
1.551
1.55
1.548
1.547
1.542
1.535
1.538
1.538
1.539
1.541
1.541
1.553
1.555
1.553
1.553
1.553
1.549
1.548
1.543
1.539
1.537
1.54
1.54
1.545
1.544
1.548
1.553
1.557
1.553
1.553
1.552
1.551
1.551
1.539
1.538
1.54
1.541
1.543
1.544
1.548
1.554
1.558
1.555
1.554
1.553
1.553
1.552
1.545
1.54
1.541
1.543
1.543
1.546
1.545
1.549
1.559
1.558
1.556
1.556
1.554
1.552
1.55
1.541
1.539
1.542
1.543
1.546
1.546
1.551
1.557
1.56
1.561
1.556
1.555
1.554
1.554
1.55
1.542
1.542
1.545
1.545
1.548
1.546
1.555
1.562
1.561
1.558
1.557
1.554
1.555
1.55
1.544
1.541
1.545
1.546
1.548
1.547
1.551
1.556
1.563
1.559
1.559
1.558
1.557
1.555
1.545
1.544
1.543
1.546
1.546
1.55
1.551
1.557
1.564
1.563
1.559
1.56
1.557
1.556
1.552
1.546
1.544
1.545
1.548
1.548
1.551
1.551
1.558
1.563
1.559
1.561
1.559
1.558
1.553
1.546
1.544
1.546
1.549
1.548
1.552
1.553
1.558
1.563
1.565
1.562
1.561
1.558
1.559
1.556
1.549
1.546
1.55
1.55
1.553
1.551
1.553
1.565
1.566
1.564
1.562
1.561
1.561
1.556
1.55
1.547
1.549
1.55
1.551
1.552
1.554
1.561
1.564
1.566
1.564
1.564
1.557
1.56
1.556
1.55
1.549
1.55
1.552
1.553
1.554
1.559
1.565
1.567
1.565
1.565
1.564
1.562
1.559
1.551
1.547
1.548
1.551
1.553
1.554
1.555
1.56
1.565
1.566
1.565
1.563
1.56
1.562
1.56
1.55
1.55
1.551
1.553
1.555
1.556
1.562
1.569
1.568
1.567
1.566
1.563
1.563
1.56
1.556
1.549
1.552
1.553
1.555
1.556
1.556
1.561
1.568
1.568
1.567
1.565
1.564
1.564
1.561
1.549
1.551
1.552
1.554
1.556
1.557
1.562
1.568
1.571
1.57
1.567
1.564
1.564
1.563
1.556
1.552
1.554
1.554
1.558
1.559
1.559
1.563
1.571
1.57
1.568
1.567
1.565
1.563
1.557
1.552
1.552
1.556
1.556
1.559
1.558
1.563
1.569
1.572
1.57
1.568
1.566
1.567
1.566
1.559
1.553
1.556
1.557
1.558
1.558
1.561
1.57
1.573
1.573
1.57
1.57
1.567
1.567
1.559
1.555
1.555
1.556
1.557
1.56
1.56
1.564
1.57
1.575
1.57
1.569
1.568
1.568
1.567
1.562
1.553
1.556
1.557
1.558
1.56
1.561
1.57
1.574
1.573
1.57
1.572
1.568
1.568
1.562
1.555
1.555
1.557
1.56
1.562
1.561
1.564
1.571
1.575
1.571
1.571
1.569
1.568
1.568
1.556
1.556
1.558
1.559
1.559
1.563
1.564
1.572
1.576
1.573
1.572
1.574
1.569
1.571
1.562
1.558
1.557
1.56
1.562
1.562
1.563
1.565
1.572
1.575
1.574
1.571
1.571
1.568
1.569
1.557
1.556
1.557
1.56
1.561
1.564
1.565
1.573
1.579
1.575
1.573
1.571
1.571
1.565
1.556
1.559
1.56
1.562
1.564
1.563
1.573
1.578
1.575
1.576
1.572
1.57
1.569
1.566
1.559
1.557
1.561
1.562
1.564
1.565
1.567
1.573
1.577
1.575
1.574
1.574
1.572
1.572
1.562
1.559
1.56
1.562
1.562
1.563
1.567
1.574
1.578
1.578
1.574
1.572
1.57
1.571
1.568
1.563
1.561
1.562
1.562
1.567
1.563
1.566
1.578
1.579
1.577
1.575
1.574
1.573
1.568
1.562
1.559
1.561
1.564
1.566
1.565
1.567
1.572
1.578
1.575
1.575
1.577
1.574
1.572
1.57
1.559
1.562
1.562
1.562
1.567
1.566
1.573
1.577
1.578
1.576
1.574
1.571
1.572
1.57
1.563
1.56
1.563
1.563
1.566
1.568
1.566
1.581
1.579
1.577
1.576
1.576
1.572
1.57
1.564
1.56
1.562
1.563
1.567
1.566
1.566
1.572
1.579
1.58
1.577
1.576
1.572
1.572
1.571
1.559
1.562
1.564
1.564
1.565
1.568
1.574
1.579
1.579
1.578
1.575
1.573
1.574
1.573
1.565
1.56
1.564
1.564
1.565
1.567
1.567
1.572
1.579
1.579
1.575
1.576
1.574
1.57
1.565
1.56
1.561
1.564
1.566
1.568
1.568
1.572
1.579
1.579
1.577
1.575
1.574
1.576
1.57
1.565
1.562
1.562
1.563
1.566
1.566
1.569
1.579
1.58
1.579
1.577
1.574
1.576
1.573
1.565
1.562
1.563
1.564
1.564
1.567
1.567
1.571
1.578
1.578
1.575
1.578
1.576
1.575
1.574
1.56
1.56
1.563
1.565
1.565
1.568
1.572
1.579
1.58
1.579
1.579
1.576
1.574
1.573
1.569
1.561
1.562
1.564
1.566
1.569
1.568
1.573
1.578
1.579
1.579
1.578
1.574
1.575
1.568
1.564
1.563
1.564
1.567
1.565
1.567
1.571
1.577
1.581
1.579
1.578
1.576
1.574
1.574
1.566
1.563
1.566
1.565
1.565
1.568
1.567
1.57
1.58
1.58
1.579
1.577
1.575
1.576
1.568
1.562
1.564
1.565
1.566
1.568
1.569
1.571
1.578
1.581
1.58
1.577
1.573
1.573
1.575
1.569
1.562
1.565
1.566
1.566
1.567
1.566
1.579
1.582
1.582
1.579
1.577
1.574
1.573
1.567
1.563
1.562
1.563
1.564
1.569
1.569
1.571
1.578
1.582
1.579
1.577
1.576
1.576
1.574
1.57
1.561
1.564
1.567
1.566
1.568
1.568
1.578
1.581
1.579
1.578
1.577
1.575
1.575
1.571
1.565
1.563
1.565
1.568
1.568
1.569
1.57
1.577
1.582
1.578
1.576
1.576
1.575
1.574
1.564
1.563
1.563
1.566
1.566
1.568
1.571
1.577
1.581
1.582
1.577
1.577
1.575
1.576
1.571
1.565
1.564
1.566
1.566
1.567
1.569
1.57
1.576
1.58
1.577
1.577
1.577
1.574
1.575
1.565
1.562
1.565
1.566
1.567
1.567
1.569
1.576
1.581
1.581
1.579
1.576
1.573
1.574
1.571
1.565
1.561
1.568
1.567
1.569
1.568
1.571
1.576
1.58
1.579
1.577
1.577
1.575
1.573
1.566
1.561
1.566
1.566
1.566
1.567
1.57
1.575
1.581
1.58
1.579
1.576
1.575
1.576
1.571
1.566
1.565
1.567
1.568
1.569
1.569
1.57
1.58
1.581
1.578
1.576
1.577
1.574
1.57
1.566
1.563
1.565
1.565
1.569
1.569
1.571
1.576
1.58
1.58
1.578
1.578
1.575
1.576
1.573
1.564
1.567
1.566
1.568
1.568
1.571
1.576
1.582
1.581
1.578
1.577
1.577
1.575
1.573
1.566
1.563
1.567
1.567
1.569
1.569
1.572
1.574
1.58
1.578
1.578
1.577
1.576
1.575
1.574
1.564
1.565
1.567
1.569
1.568
1.57
1.574
1.581
1.583
1.579
1.577
1.573
1.576
1.575
1.568
1.565
1.564
1.568
1.569
1.571
1.57
1.575
1.58
1.578
1.578
1.579
1.574
1.575
1.568
1.564
1.564
1.569
1.57
1.569
1.574
1.58
1.581
1.578
1.578
1.574
1.576
1.575
1.564
1.565
1.566
1.568
1.569
1.572
1.574
1.579
1.582
1.578
1.576
1.575
1.576
1.572
1.569
1.564
1.566
1.569
1.569
1.569
1.57
1.574
1.583
1.581
1.579
1.577
1.575
1.576
1.568
1.564
1.563
1.569
1.569
1.571
1.57
1.572
1.58
1.582
1.578
1.576
1.576
1.577
1.575
1.57
1.565
1.57
1.568
1.569
1.571
1.571
1.58
1.583
1.579
1.579
1.577
1.573
1.576
1.571
1.563
1.563
1.568
1.57
1.569
1.57
1.573
1.578
1.58
1.579
1.577
1.576
1.576
1.574
1.565
1.564
1.568
1.568
1.569
1.57
1.573
1.581
1.581
1.581
1.576
1.577
1.576
1.576
1.572
1.566
1.568
1.568
1.57
1.571
1.572
1.579
1.583
1.58
1.578
1.577
1.576
1.577
1.572
1.563
1.565
1.569
1.571
1.571
1.571
1.574
1.579
1.579
1.579
1.578
1.575
1.578
1.576
1.565
1.564
1.567
1.568
1.568
1.57
1.574
1.579
1.581
1.581
1.578
1.577
1.576
1.576
1.571
1.567
1.566
1.569
1.568
1.571
1.57
1.578
1.583
1.58
1.578
1.578
1.577
1.574
1.57
1.566
1.562
1.566
1.568
1.57
1.57
1.571
1.578
1.582
1.577
1.577
1.578
1.575
1.577
1.567
1.562
1.565
1.569
1.566
1.571
1.571
1.577
1.582
1.583
1.578
1.577
1.575
1.574
1.572
1.567
1.563
1.568
1.57
1.57
1.57
1.572
1.582
1.579
1.579
1.577
1.578
1.576
1.573
1.567
1.564
1.567
1.569
1.57
1.57
1.571
1.576
1.583
1.581
1.579
1.577
1.577
1.577
1.571
1.569
1.567
1.567
1.57
1.572
1.571
1.571
1.581
1.582
1.579
1.586
1.586
1.585
1.578
1.575
1.579
1.579
1.577
1.581
1.584
1.589
1.593
1.589
1.589
1.59
1.586
1.585
1.579
1.574
1.575
1.579
1.578
1.581
1.581
1.583
1.591
1.59
1.589
1.588
1.585
1.586
1.586
1.576
1.576
1.578
1.577
1.579
1.581
1.584
1.591
1.593
1.592
1.589
1.586
1.586
1.586
1.581
1.576
1.579
1.58
1.581
1.583
1.58
1.584
1.595
1.591
1.589
1.589
1.588
1.587
1.581
1.573
1.575
1.58
1.579
1.582
1.583
1.586
1.592
1.594
1.591
1.589
1.589
1.587
1.588
1.583
1.575
1.58
1.58
1.58
1.583
1.584
1.589
1.594
1.593
1.59
1.591
1.585
1.588
1.583
1.577
1.577
1.581
1.583
1.584
1.583
1.585
1.591
1.592
1.591
1.59
1.589
1.589
1.584
1.579
1.576
1.58
1.58
1.584
1.582
1.585
1.592
1.596
1.593
1.59
1.589
1.588
1.588
1.584
1.579
1.581
1.582
1.583
1.584
1.582
1.591
1.594
1.595
1.591
1.592
1.589
1.589
1.585
1.58
1.579
1.58
1.582
1.584
1.583
1.586
1.592
1.593
1.595
1.593
1.589
1.589
1.586
1.579
1.576
1.578
1.582
1.58
1.583
1.586
1.591
1.595
1.594
1.592
1.591
1.589
1.591
1.588
1.583
1.58
1.581
1.582
1.585
1.585
1.591
1.597
1.597
1.593
1.593
1.593
1.59
1.587
1.581
1.579
1.583
1.583
1.584
1.585
1.587
1.591
1.598
1.592
1.593
1.592
1.589
1.592
1.581
1.579
1.583
1.582
1.585
1.585
1.585
1.59
1.596
1.596
1.595
1.592
1.592
1.59
1.588
1.582
1.583
1.583
1.584
1.586
1.585
1.587
1.597
1.598
1.595
1.594
1.593
1.591
1.588
1.582
1.58
1.58
1.583
1.585
1.586
1.586
1.591
1.596
1.595
1.594
1.594
1.591
1.591
1.589
1.579
1.581
1.583
1.585
1.585
1.586
1.591
1.597
1.597
1.594
1.594
1.59
1.592
1.589
1.584
1.579
1.58
1.584
1.586
1.586
1.586
1.59
1.597
1.596
1.595
1.594
1.592
1.592
1.589
1.58
1.582
1.585
1.584
1.585
1.587
1.592
1.596
1.599
1.595
1.595
1.592
1.593
1.59
1.585
1.58
1.582
1.583
1.585
1.588
1.586
1.591
1.598
1.595
1.595
1.594
1.591
1.594
1.587
1.581
1.583
1.585
1.583
1.586
1.588
1.591
1.597
1.6
1.596
1.594
1.592
1.593
1.591
1.585
1.581
1.585
1.585
1.586
1.586
1.586
1.59
1.599
1.597
1.595
1.594
1.594
1.591
1.586
1.581
1.582
1.584
1.587
1.587
1.588
1.592
1.596
1.599
1.598
1.594
1.595
1.592
1.591
1.587
1.582
1.583
1.586
1.587
1.589
1.597
1.599
1.596
1.597
1.592
1.595
1.591
1.587
1.583
1.584
1.586
1.586
1.587
1.587
1.589
1.601
1.597
1.595
1.593
1.593
1.592
1.587
1.582
1.582
1.585
1.586
1.588
1.587
1.591
1.595
1.598
1.598
1.595
1.594
1.592
1.593
1.588
1.582
1.585
1.586
1.58
1.593
1.587
1.583
1.584
1.586
1.588
1.591
1.588
1.593
1.599
1.599
1.598
1.597
1.594
1.593
1.587
1.583
1.584
1.586
1.587
1.587
1.589
1.592
1.6
1.602
1.598
1.596
1.593
1.596
1.593
1.588
1.583
1.585
1.587
1.588
1.59
1.588
1.599
1.6
1.598
1.598
1.597
1.595
1.593
1.589
1.583
1.582
1.587
1.587
1.59
1.59
1.592
1.599
1.598
1.596
1.597
1.595
1.594
1.593
1.582
1.584
1.585
1.587
1.587
1.589
1.59
1.597
1.601
1.599
1.596
1.594
1.594
1.594
1.589
1.583
1.586
1.586
1.587
1.589
1.589
1.593
1.602
1.598
1.598
1.596
1.595
1.594
1.59
1.584
1.584
1.586
1.588
1.592
1.588
1.594
1.599
1.601
1.599
1.598
1.594
1.594
1.594
1.585
1.584
1.587
1.586
1.588
1.59
1.592
1.598
1.603
1.601
1.597
1.596
1.593
1.595
1.592
1.584
1.584
1.588
1.589
1.591
1.59
1.592
1.603
1.599
1.597
1.598
1.597
1.596
1.59
1.585
1.585
1.586
1.586
1.592
1.59
1.592
1.598
1.602
1.6
1.597
1.595
1.595
1.594
1.592
1.584
1.588
1.587
1.59
1.592
1.591
1.597
1.603
1.602
1.597
1.597
1.596
1.596
1.593
1.585
1.585
1.588
1.588
1.589
1.591
1.592
1.597
1.599
1.601
1.6
1.597
1.594
1.592
1.588
1.583
1.587
1.588
1.588
1.589
1.592
1.598
1.603
1.601
1.598
1.597
1.595
1.596
1.592
1.584
1.586
1.587
1.589
1.59
1.59
1.596
1.602
1.6
1.6
1.598
1.595
1.597
1.593
1.587
1.584
1.586
1.59
1.59
1.59
1.592
1.595
1.603
1.598
1.598
1.598
1.595
1.596
1.585
1.585
1.586
1.588
1.589
1.591
1.592
1.597
1.602
1.602
1.599
1.599
1.597
1.597
1.593
1.588
1.584
1.589
1.588
1.59
1.591
1.592
1.601
1.602
1.601
1.598
1.597
1.596
1.594
1.589
1.585
1.586
1.589
1.59
1.591
1.592
1.595
1.601
1.6
1.598
1.597
1.593
1.589
1.585
1.587
1.589
1.59
1.592
1.591
1.596
1.602
1.605
1.601
1.599
1.598
1.597
1.593
1.59
1.587
1.589
1.59
1.591
1.594
1.596
1.602
1.603
1.601
1.6
1.6
1.598
1.596
1.59
1.585
1.587
1.591
1.59
1.593
1.592
1.595
1.602
1.601
1.6
1.611
1.61
1.606
1.601
1.597
1.6
1.601
1.604
1.604
1.605
1.609
1.615
1.612
1.61
1.612
1.61
1.61
1.602
1.598
1.599
1.601
1.601
1.604
1.604
1.609
1.616
1.616
1.613
1.611
1.61
1.611
1.607
1.605
1.599
1.603
1.603
1.603
1.604
1.605
1.614
1.617
1.613
1.612
1.612
1.61
1.607
1.603
1.598
1.599
1.602
1.604
1.604
1.604
1.61
1.614
1.614
1.613
1.613
1.61
1.611
1.61
1.598
1.598
1.602
1.601
1.602
1.606
1.608
1.616
1.617
1.614
1.613
1.609
1.611
1.609
1.604
1.6
1.602
1.604
1.603
1.606
1.605
1.609
1.618
1.615
1.613
1.612
1.609
1.609
1.605
1.6
1.601
1.604
1.604
1.606
1.604
1.61
1.615
1.618
1.614
1.613
1.612
1.611
1.61
1.605
1.601
1.603
1.604
1.603
1.607
1.61
1.615
1.618
1.616
1.614
1.613
1.611
1.61
1.606
1.602
1.599
1.602
1.605
1.605
1.604
1.608
1.614
1.615
1.616
1.614
1.612
1.613
1.611
1.6
1.599
1.604
1.603
1.606
1.607
1.609
1.614
1.619
1.619
1.615
1.613
1.612
1.611
1.608
1.602
1.599
1.603
1.606
1.606
1.607
1.606
1.615
1.619
1.618
1.614
1.613
1.612
1.609
1.602
1.6
1.603
1.604
1.606
1.606
1.609
1.614
1.619
1.616
1.615
1.614
1.613
1.612
1.607
1.601
1.603
1.605
1.605
1.609
1.605
1.609
1.619
1.618
1.616
1.615
1.615
1.613
1.609
1.603
1.599
1.603
1.605
1.606
1.607
1.609
1.614
1.618
1.619
1.616
1.613
1.613
1.614
1.609
1.604
1.604
1.605
1.605
1.608
1.607
1.609
1.619
1.619
1.616
1.616
1.615
1.614
1.61
1.604
1.601
1.604
1.606
1.609
1.606
1.61
1.613
1.619
1.619
1.616
1.617
1.614
1.613
1.61
1.6
1.603
1.606
1.607
1.608
1.608
1.614
1.621
1.62
1.617
1.615
1.615
1.614
1.611
1.605
1.601
1.604
1.607
1.607
1.608
1.608
1.614
1.619
1.617
1.616
1.616
1.613
1.613
1.605
1.602
1.605
1.605
1.605
1.608
1.609
1.613
1.62
1.62
1.618
1.615
1.614
1.615
1.612
1.604
1.602
1.605
1.607
1.607
1.608
1.609
1.613
1.621
1.617
1.617
1.616
1.614
1.615
1.605
1.601
1.602
1.604
1.607
1.607
1.607
1.613
1.618
1.619
1.617
1.617
1.614
1.614
1.61
1.603
1.601
1.604
1.606
1.607
1.607
1.607
1.618
1.621
1.619
1.616
1.616
1.613
1.613
1.604
1.601
1.602
1.604
1.606
1.608
1.609
1.614
1.618
1.62
1.617
1.616
1.615
1.615
1.613
1.608
1.602
1.604
1.605
1.606
1.609
1.608
1.618
1.621
1.618
1.617
1.614
1.615
1.611
1.606
1.602
1.602
1.604
1.606
1.609
1.607
1.612
1.619
1.621
1.617
1.616
1.613
1.615
1.613
1.602
1.6
1.605
1.606
1.605
1.608
1.612
1.616
1.621
1.619
1.617
1.617
1.614
1.612
1.607
1.603
1.602
1.604
1.607
1.607
1.607
1.612
1.617
1.619
1.618
1.615
1.616
1.615
1.614
1.601
1.601
1.604
1.606
1.606
1.61
1.61
1.618
1.62
1.617
1.616
1.614
1.613
1.607
1.602
1.603
1.605
1.604
1.609
1.607
1.616
1.622
1.619
1.618
1.616
1.615
1.615
1.609
1.604
1.601
1.605
1.604
1.608
1.607
1.611
1.615
1.621
1.617
1.618
1.616
1.615
1.614
1.604
1.601
1.603
1.606
1.606
1.607
1.61
1.61
1.607
1.604
1.604
1.603
1.6
1.602
1.591
1.59
1.591
1.594
1.592
1.596
1.595
1.6
1.608
1.608
1.606
1.603
1.602
1.601
1.597
1.591
1.586
1.592
1.594
1.593
1.595
1.608
1.607
1.605
1.603
1.605
1.601
1.598
1.592
1.587
1.59
1.59
1.594
1.594
1.596
1.6
1.608
1.603
1.603
1.605
1.601
1.601
1.592
1.588
1.589
1.592
1.592
1.594
1.592
1.599
1.604
1.606
1.603
1.602
1.6
1.6
1.598
1.592
1.588
1.591
1.591
1.594
1.593
1.594
1.605
1.607
1.598
1.602
1.605
1.601
1.6
1.601
1.597
1.594
1.589
1.586
1.59
1.59
1.592
1.593
1.594
1.599
1.604
1.606
1.599
1.6
1.598
1.598
1.595
1.586
1.589
1.591
1.592
1.593
1.592
1.599
1.604
1.604
1.602
1.6
1.597
1.598
1.597
1.59
1.588
1.589
1.591
1.592
1.593
1.593
1.598
1.605
1.601
1.601
1.6
1.598
1.6
1.591
1.587
1.588
1.591
1.592
1.593
1.594
1.598
1.603
1.605
1.602
1.6
1.597
1.598
1.595
1.59
1.587
1.59
1.591
1.593
1.594
1.592
1.597
1.605
1.601
1.6
1.598
1.598
1.598
1.59
1.587
1.587
1.589
1.592
1.592
1.593
1.596
1.604
1.606
1.601
1.601
1.598
1.598
1.598
1.593
1.585
1.589
1.592
1.591
1.593
1.594
1.597
1.604
1.603
1.601
1.599
1.6
1.597
1.591
1.587
1.587
1.59
1.591
1.595
1.593
1.598
1.603
1.605
1.599
1.6
1.599
1.598
1.597
1.592
1.588
1.589
1.592
1.591
1.593
1.592
1.602
1.605
1.602
1.601
1.6
1.599
1.598
1.594
1.587
1.588
1.59
1.59
1.594
1.594
1.596
1.603
1.604
1.601
1.599
1.599
1.601
1.598
1.593
1.589
1.591
1.591
1.592
1.594
1.594
1.602
1.607
1.605
1.601
1.6
1.6
1.597
1.592
1.587
1.589
1.589
1.592
1.594
1.595
1.596
1.603
1.606
1.603
1.6
1.6
1.599
1.599
1.589
1.587
1.59
1.589
1.592
1.596
1.596
1.603
1.606
1.605
1.601
1.599
1.598
1.598
1.595
1.588
1.589
1.591
1.593
1.595
1.593
1.596
1.602
1.605
1.602
1.601
1.6
1.598
1.598
1.587
1.586
1.589
1.591
1.591
1.595
1.595
1.603
1.606
1.606
1.602
1.6
1.598
1.598
1.595
1.59
1.587
1.591
1.591
1.593
1.592
1.595
1.605
1.604
1.603
1.602
1.6
1.6
1.595
1.588
1.586
1.591
1.592
1.594
1.592
1.596
1.601
1.607
1.604
1.599
1.599
1.6
1.597
1.587
1.589
1.589
1.591
1.592
1.594
1.599
1.605
1.605
1.603
1.602
1.598
1.599
1.596
1.588
1.587
1.592
1.59
1.594
1.593
1.595
1.599
1.603
1.602
1.602
1.601
1.599
1.597
1.59
1.587
1.591
1.59
1.592
1.592
1.594
1.6
1.605
1.604
1.602
1.601
1.599
1.599
1.596
1.591
1.58
1.605
1.607
1.603
1.602
1.604
1.599
1.597
1.594
1.589
1.59
1.592
1.595
1.595
1.595
1.599
1.607
1.607
1.602
1.602
1.6
1.601
1.598
1.589
1.591
1.591
1.593
1.593
1.597
1.601
1.605
1.608
1.604
1.604
1.6
1.602
1.6
1.595
1.589
1.589
1.594
1.594
1.594
1.596
1.601
1.606
1.605
1.603
1.603
1.601
1.601
1.596
1.589
1.59
1.591
1.593
1.594
1.594
1.599
1.605
1.607
1.605
1.603
1.601
1.603
1.6
1.595
1.59
1.593
1.593
1.593
1.597
1.596
1.598
1.608
1.607
1.604
1.604
1.603
1.602
1.597
1.59
1.589
1.593
1.594
1.596
1.596
1.6
1.606
1.609
1.607
1.604
1.603
1.601
1.6
1.596
1.588
1.593
1.595
1.594
1.598
1.596
1.603
1.609
1.606
1.605
1.602
1.603
1.602
1.596
1.59
1.591
1.593
1.594
1.596
1.595
1.598
1.604
1.608
1.604
1.604
1.601
1.6
1.6
1.597
1.589
1.593
1.595
1.594
1.596
1.594
1.606
1.608
1.605
1.604
1.604
1.602
1.601
1.597
1.591
1.589
1.594
1.595
1.596
1.597
1.598
1.603
1.608
1.606
1.603
1.603
1.6
1.601
1.592
1.59
1.592
1.595
1.595
1.598
1.598
1.605
1.608
1.607
1.605
1.603
1.601
1.602
1.597
1.592
1.589
1.594
1.594
1.596
1.597
1.598
1.603
1.608
1.604
1.604
1.604
1.601
1.602
1.591
1.591
1.593
1.594
1.595
1.597
1.597
1.603
1.608
1.608
1.605
1.604
1.601
1.601
1.599
1.592
1.59
1.593
1.593
1.597
1.596
1.598
1.604
1.609
1.604
1.604
1.604
1.601
1.602
1.593
1.591
1.593
1.594
1.595
1.597
1.595
1.601
1.607
1.609
1.606
1.604
1.6
1.602
1.6
1.596
1.591
1.593
1.596
1.597
1.596
1.598
1.608
1.607
1.606
1.603
1.605
1.603
1.599
1.596
1.591
1.593
1.594
1.595
1.596
1.599
1.604
1.609
1.61
1.605
1.604
1.601
1.602
1.601
1.595
1.592
1.595
1.596
1.597
1.598
1.603
1.608
1.61
1.607
1.606
1.605
1.604
1.601
1.596
1.591
1.592
1.595
1.597
1.599
1.599
1.604
1.609
1.61
1.606
1.606
1.602
1.602
1.601
1.591
1.591
1.595
1.595
1.596
1.598
1.601
1.607
1.61
1.606
1.604
1.606
1.605
1.601
1.596
1.591
1.592
1.595
1.597
1.599
1.596
1.601
1.608
1.608
1.604
1.604
1.604
1.605
1.6
1.59
1.593
1.594
1.596
1.597
1.597
1.602
1.607
1.611
1.607
1.608
1.603
1.604
1.603
1.597
1.591
1.592
1.597
1.596
1.598
1.6
1.601
1.61
1.607
1.606
1.604
1.602
1.598
1.594
1.592
1.594
1.598
1.597
1.599
1.602
1.609
1.608
1.605
1.605
1.603
1.603
1.603
1.591
1.592
1.595
1.597
1.596
1.598
1.601
1.607
1.608
1.608
1.607
1.604
1.605
1.603
1.6
1.593
