0.6662,1.6543
0.6662,1.6543
0.6682,1.6543
0.6682,1.6543
0.6692,1.6543
0.6712,1.6543
0.6722,1.6543
0.6732,1.6543
0.6742,1.6543
0.6752,1.6543
0.6762,1.6543
0.6772,1.6543
0.6782,1.6543
0.6792,1.6543
0.6802,1.6543
0.6812,1.6543
0.6822,1.6543
0.6832,1.6543
0.6842,1.6543
0.6852,1.6543
0.6862,1.6543
0.6872,1.6543
0.6882,1.6543
0.6892,1.6543
0.6902,1.6543
0.6912,1.6543
0.6921,1.6543
0.6931,1.6543
0.6941,1.6543
0.6951,1.6543
0.6961,1.6543
0.6971,1.6543
0.6981,1.6543
0.7001,1.6543
0.7011,1.6543
0.7011,1.6543
0.7031,1.6543
0.7041,1.6543
0.7051,1.6543
0.7081,1.6543
0.7091,1.6543
0.7091,1.6543
0.7091,1.6543
0.7101,1.6543
0.7111,1.6543
0.7121,1.6543
0.7131,1.6543
0.7141,1.6543
0.7151,1.6543
0.7161,1.6543
0.7171,1.6543
0.7181,1.6543
0.7191,1.6543
0.7201,1.6543
0.7211,1.6543
0.7221,1.6543
0.7231,1.6543
0.7271,1.6543
0.7340,1.6543
0.7360,1.6543
0.7360,1.6543
0.7370,1.6543
0.7370,1.6543
0.7370,1.6543
0.7380,1.6543
0.7380,1.6543
0.7390,1.6543
0.7390,1.6543
0.7400,1.6543
0.7400,1.6543
0.7400,1.6543
0.7410,1.6543
0.7410,1.6543
0.7420,1.6543
0.7420,1.6543
0.7430,1.6543
0.7440,1.6543
0.7450,1.6543
0.7460,1.6543
0.7470,1.6543
0.7480,1.6543
0.7490,1.6543
0.7500,1.6543
0.7510,1.6543
0.7520,1.6543
0.7530,1.6543
0.7540,1.6543
0.7550,1.6543
0.7560,1.6543
0.7570,1.6543
0.7580,1.6543
0.7590,1.6543
0.7600,1.6543
0.7610,1.6543
0.7620,1.6543
0.7630,1.6543
0.7640,1.6543
0.7650,1.6543
0.7659,1.6543
0.7669,1.6543
0.7679,1.6543
0.7689,1.6543
0.7699,1.6543
0.7709,1.6543
0.7719,1.6543
0.7739,1.6543
0.7749,1.6543
0.7759,1.6543
0.7769,1.6543
0.7779,1.6543
0.7789,1.6543
0.7799,1.6543
0.7809,1.6543
0.7819,1.6543
0.7829,1.6543
0.7839,1.6543
0.7849,1.6543
0.7859,1.6543
0.7869,1.6543
0.7879,1.6543
0.7889,1.6543
0.7899,1.6543
0.7909,1.6543
0.7919,1.6543
0.7929,1.6543
0.7939,1.6543
0.7949,1.6543
0.7959,1.6543
0.7969,1.6543
0.7979,1.6543
0.7989,1.6543
0.7999,1.6543
0.8009,1.6543
0.8019,1.6543
0.8029,1.6543
0.8039,1.6543
0.8048,1.6543
0.8058,1.6543
0.8068,1.6543
0.8078,1.6543
0.8088,1.6543
0.8098,1.6543
0.8108,1.6543
0.8118,1.6543
0.8138,1.6543
0.8148,1.6543
0.8158,1.6543
0.8168,1.6543
0.8178,1.6543
0.8188,1.6543
0.8198,1.6543
0.8208,1.6543
0.8218,1.6543
0.8228,1.6543
0.8238,1.6543
0.8248,1.6543
0.8258,1.6543
0.8268,1.6543
0.8278,1.6543
0.8288,1.6543
0.8298,1.6543
0.8308,1.6543
0.8318,1.6543
0.8328,1.6543
0.8368,1.6543
0.8437,1.6543
0.8447,1.6543
0.8457,1.6543
0.8457,1.6543
0.8457,1.6543
0.8467,1.6543
0.8467,1.6543
0.8477,1.6543
0.8477,1.6543
0.8487,1.6543
0.8487,1.6543
0.8487,1.6543
0.8497,1.6543
0.8497,1.6543
0.8507,1.6543
0.8507,1.6543
0.8517,1.6543
0.8517,1.6543
0.8527,1.6543
0.8537,1.6543
0.8557,1.6543
0.8567,1.6543
0.8577,1.6543
0.8587,1.6543
0.8597,1.6543
0.8607,1.6543
0.8617,1.6543
0.8627,1.6543
0.8637,1.6543
0.8647,1.6543
0.8657,1.6543
0.8667,1.6543
0.8677,1.6543
0.8687,1.6543
0.8697,1.6543
0.8707,1.6543
0.8717,1.6543
0.8727,1.6543
0.8737,1.6543
0.8747,1.6543
0.8757,1.6543
0.8767,1.6543
0.8777,1.6543
0.8786,1.6543
0.8796,1.6543
0.8806,1.6543
0.8816,1.6543
0.8826,1.6543
0.8836,1.6543
0.8846,1.6543
0.8866,1.6543
0.8876,1.6543
0.8876,1.6543
0.8886,1.6543
0.8896,1.6543
0.8906,1.6543
0.8916,1.6543
0.8926,1.6543
0.8936,1.6543
0.8956,1.6543
0.8966,1.6543
0.8976,1.6543
0.8986,1.6543
0.8996,1.6543
0.9006,1.6543
0.9016,1.6543
0.9026,1.6543
0.9036,1.6543
0.9046,1.6543
0.9056,1.6543
0.9066,1.6543
0.9076,1.6543
0.9086,1.6543
0.9096,1.6543
0.9106,1.6543
0.9116,1.6543
0.9126,1.6543
0.9136,1.6543
0.9146,1.6543
0.9155,1.6543
0.9165,1.6543
0.9175,1.6543
0.9185,1.6543
0.9195,1.6543
0.9205,1.6543
0.9215,1.6543
0.9225,1.6543
0.9235,1.6543
0.9245,1.6543
0.9255,1.6543
0.9265,1.6543
0.9275,1.6543
0.9285,1.6543
0.9295,1.6543
0.9305,1.6543
0.9315,1.6543
0.9325,1.6543
0.9335,1.6543
0.9345,1.6543
0.9365,1.6543
0.9375,1.6543
0.9385,1.6543
0.9395,1.6543
0.9405,1.6543
0.9415,1.6543
0.9425,1.6543
0.9455,1.6543
0.9505,1.6543
0.9515,1.6543
0.9525,1.6543
0.9525,1.6543
0.9525,1.6543
0.9534,1.6543
0.9534,1.6543
0.9534,1.6543
0.9544,1.6543
0.9544,1.6543
0.9554,1.6543
0.9554,1.6543
0.9564,1.6543
0.9574,1.6543
0.9584,1.6543
0.9594,1.6543
0.9604,1.6543
0.9614,1.6543
0.9624,1.6543
0.9634,1.6543
0.9644,1.6543
0.9654,1.6543
0.9664,1.6543
0.9674,1.6543
0.9694,1.6543
0.9694,1.6543
0.9704,1.6543
0.9714,1.6543
0.9724,1.6543
0.9734,1.6543
0.9744,1.6543
0.9764,1.6543
0.9774,1.6543
0.9784,1.6543
0.9794,1.6543
0.9804,1.6543
0.9814,1.6543
0.9824,1.6543
0.9834,1.6543
0.9844,1.6543
0.9854,1.6543
0.9864,1.6543
0.9874,1.6543
0.9884,1.6543
0.9894,1.6543
0.9903,1.6543
0.9913,1.6543
0.9923,1.6543
0.9933,1.6543
0.9943,1.6543
0.9953,1.6543
0.9963,1.6543
0.9973,1.6543
0.9983,1.6543
0.9993,1.6543
1.0003,1.6543
1.0013,1.6543
1.0023,1.6543
1.0033,1.6543
1.0043,1.6543
1.0053,1.6543
1.0063,1.6543
1.0073,1.6543
1.0083,1.6543
1.0093,1.6543
1.0103,1.6543
1.0113,1.6543
1.0133,1.6543
1.0143,1.6543
1.0153,1.6543
1.0153,1.6543
1.0173,1.6543
1.0183,1.6543
1.0193,1.6543
1.0203,1.6543
1.0213,1.6543
1.0223,1.6543
1.0233,1.6543
1.0243,1.6543
1.0253,1.6543
1.0263,1.6543
1.0273,1.6543
1.0282,1.6543
1.0292,1.6543
1.0302,1.6543
1.0312,1.6543
1.0322,1.6543
1.0332,1.6543
1.0352,1.6543
1.0352,1.6543
1.0362,1.6543
1.0372,1.6543
1.0382,1.6543
1.0392,1.6543
1.0402,1.6543
1.0412,1.6543
1.0422,1.6543
1.0442,1.6543
1.0442,1.6543
1.0462,1.6543
1.0472,1.6543
1.0482,1.6543
1.0492,1.6543
1.0502,1.6543
1.0512,1.6543
1.0522,1.6543
1.0532,1.6543
1.0612,1.6543
1.0622,1.6543
1.0632,1.6543
1.0632,1.6543
1.0642,1.6543
1.0652,1.6543
1.0652,1.6543
1.0652,1.6543
1.0661,1.6543
1.0661,1.6543
1.0661,1.6543
1.0671,1.6543
1.0671,1.6543
1.0671,1.6543
1.0681,1.6543
1.0691,1.6543
1.0701,1.6543
1.0711,1.6543
1.0731,1.6543
1.0731,1.6543
1.0751,1.6543
1.0751,1.6543
1.0771,1.6543
1.0781,1.6543
1.0791,1.6543
1.0801,1.6543
1.0811,1.6543
1.0821,1.6543
1.0831,1.6543
1.0841,1.6543
1.0851,1.6543
1.0861,1.6543
1.0871,1.6543
1.0881,1.6543
1.0891,1.6543
1.0901,1.6543
1.0911,1.6543
1.0921,1.6543
1.0931,1.6543
1.0941,1.6543
1.0951,1.6543
1.0961,1.6543
1.0971,1.6543
1.0981,1.6543
1.0991,1.6543
1.1001,1.6543
1.1011,1.6543
1.1020,1.6543
1.1030,1.6543
1.1040,1.6543
1.1050,1.6543
1.1070,1.6543
1.1080,1.6543
1.1090,1.6543
1.1100,1.6543
1.1110,1.6543
1.1120,1.6543
1.1130,1.6543
1.1140,1.6543
1.1150,1.6543
1.1160,1.6543
1.1170,1.6543
1.1180,1.6543
1.1190,1.6543
1.1200,1.6543
1.1210,1.6543
1.1220,1.6543
1.1230,1.6543
1.1240,1.6543
1.1250,1.6543
1.1260,1.6543
1.1270,1.6543
1.1280,1.6543
1.1290,1.6543
1.1300,1.6543
1.1310,1.6543
1.1320,1.6543
1.1330,1.6543
1.1340,1.6543
1.1350,1.6543
1.1360,1.6543
1.1370,1.6543
1.1380,1.6543
1.1399,1.6543
1.1409,1.6543
1.1419,1.6543
1.1429,1.6543
1.1439,1.6543
1.1449,1.6543
1.1459,1.6543
1.1469,1.6543
1.1479,1.6543
1.1489,1.6543
1.1499,1.6543
1.1509,1.6543
1.1519,1.6543
1.1529,1.6543
1.1539,1.6543
1.1549,1.6543
1.1559,1.6543
1.1569,1.6543
1.1579,1.6543
1.1589,1.6543
1.1599,1.6543
1.1609,1.6543
1.1619,1.6543
1.1629,1.6543
1.1679,1.6543
1.1709,1.6543
1.1709,1.6543
1.1719,1.6543
1.1719,1.6543
1.1729,1.6543
1.1729,1.6543
1.1729,1.6543
1.1729,1.6543
1.1739,1.6543
1.1739,1.6543
1.1749,1.6543
1.1759,1.6543
1.1769,1.6543
1.1778,1.6543
1.1798,1.6543
1.1808,1.6543
1.1808,1.6543
1.1828,1.6543
1.1838,1.6543
1.1848,1.6543
1.1858,1.6543
1.1868,1.6543
1.1878,1.6543
1.1888,1.6543
1.1898,1.6543
1.1908,1.6543
1.1918,1.6543
1.1928,1.6543
1.1938,1.6543
1.1948,1.6543
1.1958,1.6543
1.1968,1.6543
1.1978,1.6543
1.1988,1.6543
1.1998,1.6543
1.2008,1.6543
1.2018,1.6543
1.2028,1.6543
1.2038,1.6543
1.2048,1.6543
1.2058,1.6543
1.2068,1.6543
1.2078,1.6543
1.2088,1.6543
1.2098,1.6543
1.2108,1.6543
1.2118,1.6543
1.2128,1.6543
1.2138,1.6543
1.2147,1.6543
1.2157,1.6543
1.2167,1.6543
1.2177,1.6543
1.2187,1.6543
1.2207,1.6543
1.2217,1.6543
1.2227,1.6543
1.2237,1.6543
1.2247,1.6543
1.2257,1.6543
1.2267,1.6543
1.2277,1.6543
1.2287,1.6543
1.2297,1.6543
1.2307,1.6543
1.2317,1.6543
1.2327,1.6543
1.2337,1.6543
1.2347,1.6543
1.2357,1.6543
1.2367,1.6543
1.2377,1.6543
1.2387,1.6543
1.2397,1.6543
1.2407,1.6543
1.2417,1.6543
1.2427,1.6543
1.2437,1.6543
1.2447,1.6543
1.2457,1.6543
1.2467,1.6543
1.2477,1.6543
1.2487,1.6543
1.2497,1.6543
1.2507,1.6543
1.2517,1.6543
1.2526,1.6543
1.2536,1.6543
1.2546,1.6543
1.2556,1.6543
1.2566,1.6543
1.2576,1.6543
1.2586,1.6543
1.2606,1.6543
1.2616,1.6543
1.2626,1.6543
1.2636,1.6543
1.2646,1.6543
1.2656,1.6543
1.2666,1.6543
1.2676,1.6543
1.2686,1.6543
1.2696,1.6543
1.2706,1.6543
1.2716,1.6543
1.2726,1.6543
1.2756,1.6543
1.2806,1.6543
1.2806,1.6543
1.2816,1.6543
1.2816,1.6543
1.2826,1.6543
1.2826,1.6543
1.2826,1.6543
1.2836,1.6543
1.2836,1.6543
1.2846,1.6543
1.2846,1.6543
1.2856,1.6543
1.2866,1.6543
1.2876,1.6543
1.2886,1.6543
1.2896,1.6543
1.2905,1.6543
1.2915,1.6543
1.2925,1.6543
1.2935,1.6543
1.2945,1.6543
1.2955,1.6543
1.2965,1.6543
1.2975,1.6543
1.2985,1.6543
1.2995,1.6543
1.3015,1.6543
1.3025,1.6543
1.3035,1.6543
1.3045,1.6543
1.3055,1.6543
1.3065,1.6543
1.3075,1.6543
1.3085,1.6543
1.3095,1.6543
1.3105,1.6543
1.3115,1.6543
1.3125,1.6543
1.3135,1.6543
1.3145,1.6543
1.3155,1.6543
1.3165,1.6543
1.3175,1.6543
1.3185,1.6543
1.3195,1.6543
1.3205,1.6543
1.3215,1.6543
1.3225,1.6543
1.3235,1.6543
1.3245,1.6543
1.3255,1.6543
1.3265,1.6543
1.3274,1.6543
1.3294,1.6543
1.3294,1.6543
1.3311,1.6543
1.3321,1.6543
1.3331,1.6543
1.3341,1.6543
1.3351,1.6543
1.3361,1.6543
1.3371,1.6543
1.3382,1.6543
1.3392,1.6543
1.3402,1.6543
1.3412,1.6543
1.3432,1.6543
1.3442,1.6543
1.3452,1.6543
1.3461,1.6543
1.3471,1.6543
1.3482,1.6543
1.3492,1.6543
1.3502,1.6543
1.3512,1.6543
1.3512,1.6543
1.3532,1.6543
1.3541,1.6543
1.3552,1.6543
1.3562,1.6543
1.3571,1.6543
1.3582,1.6543
1.3591,1.6543
1.3602,1.6543
1.3611,1.6543
1.3622,1.6543
1.3632,1.6543
1.3641,1.6543
1.3652,1.6543
1.3662,1.6543
1.3672,1.6543
1.3681,1.6543
1.3689,1.6543
1.3701,1.6543
1.3712,1.6543
1.3722,1.6543
1.3732,1.6543
1.3740,1.6543
1.3752,1.6543
1.3762,1.6543
1.3832,1.6543
1.3842,1.6543
1.3842,1.6543
1.3852,1.6543
1.3852,1.6543
1.3852,1.6543
1.3861,1.6543
1.3861,1.6543
1.3861,1.6543
1.3861,1.6543
1.3882,1.6543
1.3892,1.6543
1.3902,1.6543
1.3911,1.6543
1.3922,1.6543
1.3931,1.6543
1.3941,1.6543
1.3952,1.6543
1.3962,1.6543
1.3970,1.6543
1.3980,1.6543
1.3992,1.6543
1.4002,1.6543
1.4012,1.6543
1.4022,1.6543
1.4032,1.6543
1.4042,1.6543
1.4052,1.6543
1.4062,1.6543
1.4072,1.6543
1.4082,1.6543
1.4090,1.6543
1.4102,1.6543
1.4112,1.6543
1.4122,1.6543
1.4132,1.6543
1.4142,1.6543
1.4152,1.6543
1.4162,1.6543
1.4172,1.6543
1.4182,1.6543
1.4192,1.6543
1.4202,1.6543
1.4211,1.6543
1.4232,1.6543
1.4232,1.6543
1.4252,1.6543
1.4262,1.6543
1.4271,1.6543
1.4282,1.6543
1.4292,1.6543
1.4302,1.6543
1.4312,1.6543
1.4321,1.6543
1.4332,1.6543
1.4342,1.6543
1.4351,1.6543
1.4360,1.6543
1.4371,1.6543
1.4382,1.6543
1.4391,1.6543
1.4402,1.6543
1.4410,1.6543
1.4421,1.6543
1.4432,1.6543
1.4441,1.6543
1.4452,1.6543
1.4462,1.6543
1.4472,1.6543
1.4482,1.6543
1.4491,1.6543
1.4502,1.6543
1.4512,1.6543
1.4522,1.6543
1.4532,1.6543
1.4541,1.6543
1.4551,1.6543
1.4562,1.6543
1.4571,1.6543
1.4582,1.6543
1.4592,1.6543
1.4602,1.6543
1.4612,1.6543
1.4622,1.6543
1.4642,1.6543
1.4642,1.6543
1.4662,1.6543
1.4672,1.6543
1.4682,1.6543
1.4692,1.6543
1.4702,1.6543
1.4712,1.6543
1.4722,1.6543
1.4732,1.6543
1.4742,1.6543
1.4752,1.6543
1.4761,1.6543
1.4772,1.6543
1.4782,1.6543
1.4792,1.6543
1.4802,1.6543
1.4811,1.6543
1.4822,1.6543
1.4831,1.6543
1.4842,1.6543
1.4851,1.6543
1.4862,1.6543
1.4872,1.6543
1.4942,1.6543
1.4952,1.6543
1.4961,1.6543
1.4961,1.6543
1.4961,1.6543
1.4971,1.6543
1.4971,1.6543
1.4971,1.6543
1.4971,1.6543
1.4981,1.6543
1.4981,1.6543
1.4992,1.6543
1.5002,1.6543
1.5011,1.6543
1.5021,1.6543
1.5042,1.6543
1.5051,1.6543
1.5062,1.6543
1.5071,1.6543
1.5082,1.6543
1.5092,1.6543
1.5102,1.6543
1.5112,1.6543
1.5112,1.6543
1.5132,1.6543
1.5141,1.6543
1.5151,1.6543
1.5161,1.6543
1.5171,1.6543
1.5181,1.6543
1.5191,1.6543
1.5202,1.6543
1.5210,1.6543
1.5222,1.6543
1.5230,1.6543
1.5242,1.6543
1.5250,1.6543
1.5262,1.6543
1.5272,1.6543
1.5282,1.6543
1.5292,1.6543
1.5302,1.6543
1.5312,1.6543
1.5322,1.6543
1.5332,1.6543
1.5342,1.6543
1.5351,1.6543
1.5361,1.6543
1.5371,1.6543
1.5381,1.6543
1.5391,1.6543
1.5401,1.6543
1.5411,1.6543
1.5421,1.6543
1.5431,1.6543
1.5441,1.6543
1.5462,1.6543
1.5462,1.6543
1.5482,1.6543
1.5492,1.6543
1.5502,1.6543
1.5512,1.6543
1.5512,1.6543
1.5532,1.6543
1.5542,1.6543
1.5551,1.6543
1.5562,1.6543
1.5572,1.6543
1.5581,1.6543
1.5592,1.6543
1.5601,1.6543
1.5612,1.6543
1.5622,1.6543
1.5632,1.6543
1.5642,1.6543
1.5651,1.6543
1.5662,1.6543
1.5672,1.6543
1.5682,1.6543
1.5692,1.6543
1.5702,1.6543
1.5712,1.6543
1.5722,1.6543
1.5732,1.6543
1.5740,1.6543
1.5752,1.6543
1.5761,1.6543
1.5772,1.6543
1.5782,1.6543
1.5792,1.6543
1.5801,1.6543
1.5811,1.6543
1.5821,1.6543
1.5831,1.6543
1.5841,1.6543
1.5862,1.6543
1.5872,1.6543
1.5882,1.6543
1.5892,1.6543
1.5902,1.6543
1.5911,1.6543
1.5922,1.6543
1.5932,1.6543
1.5942,1.6543
1.5952,1.6543
1.5962,1.6543
1.5970,1.6543
1.5982,1.6543
1.5991,1.6543
1.6070,1.6543
1.6080,1.6543
1.6080,1.6543
1.6090,1.6543
1.6090,1.6543
1.6090,1.6543
1.6090,1.6543
1.6100,1.6543
1.6100,1.6543
1.6100,1.6543
1.6110,1.6543
1.6110,1.6543
1.6122,1.6543
1.6132,1.6543
1.6140,1.6543
1.6152,1.6543
1.6162,1.6543
1.6171,1.6543
1.6181,1.6543
1.6190,1.6543
1.6202,1.6543
1.6211,1.6543
1.6222,1.6543
1.6232,1.6543
1.6244,1.6543
1.6250,1.6543
1.6272,1.6543
1.6282,1.6543
1.6291,1.6543
1.6302,1.6543
1.6312,1.6543
1.6322,1.6543
1.6322,1.6543
1.6342,1.6543
1.6342,1.6543
1.6361,1.6543
1.6372,1.6543
1.6382,1.6543
1.6392,1.6543
1.6402,1.6543
1.6411,1.6543
1.6422,1.6543
1.6431,1.6543
1.6442,1.6543
1.6452,1.6543
1.6462,1.6543
1.6472,1.6543
1.6482,1.6543
1.6492,1.6543
1.6502,1.6543
1.6512,1.6543
1.6522,1.6543
1.6532,1.6543
1.6541,1.6543
1.6551,1.6543
1.6562,1.6543
1.6572,1.6543
1.6582,1.6543
1.6592,1.6543
1.6601,1.6543
1.6611,1.6543
1.6621,1.6543
1.6631,1.6543
1.6640,1.6543
1.6662,1.6543
1.6672,1.6543
1.6680,1.6543
1.6692,1.6543
1.6701,1.6543
1.6712,1.6543
1.6722,1.6543
1.6732,1.6543
1.6740,1.6543
1.6752,1.6543
1.6762,1.6543
1.6772,1.6543
1.6782,1.6543
1.6792,1.6543
1.6801,1.6543
1.6812,1.6543
1.6821,1.6543
1.6832,1.6543
1.6842,1.6543
1.6851,1.6543
1.6862,1.6543
1.6871,1.6543
1.6882,1.6543
1.6892,1.6543
1.6902,1.6543
1.6912,1.6543
1.6922,1.6543
1.6931,1.6543
1.6942,1.6543
1.6952,1.6543
1.6962,1.6543
1.6972,1.6543
1.6982,1.6543
1.6991,1.6543
1.7002,1.6543
1.7012,1.6543
1.7021,1.6543
1.7032,1.6543
1.7041,1.6543
1.7062,1.6543
1.7071,1.6543
1.7082,1.6543
1.7092,1.6543
1.7102,1.6543
1.7122,1.6543
1.7171,1.6543
1.7271,1.6543
1.7351,1.6543
1.7351,1.6543
1.7351,1.6543
1.7361,1.6543
1.7361,1.6543
1.7371,1.6543
1.7371,1.6543
1.7371,1.6543
1.7381,1.6543
1.7381,1.6543
1.7381,1.6543
1.7391,1.6543
1.7391,1.6543
1.7391,1.6543
1.7401,1.6543
1.7401,1.6543
1.7401,1.6543
1.7411,1.6543
1.7411,1.6543
1.7411,1.6543
1.7421,1.6543
1.7421,1.6543
1.7421,1.6543
1.7431,1.6543
1.7431,1.6543
1.7441,1.6543
1.7441,1.6543
1.7441,1.6543
1.7451,1.6543
1.7451,1.6543
1.7451,1.6543
1.7461,1.6543
1.7472,1.6543
1.7481,1.6543
1.7492,1.6543
1.7502,1.6543
1.7512,1.6543
1.7522,1.6543
1.7532,1.6543
1.7542,1.6543
1.7551,1.6543
1.7562,1.6543
1.7572,1.6543
1.7582,1.6543
1.7582,1.6543
1.7602,1.6543
1.7612,1.6543
1.7622,1.6543
1.7632,1.6543
1.7641,1.6543
1.7651,1.6543
1.7661,1.6543
1.7671,1.6543
1.7680,1.6543
1.7690,1.6543
1.7701,1.6543
1.7711,1.6543
1.7721,1.6543
1.7731,1.6543
1.7741,1.6543
1.7751,1.6543
1.7761,1.6543
1.7771,1.6543
1.7781,1.6543
1.7791,1.6543
1.7801,1.6543
1.7811,1.6543
1.7821,1.6543
1.7831,1.6543
1.7841,1.6543
1.7851,1.6543
1.7861,1.6543
1.7881,1.6543
1.7881,1.6543
1.7901,1.6543
1.7911,1.6543
1.7921,1.6543
1.7932,1.6543
1.7941,1.6543
1.7951,1.6543
1.7961,1.6543
1.7971,1.6543
1.7981,1.6543
1.7991,1.6543
1.8001,1.6543
1.8011,1.6543
1.8021,1.6543
1.8031,1.6543
1.8041,1.6543
1.8051,1.6543
1.8061,1.6543
1.8071,1.6543
1.8081,1.6543
1.8091,1.6543
1.8101,1.6543
1.8111,1.6543
1.8121,1.6543
1.8131,1.6543
1.8151,1.6543
1.8221,1.6543
1.8231,1.6543
1.8231,1.6543
1.8241,1.6543
1.8241,1.6543
1.8241,1.6543
1.8251,1.6543
1.8251,1.6543
1.8251,1.6543
1.8261,1.6543
1.8261,1.6543
1.8261,1.6543
1.8282,1.6543
1.8291,1.6543
1.8302,1.6543
1.8312,1.6543
1.8321,1.6543
1.8332,1.6543
1.8340,1.6543
1.8350,1.6543
1.8362,1.6543
1.8370,1.6543
1.8382,1.6543
1.8390,1.6543
1.8400,1.6543
1.8412,1.6543
1.8420,1.6543
1.8432,1.6543
1.8440,1.6543
1.8452,1.6543
1.8462,1.6543
1.8472,1.6543
1.8482,1.6543
1.8491,1.6543
1.8502,1.6543
1.8511,1.6543
1.8521,1.6543
1.8532,1.6543
1.8541,1.6543
1.8552,1.6543
1.8560,1.6543
1.8572,1.6543
1.8582,1.6543
1.8592,1.6543
1.8601,1.6543
1.8612,1.6543
1.8621,1.6543
1.8631,1.6543
1.8641,1.6543
1.8652,1.6543
1.8661,1.6543
1.8669,1.6543
1.8691,1.6543
1.8699,1.6543
1.8712,1.6543
1.8722,1.6543
1.8732,1.6543
1.8742,1.6543
1.8751,1.6543
1.8761,1.6543
1.8771,1.6543
1.8782,1.6543
1.8791,1.6543
1.8802,1.6543
1.8812,1.6543
1.8821,1.6543
1.8831,1.6543
1.8842,1.6543
1.8852,1.6543
1.8862,1.6543
1.8872,1.6543
1.8881,1.6543
1.8891,1.6543
1.8901,1.6543
1.8912,1.6543
1.8921,1.6543
1.8932,1.6543
1.8941,1.6543
1.8950,1.6543
1.8962,1.6543
1.8970,1.6543
1.8982,1.6543
1.8990,1.6543
1.9002,1.6543
1.9012,1.6543
1.9020,1.6543
1.9032,1.6543
1.9040,1.6543
1.9051,1.6543
1.9061,1.6543
1.9071,1.6543
1.9092,1.6543
1.9101,1.6543
1.9112,1.6543
1.9121,1.6543
1.9132,1.6543
1.9142,1.6543
1.9151,1.6543
1.9162,1.6543
1.9172,1.6543
1.9181,1.6543
1.9192,1.6543
1.9201,1.6543
1.9211,1.6543
1.9221,1.6543
1.9241,1.6543
1.9261,1.6543
1.9331,1.6543
1.9341,1.6543
1.9351,1.6543
1.9351,1.6543
1.9351,1.6543
1.9361,1.6543
1.9361,1.6543
1.9371,1.6543
1.9371,1.6543
1.9371,1.6543
1.9381,1.6543
1.9381,1.6543
1.9381,1.6543
1.9391,1.6543
1.9391,1.6543
1.9401,1.6543
1.9411,1.6543
1.9421,1.6543
1.9432,1.6543
1.9441,1.6543
1.9452,1.6543
1.9460,1.6543
1.9471,1.6543
1.9482,1.6543
1.9502,1.6543
1.9512,1.6543
1.9521,1.6543
1.9531,1.6543
1.9541,1.6543
1.9552,1.6543
1.9562,1.6543
1.9572,1.6543
1.9580,1.6543
1.9591,1.6543
1.9602,1.6543
1.9612,1.6543
1.9622,1.6543
1.9631,1.6543
1.9642,1.6543
1.9651,1.6543
1.9661,1.6543
1.9672,1.6543
1.9680,1.6543
1.9692,1.6543
1.9702,1.6543
1.9712,1.6543
1.9722,1.6543
1.9732,1.6543
1.9741,1.6543
1.9752,1.6543
1.9761,1.6543
1.9772,1.6543
1.9781,1.6543
1.9792,1.6543
1.9802,1.6543
1.9812,1.6543
1.9820,1.6543
1.9832,1.6543
1.9840,1.6543
1.9846,1.6543
1.9862,1.6543
1.9872,1.6543
1.9882,1.6543
1.9892,1.6543
1.9912,1.6543
1.9922,1.6543
1.9932,1.6543
1.9942,1.6543
1.9949,1.6543
1.9961,1.6543
1.9969,1.6543
1.9981,1.6543
1.9992,1.6543
2.0001,1.6543
2.0012,1.6543
2.0012,1.6543
2.0032,1.6543
2.0040,1.6543
2.0051,1.6543
2.0062,1.6543
2.0072,1.6543
2.0081,1.6543
2.0092,1.6543
2.0101,1.6543
2.0112,1.6543
2.0122,1.6543
2.0131,1.6543
2.0141,1.6543
2.0151,1.6543
2.0161,1.6543
2.0172,1.6543
2.0181,1.6543
2.0191,1.6543
2.0201,1.6543
2.0211,1.6543
2.0222,1.6543
2.0231,1.6543
2.0241,1.6543
2.0252,1.6543
2.0261,1.6543
2.0271,1.6543
2.0281,1.6543
2.0291,1.6543
2.0312,1.6543
2.0321,1.6543
2.0331,1.6543
2.0421,1.6543
2.0431,1.6543
2.0431,1.6543
2.0441,1.6543
2.0441,1.6543
2.0441,1.6543
2.0451,1.6543
2.0451,1.6543
2.0451,1.6543
2.0461,1.6543
2.0461,1.6543
2.0471,1.6543
2.0471,1.6543
2.0471,1.6543
2.0481,1.6543
2.0492,1.6543
2.0502,1.6543
2.0512,1.6543
2.0522,1.6543
2.0532,1.6543
2.0541,1.6543
2.0552,1.6543
2.0561,1.6543
2.0571,1.6543
2.0582,1.6543
2.0591,1.6543
2.0602,1.6543
2.0611,1.6543
2.0622,1.6543
2.0631,1.6543
2.0642,1.6543
2.0651,1.6543
2.0661,1.6543
2.0672,1.6543
2.0681,1.6543
2.0689,1.6543
2.0702,1.6543
2.0722,1.6543
2.0732,1.6543
2.0742,1.6543
2.0752,1.6543
2.0752,1.6543
2.0772,1.6543
2.0782,1.6543
2.0790,1.6543
2.0802,1.6543
2.0811,1.6543
2.0821,1.6543
2.0832,1.6543
2.0832,1.6543
2.0851,1.6543
2.0860,1.6543
2.0872,1.6543
2.0881,1.6543
2.0892,1.6543
2.0901,1.6543
2.0912,1.6543
2.0921,1.6543
2.0931,1.6543
2.0941,1.6543
2.0951,1.6543
2.0962,1.6543
2.0971,1.6543
2.0981,1.6543
2.0992,1.6543
2.1002,1.6543
2.1012,1.6543
2.1022,1.6543
2.1032,1.6543
2.1040,1.6543
2.1052,1.6543
2.1060,1.6543
2.1072,1.6543
2.1080,1.6543
2.1092,1.6543
2.1102,1.6543
2.1112,1.6543
2.1132,1.6543
2.1132,1.6543
2.1152,1.6543
2.1162,1.6543
2.1171,1.6543
2.1181,1.6543
2.1191,1.6543
2.1202,1.6543
2.1211,1.6543
2.1222,1.6543
2.1232,1.6543
2.1241,1.6543
2.1252,1.6543
2.1260,1.6543
2.1272,1.6543
2.1282,1.6543
2.1291,1.6543
2.1302,1.6543
2.1311,1.6543
2.1322,1.6543
2.1332,1.6543
2.1341,1.6543
2.1351,1.6543
2.1361,1.6543
2.1371,1.6543
2.1382,1.6543
2.1401,1.6543
2.1401,1.6543
2.1411,1.6543
2.1423,1.6543
2.1431,1.6543
2.1461,1.6543
2.1531,1.6543
2.1531,1.6543
2.1541,1.6543
2.1541,1.6543
2.1551,1.6543
2.1551,1.6543
2.1551,1.6543
2.1561,1.6543
2.1561,1.6543
2.1561,1.6543
2.1571,1.6543
2.1571,1.6543
2.1571,1.6543
2.1593,1.6543
2.1600,1.6543
2.1612,1.6543
2.1622,1.6543
2.1631,1.6543
2.1640,1.6543
2.1653,1.6543
2.1653,1.6543
2.1673,1.6543
2.1684,1.6543
2.1684,1.6543
2.1703,1.6543
2.1712,1.6543
2.1723,1.6543
2.1731,1.6543
2.1743,1.6543
2.1743,1.6543
2.1764,1.6543
2.1764,1.6543
2.1783,1.6543
2.1783,1.6543
2.1803,1.6543
2.1803,1.6543
2.1823,1.6543
2.1823,1.6543
2.1843,1.6543
2.1853,1.6543
2.1864,1.6543
2.1864,1.6543
2.1873,1.6543
2.1883,1.6543
2.1893,1.6543
2.1913,1.6543
2.1934,1.6543
2.1934,1.6543
2.1953,1.6543
2.1953,1.6543
2.1973,1.6543
2.1973,1.6543
2.1993,1.6543
2.1993,1.6543
2.2014,1.6543
2.2024,1.6543
2.2033,1.6543
2.2033,1.6543
2.2053,1.6543
2.2053,1.6543
2.2073,1.6543
2.2073,1.6543
2.2093,1.6543
2.2093,1.6543
2.2114,1.6543
2.2114,1.6543
2.2133,1.6543
2.2133,1.6543
2.2153,1.6543
2.2153,1.6543
2.2173,1.6543
2.2183,1.6543
2.2192,1.6543
2.2203,1.6543
2.2203,1.6543
2.2223,1.6543
2.2223,1.6543
2.2241,1.6543
2.2253,1.6543
2.2253,1.6543
2.2273,1.6543
2.2273,1.6543
2.2293,1.6543
2.2293,1.6543
2.2313,1.6543
2.2313,1.6543
2.2334,1.6543
2.2343,1.6543
2.2363,1.6543
2.2370,1.6543
2.2382,1.6543
2.2390,1.6543
2.2403,1.6543
2.2403,1.6543
2.2424,1.6543
2.2424,1.6543
2.2443,1.6543
2.2443,1.6543
2.2463,1.6543
2.2463,1.6543
2.2483,1.6543
2.2483,1.6543
2.2503,1.6543
2.2503,1.6543
2.2523,1.6543
2.2531,1.6543
2.2561,1.6543
2.2631,1.6543
2.2631,1.6543
2.2641,1.6543
2.2641,1.6543
2.2641,1.6543
2.2651,1.6543
2.2651,1.6543
2.2661,1.6543
2.2661,1.6543
2.2661,1.6543
2.2671,1.6543
2.2671,1.6543
2.2671,1.6543
2.2681,1.6543
2.2691,1.6543
2.2703,1.6543
2.2703,1.6543
2.2723,1.6543
2.2733,1.6543
2.2743,1.6543
2.2753,1.6543
2.2773,1.6543
2.2773,1.6543
2.2793,1.6543
2.2793,1.6543
2.2813,1.6543
2.2813,1.6543
2.2833,1.6543
2.2833,1.6543
2.2843,1.6543
2.2862,1.6543
2.2871,1.6543
2.2881,1.6543
2.2893,1.6543
2.2901,1.6543
2.2913,1.6543
2.2913,1.6543
2.2933,1.6543
2.2933,1.6543
2.2953,1.6543
2.2953,1.6543
2.2973,1.6543
2.2973,1.6543
2.2993,1.6543
2.2993,1.6543
2.3013,1.6543
2.3023,1.6543
2.3033,1.6543
2.3043,1.6543
2.3053,1.6543
2.3063,1.6543
2.3063,1.6543
2.3083,1.6543
2.3083,1.6543
2.3103,1.6543
2.3103,1.6543
2.3123,1.6543
2.3133,1.6543
2.3153,1.6543
2.3153,1.6543
2.3173,1.6543
2.3173,1.6543
2.3193,1.6543
2.3193,1.6543
2.3213,1.6543
2.3213,1.6543
2.3234,1.6543
2.3234,1.6543
2.3253,1.6543
2.3253,1.6543
2.3273,1.6543
2.3273,1.6543
2.3293,1.6543
2.3293,1.6543
2.3313,1.6543
2.3313,1.6543
2.3333,1.6543
2.3333,1.6543
2.3343,1.6543
2.3363,1.6543
2.3363,1.6543
2.3381,1.6543
2.3391,1.6543
2.3402,1.6543
2.3410,1.6543
2.3421,1.6543
2.3432,1.6543
2.3440,1.6543
2.3451,1.6543
2.3462,1.6543
2.3470,1.6543
2.3483,1.6543
2.3490,1.6543
2.3503,1.6543
2.3513,1.6543
2.3523,1.6543
2.3531,1.6543
2.3553,1.6543
2.3553,1.6543
2.3573,1.6543
2.3573,1.6543
2.3593,1.6543
2.3593,1.6543
2.3603,1.6543
2.3613,1.6543
2.3633,1.6543
2.3733,1.6543
2.3743,1.6543
2.3743,1.6543
2.3743,1.6543
2.3753,1.6543
2.3753,1.6543
2.3753,1.6543
2.3763,1.6543
2.3763,1.6543
2.3773,1.6543
2.3773,1.6543
2.3773,1.6543
2.3783,1.6543
2.3783,1.6543
2.3783,1.6543
2.3793,1.6543
2.3802,1.6543
2.3812,1.6543
2.3822,1.6543
2.3833,1.6543
2.3842,1.6543
2.3851,1.6543
2.3863,1.6543
2.3863,1.6543
2.3884,1.6543
2.3884,1.6543
2.3903,1.6543
2.3903,1.6543
2.3924,1.6543
2.3924,1.6543
2.3944,1.6543
2.3952,1.6543
2.3962,1.6543
2.3972,1.6543
2.3993,1.6543
2.4000,1.6543
2.4013,1.6543
2.4023,1.6543
2.4023,1.6543
2.4043,1.6543
2.4043,1.6543
2.4064,1.6543
2.4064,1.6543
2.4073,1.6543
2.4093,1.6543
2.4093,1.6543
2.4113,1.6543
2.4113,1.6543
2.4133,1.6543
2.4143,1.6543
2.4153,1.6543
2.4153,1.6543
2.4173,1.6543
2.4183,1.6543
2.4193,1.6543
2.4193,1.6543
2.4213,1.6543
2.4213,1.6543
2.4233,1.6543
2.4233,1.6543
2.4253,1.6543
2.4253,1.6543
2.4273,1.6543
2.4273,1.6543
2.4293,1.6543
2.4303,1.6543
2.4313,1.6543
2.4313,1.6543
2.4334,1.6543
2.4343,1.6543
2.4353,1.6543
2.4361,1.6543
2.4383,1.6543
2.4383,1.6543
2.4403,1.6543
2.4411,1.6543
2.4423,1.6543
2.4423,1.6543
2.4443,1.6543
2.4443,1.6543
2.4463,1.6543
2.4463,1.6543
2.4483,1.6543
2.4483,1.6543
2.4503,1.6543
2.4503,1.6543
2.4523,1.6543
2.4523,1.6543
2.4543,1.6543
2.4543,1.6543
2.4563,1.6543
2.4563,1.6543
2.4583,1.6543
2.4583,1.6543
2.4603,1.6543
2.4603,1.6543
2.4623,1.6543
2.4631,1.6543
2.4643,1.6543
2.4651,1.6543
2.4663,1.6543
2.4671,1.6543
2.4681,1.6543
2.4691,1.6543
2.4731,1.6543
2.4801,1.6543
2.4811,1.6543
2.4811,1.6543
2.4811,1.6543
2.4821,1.6543
2.4821,1.6543
2.4831,1.6543
2.4831,1.6543
2.4831,1.6543
2.4841,1.6543
2.4841,1.6543
2.4851,1.6543
2.4851,1.6543
2.4851,1.6543
2.4861,1.6543
2.4871,1.6543
2.4881,1.6543
2.4892,1.6543
2.4903,1.6543
2.4903,1.6543
2.4924,1.6543
2.4924,1.6543
2.4943,1.6543
2.4943,1.6543
2.4963,1.6543
2.4963,1.6543
2.4983,1.6543
2.4983,1.6543
2.5003,1.6543
2.5013,1.6543
2.5023,1.6543
2.5023,1.6543
2.5043,1.6543
2.5043,1.6543
2.5063,1.6543
2.5063,1.6543
2.5083,1.6543
2.5083,1.6543
2.5103,1.6543
2.5103,1.6543
2.5123,1.6543
2.5123,1.6543
2.5143,1.6543
2.5143,1.6543
2.5164,1.6543
2.5164,1.6543
2.5191,1.6543
2.5200,1.6543
2.5212,1.6543
2.5220,1.6543
2.5232,1.6543
2.5240,1.6543
2.5253,1.6543
2.5253,1.6543
2.5273,1.6543
2.5273,1.6543
2.5283,1.6543
2.5303,1.6543
2.5303,1.6543
2.5323,1.6543
2.5323,1.6543
2.5343,1.6543
2.5353,1.6543
2.5363,1.6543
2.5371,1.6543
2.5383,1.6543
2.5391,1.6543
2.5401,1.6543
2.5413,1.6543
2.5421,1.6543
2.5431,1.6543
2.5443,1.6543
2.5451,1.6543
2.5463,1.6543
2.5463,1.6543
2.5483,1.6543
2.5483,1.6543
2.5503,1.6543
2.5503,1.6543
2.5523,1.6543
2.5531,1.6543
2.5543,1.6543
2.5551,1.6543
2.5561,1.6543
2.5573,1.6543
2.5594,1.6543
2.5594,1.6543
2.5614,1.6543
2.5614,1.6543
2.5634,1.6543
2.5634,1.6543
2.5653,1.6543
2.5653,1.6543
2.5673,1.6543
2.5683,1.6543
2.5693,1.6543
2.5699,1.6543
2.5713,1.6543
2.5713,1.6543
2.5733,1.6543
2.5733,1.6543
2.5753,1.6543
2.5753,1.6543
2.5773,1.6543
2.5773,1.6543
2.5793,1.6543
2.5793,1.6543
2.5843,1.6543
2.5913,1.6543
2.5913,1.6543
2.5923,1.6543
2.5923,1.6543
2.5933,1.6543
2.5933,1.6543
2.5933,1.6543
2.5943,1.6543
2.5943,1.6543
2.5943,1.6543
2.5953,1.6543
2.5953,1.6543
2.5953,1.6543
2.5963,1.6543
2.5963,1.6543
2.5973,1.6543
2.5983,1.6543
2.6004,1.6543
2.6004,1.6543
2.6021,1.6543
2.6033,1.6543
2.6033,1.6543
2.6053,1.6543
2.6061,1.6543
2.6073,1.6543
2.6073,1.6543
2.6093,1.6543
2.6101,1.6543
2.6113,1.6543
2.6121,1.6543
2.6133,1.6543
2.6141,1.6543
2.6153,1.6543
2.6153,1.6543
2.6173,1.6543
2.6183,1.6543
2.6183,1.6543
2.6203,1.6543
2.6203,1.6543
2.6223,1.6543
2.6223,1.6543
2.6243,1.6543
2.6243,1.6543
2.6263,1.6543
2.6263,1.6543
2.6283,1.6543
2.6283,1.6543
2.6301,1.6543
2.6311,1.6543
2.6321,1.6543
2.6332,1.6543
2.6341,1.6543
2.6351,1.6543
2.6361,1.6543
2.6371,1.6543
2.6392,1.6543
2.6400,1.6543
2.6411,1.6543
2.6422,1.6543
2.6431,1.6543
2.6441,1.6543
2.6451,1.6543
2.6451,1.6543
2.6472,1.6543
2.6482,1.6543
2.6491,1.6543
2.6491,1.6543
2.6512,1.6543
2.6512,1.6543
2.6532,1.6543
2.6540,1.6543
2.6550,1.6543
2.6562,1.6543
2.6570,1.6543
2.6582,1.6543
2.6591,1.6543
2.6601,1.6543
2.6612,1.6543
2.6620,1.6543
2.6632,1.6543
2.6640,1.6543
2.6651,1.6543
2.6661,1.6543
2.6672,1.6543
2.6682,1.6543
2.6692,1.6543
2.6702,1.6543
2.6712,1.6543
2.6722,1.6543
2.6732,1.6543
2.6742,1.6543
2.6752,1.6543
2.6761,1.6543
2.6770,1.6543
2.6782,1.6543
2.6802,1.6543
2.6811,1.6543
2.6821,1.6543
2.6832,1.6543
2.6841,1.6543
2.6841,1.6543
2.6862,1.6543
2.6871,1.6543
2.6881,1.6543
2.6891,1.6543
2.6901,1.6543
2.6912,1.6543
2.6931,1.6543
2.7011,1.6543
2.7021,1.6543
2.7031,1.6543
2.7031,1.6543
2.7031,1.6543
2.7041,1.6543
2.7041,1.6543
2.7051,1.6543
2.7051,1.6543
2.7051,1.6543
2.7061,1.6543
2.7061,1.6543
2.7061,1.6543
2.7071,1.6543
2.7071,1.6543
2.7081,1.6543
2.7092,1.6543
2.7101,1.6543
2.7111,1.6543
2.7121,1.6543
2.7131,1.6543
2.7141,1.6543
2.7151,1.6543
2.7162,1.6543
2.7171,1.6543
2.7181,1.6543
2.7202,1.6543
2.7212,1.6543
2.7222,1.6543
2.7232,1.6543
2.7242,1.6543
2.7251,1.6543
2.7261,1.6543
2.7272,1.6543
2.7281,1.6543
2.7291,1.6543
2.7301,1.6543
2.7311,1.6543
2.7321,1.6543
2.7332,1.6543
2.7341,1.6543
2.7351,1.6543
2.7362,1.6543
2.7371,1.6543
2.7382,1.6543
2.7392,1.6543
2.7402,1.6543
2.7411,1.6543
2.7421,1.6543
2.7432,1.6543
2.7442,1.6543
2.7452,1.6543
2.7462,1.6543
2.7471,1.6543
2.7481,1.6543
2.7492,1.6543
2.7502,1.6543
2.7510,1.6543
2.7520,1.6543
2.7532,1.6543
2.7540,1.6543
2.7552,1.6543
2.7559,1.6543
2.7571,1.6543
2.7581,1.6543
2.7591,1.6543
2.7602,1.6543
2.7622,1.6543
2.7622,1.6543
2.7642,1.6543
2.7651,1.6543
2.7662,1.6543
2.7671,1.6543
2.7681,1.6543
2.7692,1.6543
2.7702,1.6543
2.7712,1.6543
2.7720,1.6543
2.7732,1.6543
2.7740,1.6543
2.7752,1.6543
2.7759,1.6543
2.7772,1.6543
2.7780,1.6543
2.7792,1.6543
2.7800,1.6543
2.7812,1.6543
2.7822,1.6543
2.7832,1.6543
2.7842,1.6543
2.7852,1.6543
2.7862,1.6543
2.7872,1.6543
2.7882,1.6543
2.7891,1.6543
2.7901,1.6543
2.7912,1.6543
2.7921,1.6543
2.7932,1.6543
2.7942,1.6543
2.7951,1.6543
2.7962,1.6543
2.7971,1.6543
2.7981,1.6543
2.7991,1.6543
2.8001,1.6543
2.8012,1.6543
2.8032,1.6543
2.8051,1.6543
2.8111,1.6543
2.8121,1.6543
2.8131,1.6543
2.8131,1.6543
2.8131,1.6543
2.8141,1.6543
2.8141,1.6543
2.8141,1.6543
2.8151,1.6543
2.8151,1.6543
2.8161,1.6543
2.8161,1.6543
2.8172,1.6543
2.8181,1.6543
2.8191,1.6543
2.8202,1.6543
2.8211,1.6543
2.8221,1.6543
2.8232,1.6543
2.8240,1.6543
2.8252,1.6543
2.8260,1.6543
2.8272,1.6543
2.8280,1.6543
2.8290,1.6543
2.8302,1.6543
2.8311,1.6543
2.8321,1.6543
2.8331,1.6543
2.8341,1.6543
2.8351,1.6543
2.8362,1.6543
2.8371,1.6543
2.8381,1.6543
2.8392,1.6543
2.8402,1.6543
2.8411,1.6543
2.8432,1.6543
2.8432,1.6543
2.8442,1.6543
2.8462,1.6543
2.8462,1.6543
2.8482,1.6543
2.8491,1.6543
2.8501,1.6543
2.8512,1.6543
2.8521,1.6543
2.8532,1.6543
2.8541,1.6543
2.8551,1.6543
2.8561,1.6543
2.8572,1.6543
2.8572,1.6543
2.8592,1.6543
2.8602,1.6543
2.8611,1.6543
2.8622,1.6543
2.8631,1.6543
2.8642,1.6543
2.8652,1.6543
2.8662,1.6543
2.8670,1.6543
2.8680,1.6543
2.8692,1.6543
2.8702,1.6543
2.8711,1.6543
2.8718,1.6543
2.8730,1.6543
2.8740,1.6543
2.8752,1.6543
2.8760,1.6543
2.8772,1.6543
2.8781,1.6543
2.8791,1.6543
2.8801,1.6543
2.8811,1.6543
2.8832,1.6543
2.8840,1.6543
2.8851,1.6543
2.8862,1.6543
2.8871,1.6543
2.8882,1.6543
2.8891,1.6543
2.8901,1.6543
2.8911,1.6543
2.8921,1.6543
2.8932,1.6543
2.8942,1.6543
2.8952,1.6543
2.8961,1.6543
2.8972,1.6543
2.8982,1.6543
2.8982,1.6543
2.9002,1.6543
2.9012,1.6543
2.9022,1.6543
2.9032,1.6543
2.9041,1.6543
2.9051,1.6543
2.9062,1.6543
2.9070,1.6543
2.9081,1.6543
2.9091,1.6543
2.9101,1.6543
2.9112,1.6543
2.9122,1.6543
2.9151,1.6543
2.9231,1.6543
2.9241,1.6543
2.9241,1.6543
2.9251,1.6543
2.9251,1.6543
2.9251,1.6543
2.9261,1.6543
2.9261,1.6543
2.9261,1.6543
2.9271,1.6543
2.9271,1.6543
2.9271,1.6543
2.9281,1.6543
2.9281,1.6543
2.9281,1.6543
2.9302,1.6543
2.9311,1.6543
2.9321,1.6543
2.9331,1.6543
2.9341,1.6543
2.9351,1.6543
2.9362,1.6543
2.9370,1.6543
2.9382,1.6543
2.9390,1.6543
2.9402,1.6543
2.9410,1.6543
2.9422,1.6543
2.9430,1.6543
2.9442,1.6543
2.9450,1.6543
2.9462,1.6543
2.9470,1.6543
2.9482,1.6543
2.9490,1.6543
2.9502,1.6543
2.9511,1.6543
2.9522,1.6543
2.9532,1.6543
2.9541,1.6543
2.9551,1.6543
2.9562,1.6543
2.9571,1.6543
2.9582,1.6543
2.9592,1.6543
2.9602,1.6543
2.9612,1.6543
2.9622,1.6543
2.9642,1.6543
2.9652,1.6543
2.9662,1.6543
2.9672,1.6543
2.9681,1.6543
2.9692,1.6543
2.9701,1.6543
2.9711,1.6543
2.9722,1.6543
2.9731,1.6543
2.9741,1.6543
2.9751,1.6543
2.9762,1.6543
2.9771,1.6543
2.9782,1.6543
2.9790,1.6543
2.9801,1.6543
2.9812,1.6543
2.9821,1.6543
2.9821,1.6543
2.9842,1.6543
2.9852,1.6543
2.9862,1.6543
2.9871,1.6543
2.9881,1.6543
2.9891,1.6543
2.9901,1.6543
2.9912,1.6543
2.9922,1.6543
2.9932,1.6543
2.9942,1.6543
2.9952,1.6543
2.9960,1.6543
2.9971,1.6543
2.9981,1.6543
3.0000,1.6543
3.0010,1.6543
3.0010,1.6543
3.0020,1.6543
3.0041,1.6543
3.0050,1.6543
3.0057,1.6543
3.0072,1.6543
3.0079,1.6543
3.0089,1.6543
3.0099,1.6543
3.0109,1.6543
3.0121,1.6543
3.0131,1.6543
3.0141,1.6543
3.0152,1.6543
3.0161,1.6543
3.0170,1.6543
3.0180,1.6543
3.0210,1.6543
3.0290,1.6543
3.0310,1.6543
3.0310,1.6543
3.0320,1.6543
3.0320,1.6543
3.0330,1.6543
3.0330,1.6543
3.0330,1.6543
3.0340,1.6543
3.0350,1.6543
3.0360,1.6543
3.0360,1.6543
3.0360,1.6543
3.0370,1.6543
3.0370,1.6543
3.0370,1.6543
3.0380,1.6543
3.0396,1.6543
3.0406,1.6543
3.0406,1.6543
3.0417,1.6543
3.0417,1.6543
3.0427,1.6543
3.0427,1.6543
3.0450,1.6543
3.0456,1.6543
3.0471,1.6543
3.0481,1.6543
3.0481,1.6543
3.0501,1.6543
3.0521,1.6543
3.0531,1.6543
3.0531,1.6543
3.0541,1.6543
3.0551,1.6543
3.0561,1.6543
3.0571,1.6543
3.0581,1.6543
3.0591,1.6543
3.0600,1.6543
3.0620,1.6543
3.0630,1.6543
3.0630,1.6543
3.0641,1.6543
3.0651,1.6543
3.0660,1.6543
3.0680,1.6543
3.0680,1.6543
3.0690,1.6543
3.0700,1.6543
3.0710,1.6543
3.0720,1.6543
3.0740,1.6543
3.0752,1.6543
3.0752,1.6543
3.0762,1.6543
3.0772,1.6543
3.0782,1.6543
3.0792,1.6543
3.0800,1.6543
3.0810,1.6543
3.0820,1.6543
3.0830,1.6543
3.0850,1.6543
3.0861,1.6543
3.0871,1.6543
3.0881,1.6543
3.0891,1.6543
3.0901,1.6543
3.0911,1.6543
3.0921,1.6543
3.0931,1.6543
3.0941,1.6543
3.0951,1.6543
3.0961,1.6543
3.0970,1.6543
3.0980,1.6543
3.0990,1.6543
3.0998,1.6543
3.1018,1.6543
3.1018,1.6543
3.1028,1.6543
3.1039,1.6543
3.1048,1.6543
3.1059,1.6543
3.1069,1.6543
3.1078,1.6543
3.1088,1.6543
3.1098,1.6543
3.1109,1.6543
3.1119,1.6543
3.1129,1.6543
3.1139,1.6543
3.1149,1.6543
3.1158,1.6543
3.1169,1.6543
3.1178,1.6543
3.1189,1.6543
3.1199,1.6543
3.1208,1.6543
3.1220,1.6543
3.1229,1.6543
3.1239,1.6543
3.1259,1.6543
3.1269,1.6543
3.1269,1.6543
3.1289,1.6543
3.1309,1.6543
3.1399,1.6543
3.1409,1.6543
3.1419,1.6543
3.1419,1.6543
3.1429,1.6543
3.1439,1.6543
3.1439,1.6543
3.1439,1.6543
3.1449,1.6543
3.1449,1.6543
3.1449,1.6543
3.1459,1.6543
3.1459,1.6543
3.1469,1.6543
3.1469,1.6543
3.1479,1.6543
3.1479,1.6543
3.1489,1.6543
3.1489,1.6543
3.1499,1.6543
3.1519,1.6543
3.1529,1.6543
3.1529,1.6543
3.1538,1.6543
3.1550,1.6543
3.1558,1.6543
3.1569,1.6543
3.1579,1.6543
3.1589,1.6543
3.1598,1.6543
3.1609,1.6543
3.1618,1.6543
3.1628,1.6543
3.1638,1.6543
3.1652,1.6543
3.1658,1.6543
3.1678,1.6543
3.1688,1.6543
3.1698,1.6543
3.1709,1.6543
3.1718,1.6543
3.1729,1.6543
3.1738,1.6543
3.1749,1.6543
3.1758,1.6543
3.1769,1.6543
3.1779,1.6543
3.1789,1.6543
3.1799,1.6543
3.1809,1.6543
3.1819,1.6543
3.1829,1.6543
3.1839,1.6543
3.1853,1.6543
3.1858,1.6543
3.1870,1.6543
3.1878,1.6543
3.1890,1.6543
3.1899,1.6543
3.1909,1.6543
3.1920,1.6543
3.1930,1.6543
3.1940,1.6543
3.1950,1.6543
3.1960,1.6543
3.1970,1.6543
3.1978,1.6543
3.1989,1.6543
3.1999,1.6543
3.2008,1.6543
3.2018,1.6543
3.2028,1.6543
3.2038,1.6543
3.2048,1.6543
3.2068,1.6543
3.2078,1.6543
3.2089,1.6543
3.2098,1.6543
3.2109,1.6543
3.2119,1.6543
3.2129,1.6543
3.2139,1.6543
3.2156,1.6543
3.2156,1.6543
3.2166,1.6543
3.2176,1.6543
3.2186,1.6543
3.2198,1.6543
3.2208,1.6543
3.2218,1.6543
3.2226,1.6543
3.2236,1.6543
3.2246,1.6543
3.2256,1.6543
3.2266,1.6543
3.2276,1.6543
3.2286,1.6543
3.2296,1.6543
3.2308,1.6543
3.2318,1.6543
3.2329,1.6543
3.2339,1.6543
3.2357,1.6543
3.2387,1.6543
3.2477,1.6543
3.2497,1.6543
3.2506,1.6543
3.2516,1.6543
3.2526,1.6543
3.2526,1.6543
3.2537,1.6543
3.2546,1.6543
3.2546,1.6543
3.2557,1.6543
3.2566,1.6543
3.2566,1.6543
3.2577,1.6543
3.2577,1.6543
3.2596,1.6543
3.2596,1.6543
3.2606,1.6543
3.2616,1.6543
3.2616,1.6543
3.2626,1.6543
3.2626,1.6543
3.2636,1.6543
3.2646,1.6543
3.2646,1.6543
3.2656,1.6543
3.2666,1.6543
3.2666,1.6543
3.2676,1.6543
3.2676,1.6543
3.2706,1.6543
3.2706,1.6543
3.2716,1.6543
3.2716,1.6543
3.2726,1.6543
3.2726,1.6543
3.2736,1.6543
3.2746,1.6543
3.2746,1.6543
3.2760,1.6543
3.2771,1.6543
3.2780,1.6543
3.2790,1.6543
3.2800,1.6543
3.2810,1.6543
3.2820,1.6543
3.2830,1.6543
3.2840,1.6543
3.2850,1.6543
3.2860,1.6543
3.2870,1.6543
3.2889,1.6543
3.2898,1.6543
3.2909,1.6543
3.2920,1.6543
3.2929,1.6543
3.2939,1.6543
3.2949,1.6543
3.2958,1.6543
3.2969,1.6543
3.2979,1.6543
3.2989,1.6543
3.2999,1.6543
3.3009,1.6543
3.3019,1.6543
3.3029,1.6543
3.3039,1.6543
3.3049,1.6543
3.3059,1.6543
3.3069,1.6543
3.3078,1.6543
3.3089,1.6543
3.3099,1.6543
3.3109,1.6543
3.3118,1.6543
3.3129,1.6543
3.3138,1.6543
3.3148,1.6543
3.3159,1.6543
3.3170,1.6543
3.3177,1.6543
3.3189,1.6543
3.3198,1.6543
3.3209,1.6543
3.3219,1.6543
3.3229,1.6543
3.3239,1.6543
3.3248,1.6543
3.3258,1.6543
3.3268,1.6543
3.3289,1.6543
3.3300,1.6543
3.3311,1.6543
3.3320,1.6543
3.3329,1.6543
3.3340,1.6543
3.3349,1.6543
3.3360,1.6543
3.3370,1.6543
3.3379,1.6543
3.3389,1.6543
3.3399,1.6543
3.3409,1.6543
3.3419,1.6543
3.3429,1.6543
3.3439,1.6543
3.3449,1.6543
3.3459,1.6543
3.3469,1.6543
3.3479,1.6543
3.3489,1.6543
3.3499,1.6543
3.3510,1.6543
3.3519,1.6543
3.3529,1.6543
3.3549,1.6543
3.3639,1.6543
3.3639,1.6543
3.3659,1.6543
3.3659,1.6543
3.3669,1.6543
3.3669,1.6543
3.3679,1.6543
3.3679,1.6543
3.3689,1.6543
3.3689,1.6543
3.3689,1.6543
3.3699,1.6543
3.3699,1.6543
3.3709,1.6543
3.3709,1.6543
3.3719,1.6543
3.3719,1.6543
3.3729,1.6543
3.3740,1.6543
3.3749,1.6543
3.3758,1.6543
3.3768,1.6543
3.3778,1.6543
3.3789,1.6543
3.3800,1.6543
3.3810,1.6543
3.3820,1.6543
3.3830,1.6543
3.3839,1.6543
3.3849,1.6543
3.3859,1.6543
3.3869,1.6543
3.3878,1.6543
3.3889,1.6543
3.3899,1.6543
3.3910,1.6543
3.3918,1.6543
3.3929,1.6543
3.3939,1.6543
3.3949,1.6543
3.3960,1.6543
3.3970,1.6543
3.3978,1.6543
3.3989,1.6543
3.3999,1.6543
3.4009,1.6543
3.4019,1.6543
3.4029,1.6543
3.4039,1.6543
3.4049,1.6543
3.4059,1.6543
3.4069,1.6543
3.4079,1.6543
3.4098,1.6543
3.4108,1.6543
3.4108,1.6543
3.4128,1.6543
3.4139,1.6543
3.4148,1.6543
3.4158,1.6543
3.4169,1.6543
3.4178,1.6543
3.4190,1.6543
3.4199,1.6543
3.4209,1.6543
3.4219,1.6543
3.4229,1.6543
3.4239,1.6543
3.4249,1.6543
3.4258,1.6543
3.4269,1.6543
3.4279,1.6543
3.4289,1.6543
3.4298,1.6543
3.4309,1.6543
3.4319,1.6543
3.4329,1.6543
3.4339,1.6543
3.4349,1.6543
3.4359,1.6543
3.4369,1.6543
3.4379,1.6543
3.4389,1.6543
3.4399,1.6543
3.4409,1.6543
3.4419,1.6543
3.4429,1.6543
3.4439,1.6543
3.4449,1.6543
3.4459,1.6543
3.4469,1.6543
3.4479,1.6543
3.4489,1.6543
3.4499,1.6543
3.4519,1.6543
3.4529,1.6543
3.4539,1.6543
3.4549,1.6543
3.4559,1.6543
3.4569,1.6543
3.4579,1.6543
3.4588,1.6543
3.4598,1.6543
3.4608,1.6543
3.4618,1.6543
3.4628,1.6543
3.4638,1.6543
3.4678,1.6543
3.4808,1.6543
3.4818,1.6543
3.4828,1.6543
3.4828,1.6543
3.4838,1.6543
3.4848,1.6543
3.4858,1.6543
3.4868,1.6543
3.4868,1.6543
3.4878,1.6543
3.4888,1.6543
3.4898,1.6543
3.4908,1.6543
3.4908,1.6543
3.4918,1.6543
3.4928,1.6543
3.4928,1.6543
3.4938,1.6543
3.4948,1.6543
3.4958,1.6543
3.4967,1.6543
3.4967,1.6543
3.4977,1.6543
3.4987,1.6543
3.4997,1.6543
3.5007,1.6543
3.5017,1.6543
3.5027,1.6543
3.5027,1.6543
3.5037,1.6543
3.5047,1.6543
3.5047,1.6543
3.5057,1.6543
3.5067,1.6543
3.5067,1.6543
3.5077,1.6543
3.5087,1.6543
3.5087,1.6543
3.5097,1.6543
3.5107,1.6543
3.5107,1.6543
3.5117,1.6543
3.5117,1.6543
3.5127,1.6543
3.5137,1.6543
3.5147,1.6543
3.5157,1.6543
3.5157,1.6543
3.5167,1.6543
3.5187,1.6543
3.5187,1.6543
3.5197,1.6543
3.5197,1.6543
3.5207,1.6543
3.5207,1.6543
3.5217,1.6543
3.5227,1.6543
3.5237,1.6543
3.5247,1.6543
3.5258,1.6543
3.5268,1.6543
3.5278,1.6543
3.5288,1.6543
3.5298,1.6543
3.5318,1.6543
3.5328,1.6543
3.5338,1.6543
3.5348,1.6543
3.5358,1.6543
3.5368,1.6543
3.5378,1.6543
3.5388,1.6543
3.5398,1.6543
3.5408,1.6543
3.5418,1.6543
3.5428,1.6543
3.5438,1.6543
3.5448,1.6543
3.5458,1.6543
3.5468,1.6543
3.5478,1.6543
3.5488,1.6543
3.5498,1.6543
3.5508,1.6543
3.5518,1.6543
3.5528,1.6543
3.5538,1.6543
3.5550,1.6543
3.5558,1.6543
3.5569,1.6543
3.5579,1.6543
3.5589,1.6543
3.5599,1.6543
3.5608,1.6543
3.5618,1.6543
3.5629,1.6543
3.5668,1.6543
3.5748,1.6543
3.5758,1.6543
3.5768,1.6543
3.5768,1.6543
3.5768,1.6543
3.5778,1.6543
3.5788,1.6543
3.5788,1.6543
3.5798,1.6543
3.5798,1.6543
3.5808,1.6543
3.5808,1.6543
3.5818,1.6543
3.5818,1.6543
3.5828,1.6543
3.5828,1.6543
3.5828,1.6543
3.5838,1.6543
3.5848,1.6543
3.5848,1.6543
3.5858,1.6543
3.5868,1.6543
3.5878,1.6543
3.5888,1.6543
3.5898,1.6543
3.5908,1.6543
3.5918,1.6543
3.5928,1.6543
3.5938,1.6543
3.5948,1.6543
3.5958,1.6543
3.5968,1.6543
3.5978,1.6543
3.5988,1.6543
3.5998,1.6543
3.6008,1.6543
3.6018,1.6543
3.6027,1.6543
3.6037,1.6543
3.6047,1.6543
3.6057,1.6543
3.6067,1.6543
3.6077,1.6543
3.6087,1.6543
3.6097,1.6543
3.6107,1.6543
3.6127,1.6543
3.6137,1.6543
3.6150,1.6543
3.6157,1.6543
3.6167,1.6543
3.6177,1.6543
3.6187,1.6543
3.6197,1.6543
3.6207,1.6543
3.6217,1.6543
3.6227,1.6543
3.6237,1.6543
3.6249,1.6543
3.6258,1.6543
3.6267,1.6543
3.6277,1.6543
3.6287,1.6543
3.6297,1.6543
3.6307,1.6543
3.6317,1.6543
3.6327,1.6543
3.6337,1.6543
3.6349,1.6543
3.6359,1.6543
3.6370,1.6543
3.6379,1.6543
3.6388,1.6543
3.6398,1.6543
3.6408,1.6543
3.6418,1.6543
3.6428,1.6543
3.6437,1.6543
3.6447,1.6543
3.6459,1.6543
3.6469,1.6543
3.6479,1.6543
3.6490,1.6543
3.6498,1.6543
3.6508,1.6543
3.6518,1.6543
3.6528,1.6543
3.6548,1.6543
3.6557,1.6543
3.6567,1.6543
3.6579,1.6543
3.6590,1.6543
3.6599,1.6543
3.6610,1.6543
3.6619,1.6543
3.6629,1.6543
3.6640,1.6543
3.6649,1.6543
3.6659,1.6543
3.6669,1.6543
3.6679,1.6543
3.6689,1.6543
3.6699,1.6543
3.6709,1.6543
3.6719,1.6543
3.6729,1.6543
3.6739,1.6543
3.6769,1.6543
3.6839,1.6543
3.6859,1.6543
3.6859,1.6543
3.6869,1.6543
3.6869,1.6543
3.6879,1.6543
3.6879,1.6543
3.6879,1.6543
3.6889,1.6543
3.6889,1.6543
3.6889,1.6543
3.6899,1.6543
3.6899,1.6543
3.6899,1.6543
3.6909,1.6543
3.6909,1.6543
3.6919,1.6543
3.6939,1.6543
3.6949,1.6543
3.6959,1.6543
3.6969,1.6543
3.6979,1.6543
3.6989,1.6543
3.6999,1.6543
3.7009,1.6543
3.7019,1.6543
3.7029,1.6543
3.7039,1.6543
3.7049,1.6543
3.7059,1.6543
3.7069,1.6543
3.7079,1.6543
3.7089,1.6543
3.7099,1.6543
3.7109,1.6543
3.7120,1.6543
3.7130,1.6543
3.7141,1.6543
3.7151,1.6543
3.7161,1.6543
3.7171,1.6543
3.7180,1.6543
3.7190,1.6543
3.7200,1.6543
3.7210,1.6543
3.7220,1.6543
3.7230,1.6543
3.7240,1.6543
3.7251,1.6543
3.7260,1.6543
3.7270,1.6543
3.7280,1.6543
3.7290,1.6543
3.7300,1.6543
3.7309,1.6543
3.7319,1.6543
3.7329,1.6543
3.7349,1.6543
3.7359,1.6543
3.7369,1.6543
3.7379,1.6543
3.7390,1.6543
3.7400,1.6543
3.7411,1.6543
3.7420,1.6543
3.7430,1.6543
3.7440,1.6543
3.7450,1.6543
3.7460,1.6543
3.7470,1.6543
3.7479,1.6543
3.7490,1.6543
3.7499,1.6543
3.7509,1.6543
3.7519,1.6543
3.7529,1.6543
3.7539,1.6543
3.7549,1.6543
3.7559,1.6543
3.7569,1.6543
3.7579,1.6543
3.7589,1.6543
3.7599,1.6543
3.7609,1.6543
3.7619,1.6543
3.7629,1.6543
3.7639,1.6543
3.7649,1.6543
3.7659,1.6543
3.7669,1.6543
3.7679,1.6543
3.7689,1.6543
3.7698,1.6543
3.7709,1.6543
3.7719,1.6543
3.7729,1.6543
3.7739,1.6543
3.7759,1.6543
3.7769,1.6543
3.7779,1.6543
3.7789,1.6543
3.7799,1.6543
3.7809,1.6543
3.7819,1.6543
3.7829,1.6543
3.7839,1.6543
3.7859,1.6543
3.7909,1.6543
3.7968,1.6543
3.7968,1.6543
3.7968,1.6543
3.7978,1.6543
3.7989,1.6543
3.7989,1.6543
3.7999,1.6543
3.7999,1.6543
3.8009,1.6543
3.8009,1.6543
3.8018,1.6543
3.8018,1.6543
3.8028,1.6543
3.8028,1.6543
3.8028,1.6543
3.8038,1.6543
3.8038,1.6543
3.8048,1.6543
3.8058,1.6543
3.8058,1.6543
3.8068,1.6543
3.8078,1.6543
3.8088,1.6543
3.8098,1.6543
3.8108,1.6543
3.8118,1.6543
3.8128,1.6543
3.8138,1.6543
3.8158,1.6543
3.8168,1.6543
3.8178,1.6543
3.8188,1.6543
3.8198,1.6543
3.8209,1.6543
3.8219,1.6543
3.8229,1.6543
3.8239,1.6543
3.8250,1.6543
3.8259,1.6543
3.8269,1.6543
3.8279,1.6543
3.8290,1.6543
3.8299,1.6543
3.8309,1.6543
3.8319,1.6543
3.8329,1.6543
3.8339,1.6543
3.8349,1.6543
3.8359,1.6543
3.8369,1.6543
3.8379,1.6543
3.8389,1.6543
3.8399,1.6543
3.8409,1.6543
3.8419,1.6543
3.8429,1.6543
3.8439,1.6543
3.8449,1.6543
3.8459,1.6543
3.8469,1.6543
3.8479,1.6543
3.8489,1.6543
3.8499,1.6543
3.8509,1.6543
3.8519,1.6543
3.8529,1.6543
3.8539,1.6543
3.8550,1.6543
3.8560,1.6543
3.8579,1.6543
3.8589,1.6543
3.8600,1.6543
3.8610,1.6543
3.8620,1.6543
3.8630,1.6543
3.8640,1.6543
3.8649,1.6543
3.8659,1.6543
3.8669,1.6543
3.8679,1.6543
3.8689,1.6543
3.8699,1.6543
3.8709,1.6543
3.8719,1.6543
3.8729,1.6543
3.8739,1.6543
3.8749,1.6543
3.8759,1.6543
3.8769,1.6543
3.8779,1.6543
3.8789,1.6543
3.8799,1.6543
3.8809,1.6543
3.8819,1.6543
3.8829,1.6543
3.8839,1.6543
3.8850,1.6543
3.8859,1.6543
3.8869,1.6543
3.8879,1.6543
3.8889,1.6543
3.8900,1.6543
3.8910,1.6543
3.8920,1.6543
3.8959,1.6543
3.9029,1.6543
3.9029,1.6543
3.9039,1.6543
3.9039,1.6543
3.9049,1.6543
3.9049,1.6543
3.9049,1.6543
3.9059,1.6543
3.9059,1.6543
3.9059,1.6543
3.9059,1.6543
3.9069,1.6543
3.9069,1.6543
3.9079,1.6543
3.9089,1.6543
3.9099,1.6543
3.9109,1.6543
3.9119,1.6543
3.9130,1.6543
3.9140,1.6543
3.9150,1.6543
3.9160,1.6543
3.9170,1.6543
3.9175,1.6543
3.9185,1.6543
3.9199,1.6543
3.9210,1.6543
3.9220,1.6543
3.9230,1.6543
3.9240,1.6543
3.9250,1.6543
3.9260,1.6543
3.9269,1.6543
3.9279,1.6543
3.9289,1.6543
3.9300,1.6543
3.9310,1.6543
3.9320,1.6543
3.9329,1.6543
3.9339,1.6543
3.9349,1.6543
3.9359,1.6543
3.9379,1.6543
3.9389,1.6543
3.9400,1.6543
3.9410,1.6543
3.9419,1.6543
3.9430,1.6543
3.9439,1.6543
3.9451,1.6543
3.9460,1.6543
3.9470,1.6543
3.9480,1.6543
3.9490,1.6543
3.9499,1.6543
3.9509,1.6543
3.9519,1.6543
3.9529,1.6543
3.9539,1.6543
3.9549,1.6543
3.9559,1.6543
3.9569,1.6543
3.9579,1.6543
3.9589,1.6543
3.9599,1.6543
3.9609,1.6543
3.9619,1.6543
3.9629,1.6543
3.9639,1.6543
3.9649,1.6543
3.9659,1.6543
3.9669,1.6543
3.9679,1.6543
3.9689,1.6543
3.9699,1.6543
3.9709,1.6543
3.9719,1.6543
3.9729,1.6543
3.9739,1.6543
3.9749,1.6543
3.9759,1.6543
3.9769,1.6543
3.9789,1.6543
3.9799,1.6543
3.9809,1.6543
3.9819,1.6543
3.9829,1.6543
3.9839,1.6543
3.9849,1.6543
3.9859,1.6543
3.9869,1.6543
3.9879,1.6543
3.9889,1.6543
3.9899,1.6543
3.9909,1.6543
3.9919,1.6543
3.9929,1.6543
3.9940,1.6543
3.9951,1.6543
3.9959,1.6543
3.9970,1.6543
3.9981,1.6543
3.9989,1.6543
3.9999,1.6543
4.0009,1.6543
4.0019,1.6543
4.0029,1.6543
4.0059,1.6543
4.0118,1.6543
4.0128,1.6543
4.0128,1.6543
4.0128,1.6543
4.0138,1.6543
4.0138,1.6543
4.0138,1.6543
4.0148,1.6543
4.0148,1.6543
4.0148,1.6543
4.0158,1.6543
4.0158,1.6543
4.0170,1.6543
4.0180,1.6543
4.0200,1.6543
4.0210,1.6543
4.0219,1.6543
4.0230,1.6543
4.0240,1.6543
4.0250,1.6543
4.0259,1.6543
4.0270,1.6543
4.0279,1.6543
4.0289,1.6543
4.0298,1.6543
4.0309,1.6543
4.0318,1.6543
4.0329,1.6543
4.0339,1.6543
4.0350,1.6543
4.0360,1.6543
4.0369,1.6543
4.0380,1.6543
4.0390,1.6543
4.0400,1.6543
4.0409,1.6543
4.0420,1.6543
4.0430,1.6543
4.0439,1.6543
4.0449,1.6543
4.0459,1.6543
4.0469,1.6543
4.0479,1.6543
4.0489,1.6543
4.0499,1.6543
4.0509,1.6543
4.0519,1.6543
4.0529,1.6543
4.0539,1.6543
4.0549,1.6543
4.0559,1.6543
4.0569,1.6543
4.0589,1.6543
4.0599,1.6543
4.0609,1.6543
4.0619,1.6543
4.0630,1.6543
4.0640,1.6543
4.0649,1.6543
4.0659,1.6543
4.0670,1.6543
4.0676,1.6543
4.0686,1.6543
4.0699,1.6543
4.0710,1.6543
4.0721,1.6543
4.0730,1.6543
4.0741,1.6543
4.0751,1.6543
4.0761,1.6543
4.0769,1.6543
4.0779,1.6543
4.0789,1.6543
4.0800,1.6543
4.0810,1.6543
4.0820,1.6543
4.0830,1.6543
4.0839,1.6543
4.0849,1.6543
4.0859,1.6543
4.0869,1.6543
4.0879,1.6543
4.0889,1.6543
4.0899,1.6543
4.0909,1.6543
4.0919,1.6543
4.0929,1.6543
4.0939,1.6543
4.0949,1.6543
4.0959,1.6543
4.0969,1.6543
4.0979,1.6543
4.0999,1.6543
4.1008,1.6543
4.1018,1.6543
4.1028,1.6543
4.1038,1.6543
4.1048,1.6543
4.1058,1.6543
4.1070,1.6543
4.1079,1.6543
4.1089,1.6543
4.1099,1.6543
4.1109,1.6543
4.1119,1.6543
4.1139,1.6543
4.1149,1.6543
4.1169,1.6543
4.1239,1.6543
4.1249,1.6543
4.1249,1.6543
4.1259,1.6543
4.1269,1.6543
4.1269,1.6543
4.1279,1.6543
4.1289,1.6543
4.1289,1.6543
4.1299,1.6543
4.1319,1.6543
4.1359,1.6543
4.1359,1.6543
4.1368,1.6543
4.1378,1.6543
4.1388,1.6543
4.1388,1.6543
4.1398,1.6543
4.1418,1.6543
4.1418,1.6543
4.1428,1.6543
4.1438,1.6543
4.1448,1.6543
4.1458,1.6543
4.1458,1.6543
4.1468,1.6543
4.1478,1.6543
4.1478,1.6543
4.1488,1.6543
4.1488,1.6543
4.1498,1.6543
4.1508,1.6543
4.1508,1.6543
4.1528,1.6543
4.1528,1.6543
4.1538,1.6543
4.1548,1.6543
4.1548,1.6543
4.1558,1.6543
4.1568,1.6543
4.1568,1.6543
4.1588,1.6543
4.1598,1.6543
4.1618,1.6543
4.1628,1.6543
4.1628,1.6543
4.1638,1.6543
4.1648,1.6543
4.1658,1.6543
4.1847,1.6543
4.1867,1.6543
4.1867,1.6543
4.1877,1.6543
4.1887,1.6543
4.1977,1.6543
4.1987,1.6543
4.1997,1.6543
4.1997,1.6543
4.2007,1.6543
4.2027,1.6543
4.2037,1.6543
4.2047,1.6543
4.2047,1.6543
4.2057,1.6543
4.2067,1.6543
4.2067,1.6543
4.2077,1.6543
4.2087,1.6543
4.2087,1.6543
4.2097,1.6543
4.2107,1.6543
4.2116,1.6543
4.2116,1.6543
4.2126,1.6543
4.2136,1.6543
4.2136,1.6543
4.2146,1.6543
4.2156,1.6543
4.2156,1.6543
4.2166,1.6543
4.2176,1.6543
4.2186,1.6543
4.2476,1.6543
4.2486,1.6543
4.2496,1.6543
4.2505,1.6543
4.2515,1.6543
4.2525,1.6543
4.2535,1.6543
4.2545,1.6543
4.2545,1.6543
4.2555,1.6543
4.2565,1.6543
4.2565,1.6543
4.2575,1.6543
4.2585,1.6543
4.2585,1.6543
4.2595,1.6543
4.2605,1.6543
4.2605,1.6543
4.2615,1.6543
4.2615,1.6543
4.2625,1.6543
4.2635,1.6543
4.2635,1.6543
4.2645,1.6543
4.2655,1.6543
4.2655,1.6543
4.2665,1.6543
4.2675,1.6543
4.2685,1.6543
4.2685,1.6543
4.2695,1.6543
4.2695,1.6543
4.2705,1.6543
4.2705,1.6543
4.2715,1.6543
4.2725,1.6543
4.2725,1.6543
4.2735,1.6543
4.2745,1.6543
4.2745,1.6543
4.2755,1.6543
4.2755,1.6543
4.2765,1.6543
4.2775,1.6543
4.2775,1.6543
4.2785,1.6543
4.2785,1.6543
4.2795,1.6543
4.2795,1.6543
4.2865,1.6543
4.2894,1.6543
4.3024,1.6543
4.3024,1.6543
4.3034,1.6543
4.3044,1.6543
4.3054,1.6543
4.3064,1.6543
4.3074,1.6543
