0.6315,1.95
0.6315,1.94
0.6325,0.41
0.6325,2.13
0.6335,0.41
0.6335,2.13
0.6345,1.95
0.6345,1.94
0.6354,1.0
0.6354,1.65
0.6364,0.05
0.6364,1.36
0.6374,1.59
0.6374,1.17
0.6386,1.59
0.6386,1.17
0.6394,0.05
0.6394,1.36
0.6394,1.0
0.6394,1.65
0.6404,1.95
0.6404,1.94
0.6414,0.41
0.6414,2.13
0.6424,0.41
0.6424,2.13
0.6434,1.95
0.6434,1.94
0.6444,1.0
0.6444,1.65
0.6454,0.05
0.6454,1.36
0.6464,1.59
0.6464,1.17
0.6474,1.59
0.6474,1.17
0.6484,0.05
0.6484,1.36
0.6494,1.0
0.6494,1.65
0.6504,1.95
0.6504,1.94
0.6514,0.41
0.6514,2.13
0.6526,0.41
0.6526,2.13
0.6564,1.95
0.6564,1.94
0.6574,1.0
0.6574,1.65
0.6574,0.05
0.6574,1.36
0.6584,1.59
0.6584,1.17
0.6584,1.59
0.6584,1.17
0.6594,0.05
0.6594,1.36
0.6594,1.0
0.6594,1.65
0.6604,1.95
0.6604,1.94
0.6614,0.41
0.6614,2.13
0.6624,0.41
0.6624,2.13
0.6634,1.95
0.6634,1.94
0.6634,1.0
0.6634,1.65
0.6654,0.05
0.6654,1.36
0.6654,1.59
0.6654,1.17
0.6664,1.59
0.6664,1.17
0.6674,0.05
0.6674,1.36
0.6685,1.0
0.6685,1.65
0.6694,1.95
0.6694,1.94
0.6704,0.41
0.6704,2.13
0.6714,0.41
0.6714,2.13
0.6724,1.95
0.6724,1.94
0.6733,1.0
0.6733,1.65
0.6745,0.05
0.6745,1.36
0.6753,1.59
0.6753,1.17
0.6764,1.59
0.6764,1.17
0.6764,0.05
0.6764,1.36
0.6777,1.0
0.6777,1.65
0.6787,1.95
0.6787,1.94
0.6797,0.41
0.6797,2.13
0.6807,0.41
0.6807,2.13
0.6817,1.95
0.6817,1.94
0.6826,1.0
0.6826,1.65
0.6836,0.05
0.6836,1.36
0.6847,1.59
0.6847,1.17
0.6857,1.59
0.6857,1.17
0.6866,0.05
0.6866,1.36
0.6877,1.0
0.6877,1.65
0.6887,1.95
0.6887,1.94
0.6897,0.41
0.6897,2.13
0.6904,0.41
0.6904,2.13
0.6916,1.95
0.6916,1.94
0.6927,1.0
0.6927,1.65
0.6937,0.05
0.6937,1.36
0.6937,1.59
0.6937,1.17
0.6957,1.59
0.6957,1.17
0.6957,0.05
0.6957,1.36
0.6967,1.0
0.6967,1.65
0.6977,1.95
0.6977,1.94
0.6987,0.41
0.6987,2.13
0.6997,0.41
0.6997,2.13
0.7007,1.95
0.7007,1.94
0.7017,1.0
0.7017,1.65
0.7027,0.05
0.7027,1.36
0.7113,1.59
0.7113,1.17
0.7123,1.59
0.7123,1.17
0.7133,0.05
0.7133,1.36
0.7133,1.0
0.7133,1.65
0.7133,1.95
0.7133,1.94
0.7143,0.41
0.7143,2.13
0.7143,0.41
0.7143,2.13
0.7153,1.95
0.7153,1.94
0.7153,1.0
0.7153,1.65
0.7153,0.05
0.7153,1.36
0.7163,1.59
0.7163,1.17
0.7163,1.59
0.7163,1.17
0.7173,0.05
0.7173,1.36
0.7173,1.0
0.7173,1.65
0.7183,1.95
0.7183,1.94
0.7183,0.41
0.7183,2.13
0.7183,0.41
0.7183,2.13
0.7193,1.95
0.7193,1.94
0.7203,1.0
0.7203,1.65
0.7216,0.05
0.7216,1.36
0.7227,1.59
0.7227,1.17
0.7237,1.59
0.7237,1.17
0.7247,0.05
0.7247,1.36
0.7257,1.0
0.7257,1.65
0.7267,1.95
0.7267,1.94
0.7277,0.41
0.7277,2.13
0.7287,0.41
0.7287,2.13
0.7297,1.95
0.7297,1.94
0.7307,1.0
0.7307,1.65
0.7317,0.05
0.7317,1.36
0.7327,1.59
0.7327,1.17
0.7327,1.59
0.7327,1.17
0.7337,0.05
0.7337,1.36
0.7347,1.0
0.7347,1.65
0.7357,1.95
0.7357,1.94
0.7367,0.41
0.7367,2.13
0.7377,0.41
0.7377,2.13
0.7387,1.95
0.7387,1.94
0.7397,1.0
0.7397,1.65
0.7406,0.05
0.7406,1.36
0.7417,1.59
0.7417,1.17
0.7427,1.59
0.7427,1.17
0.7437,0.05
0.7437,1.36
0.7447,1.0
0.7447,1.65
0.7457,1.95
0.7457,1.94
0.7467,0.41
0.7467,2.13
0.7477,0.41
0.7477,2.13
0.7487,1.95
0.7487,1.94
0.7497,1.0
0.7497,1.65
0.7507,0.05
0.7507,1.36
0.7507,1.59
0.7507,1.17
0.7517,1.59
0.7517,1.17
0.7527,0.05
0.7527,1.36
0.7537,1.0
0.7537,1.65
0.7547,1.95
0.7547,1.94
0.7557,0.41
0.7557,2.13
0.7567,0.41
0.7567,2.13
0.7577,1.95
0.7577,1.94
0.7587,1.0
0.7587,1.65
0.7597,0.05
0.7597,1.36
0.7607,1.59
0.7607,1.17
0.7617,1.59
0.7617,1.17
0.7627,0.05
0.7627,1.36
0.7636,1.0
0.7636,1.65
0.7646,1.95
0.7646,1.94
0.7658,0.41
0.7658,2.13
0.7666,0.41
0.7666,2.13
0.7679,1.95
0.7679,1.94
0.7686,1.0
0.7686,1.65
0.7698,0.05
0.7698,1.36
0.7698,1.59
0.7698,1.17
0.7706,1.59
0.7706,1.17
0.7718,0.05
0.7718,1.36
0.7726,1.0
0.7726,1.65
0.7739,1.95
0.7739,1.94
0.7748,0.41
0.7748,2.13
0.7758,0.41
0.7758,2.13
0.7769,1.95
0.7769,1.94
0.7778,1.0
0.7778,1.65
0.7789,0.05
0.7789,1.36
0.7796,1.59
0.7796,1.17
0.7809,1.59
0.7809,1.17
0.7816,0.05
0.7816,1.36
0.7848,1.0
0.7848,1.65
0.7858,1.95
0.7858,1.94
0.7858,0.41
0.7858,2.13
0.7858,0.41
0.7858,2.13
0.7868,1.95
0.7868,1.94
0.7868,1.0
0.7868,1.65
0.7887,0.05
0.7887,1.36
0.7887,1.59
0.7887,1.17
0.7897,1.59
0.7897,1.17
0.7905,0.05
0.7905,1.36
0.7918,1.0
0.7918,1.65
0.7927,1.95
0.7927,1.94
0.7937,0.41
0.7937,2.13
0.7947,0.41
0.7947,2.13
0.7957,1.95
0.7957,1.94
0.7967,1.0
0.7967,1.65
0.7977,0.05
0.7977,1.36
0.7987,1.59
0.7987,1.17
0.7997,1.59
0.7997,1.17
0.8007,0.05
0.8007,1.36
0.8017,1.0
0.8017,1.65
0.8027,1.95
0.8027,1.94
0.8037,0.41
0.8037,2.13
0.8047,0.41
0.8047,2.13
0.8057,1.95
0.8057,1.94
0.8067,1.0
0.8067,1.65
0.8067,0.05
0.8067,1.36
0.8077,1.59
0.8077,1.17
0.8087,1.59
0.8087,1.17
0.8097,0.05
0.8097,1.36
0.8107,1.0
0.8107,1.65
0.8117,1.95
0.8117,1.94
0.8127,0.41
0.8127,2.13
0.8217,0.41
0.8217,2.13
0.8237,1.95
0.8237,1.94
0.8247,1.0
0.8247,1.65
0.8247,0.05
0.8247,1.36
0.8247,1.59
0.8247,1.17
0.8256,1.59
0.8256,1.17
0.8256,0.05
0.8256,1.36
0.8266,1.0
0.8266,1.65
0.8266,1.95
0.8266,1.94
0.8277,0.41
0.8277,2.13
0.8277,0.41
0.8277,2.13
0.8286,1.95
0.8286,1.94
0.8286,1.0
0.8286,1.65
0.8296,0.05
0.8296,1.36
0.8296,1.59
0.8296,1.17
0.8306,1.59
0.8306,1.17
0.8306,0.05
0.8306,1.36
0.8316,1.0
0.8316,1.65
0.8316,1.95
0.8316,1.94
0.8316,0.41
0.8316,2.13
0.8326,0.41
0.8326,2.13
0.8336,1.95
0.8336,1.94
0.8347,1.0
0.8347,1.65
0.8357,0.05
0.8357,1.36
0.8367,1.59
0.8367,1.17
0.8377,1.59
0.8377,1.17
0.8387,0.05
0.8387,1.36
0.8399,1.0
0.8399,1.65
0.8399,1.95
0.8399,1.94
0.8415,0.41
0.8415,2.13
0.8425,0.41
0.8425,2.13
0.8435,1.95
0.8435,1.94
0.8445,1.0
0.8445,1.65
0.8475,0.05
0.8475,1.36
0.8475,1.59
0.8475,1.17
0.8485,1.59
0.8485,1.17
0.8495,0.05
0.8495,1.36
0.8505,1.0
0.8505,1.65
0.8505,1.95
0.8505,1.94
0.8515,0.41
0.8515,2.13
0.8515,0.41
0.8515,2.13
0.8525,1.95
0.8525,1.94
0.8536,1.0
0.8536,1.65
0.8546,0.05
0.8546,1.36
0.8556,1.59
0.8556,1.17
0.8566,1.59
0.8566,1.17
0.8575,0.05
0.8575,1.36
0.8585,1.0
0.8585,1.65
0.8595,1.95
0.8595,1.94
0.8615,0.41
0.8615,2.13
0.8625,0.41
0.8625,2.13
0.8635,1.95
0.8635,1.94
0.8645,1.0
0.8645,1.65
0.8645,0.05
0.8645,1.36
0.8655,1.59
0.8655,1.17
0.8665,1.59
0.8665,1.17
0.8665,0.05
0.8665,1.36
0.8676,1.0
0.8676,1.65
0.8685,1.95
0.8685,1.94
0.8695,0.41
0.8695,2.13
0.8705,0.41
0.8705,2.13
0.8715,1.95
0.8715,1.94
0.8725,1.0
0.8725,1.65
0.8735,0.05
0.8735,1.36
0.8745,1.59
0.8745,1.17
0.8755,1.59
0.8755,1.17
0.8764,0.05
0.8764,1.36
0.8775,1.0
0.8775,1.65
0.8784,1.95
0.8784,1.94
0.8794,0.41
0.8794,2.13
0.8804,0.41
0.8804,2.13
0.8804,1.95
0.8804,1.94
0.8814,1.0
0.8814,1.65
0.8824,0.05
0.8824,1.36
0.8835,1.59
0.8835,1.17
0.8846,1.59
0.8846,1.17
0.8855,0.05
0.8855,1.36
0.8875,1.0
0.8875,1.65
0.8894,1.95
0.8894,1.94
0.8914,0.41
0.8914,2.13
0.8924,0.41
0.8924,2.13
0.8944,1.95
0.8944,1.94
0.8954,1.0
0.8954,1.65
0.8964,0.05
0.8964,1.36
0.8974,1.59
0.8974,1.17
0.8974,1.59
0.8974,1.17
0.8984,0.05
0.8984,1.36
0.8994,1.0
0.8994,1.65
0.8994,1.95
0.8994,1.94
0.9004,0.41
0.9004,2.13
0.9004,0.41
0.9004,2.13
0.9014,1.95
0.9014,1.94
0.9014,1.0
0.9014,1.65
0.9024,0.05
0.9024,1.36
0.9024,1.59
0.9024,1.17
0.9035,1.59
0.9035,1.17
0.9046,0.05
0.9046,1.36
0.9055,1.0
0.9055,1.65
0.9064,1.95
0.9064,1.94
0.9075,0.41
0.9075,2.13
0.9084,0.41
0.9084,2.13
0.9094,1.95
0.9094,1.94
0.9104,1.0
0.9104,1.65
0.9114,0.05
0.9114,1.36
0.9124,1.59
0.9124,1.17
0.9135,1.59
0.9135,1.17
0.9146,0.05
0.9146,1.36
0.9155,1.0
0.9155,1.65
0.9165,1.95
0.9165,1.94
0.9175,0.41
0.9175,2.13
0.9185,0.41
0.9185,2.13
0.9195,1.95
0.9195,1.94
0.9215,1.0
0.9215,1.65
0.9325,0.05
0.9325,1.36
0.9345,1.59
0.9345,1.17
0.9355,1.59
0.9355,1.17
0.9355,0.05
0.9355,1.36
0.9365,1.0
0.9365,1.65
0.9375,1.95
0.9375,1.94
0.9375,0.41
0.9375,2.13
0.9375,0.41
0.9375,2.13
0.9385,1.95
0.9385,1.94
0.9395,1.0
0.9395,1.65
0.9395,0.05
0.9395,1.36
0.9395,1.59
0.9395,1.17
0.9405,1.59
0.9405,1.17
0.9405,0.05
0.9405,1.36
0.9415,1.0
0.9415,1.65
0.9415,1.95
0.9415,1.94
0.9415,0.41
0.9415,2.13
0.9425,0.41
0.9425,2.13
0.9435,1.95
0.9435,1.94
0.9435,1.0
0.9435,1.65
0.9435,0.05
0.9435,1.36
0.9445,1.59
0.9445,1.17
0.9455,1.59
0.9455,1.17
0.9455,0.05
0.9455,1.36
0.9455,1.0
0.9455,1.65
0.9465,1.95
0.9465,1.94
0.9475,0.41
0.9475,2.13
0.9475,0.41
0.9475,2.13
0.9475,1.95
0.9475,1.94
0.9485,1.0
0.9485,1.65
0.9495,0.05
0.9495,1.36
0.9504,1.59
0.9504,1.17
0.9515,1.59
0.9515,1.17
0.9524,0.05
0.9524,1.36
0.9534,1.0
0.9534,1.65
0.9534,1.95
0.9534,1.94
0.9544,0.41
0.9544,2.13
0.9554,0.41
0.9554,2.13
0.9564,1.95
0.9564,1.94
0.9574,1.0
0.9574,1.65
0.9584,0.05
0.9584,1.36
0.9594,1.59
0.9594,1.17
0.9604,1.59
0.9604,1.17
0.9614,0.05
0.9614,1.36
0.9626,1.0
0.9626,1.65
0.9636,1.95
0.9636,1.94
0.9646,0.41
0.9646,2.13
0.9657,0.41
0.9657,2.13
0.9675,1.95
0.9675,1.94
0.9694,1.0
0.9694,1.65
0.9714,0.05
0.9714,1.36
0.9724,1.59
0.9724,1.17
0.9734,1.59
0.9734,1.17
0.9754,0.05
0.9754,1.36
0.9754,1.0
0.9754,1.65
0.9764,1.95
0.9764,1.94
0.9774,0.41
0.9774,2.13
0.9784,0.41
0.9784,2.13
0.9794,1.95
0.9794,1.94
0.9794,1.0
0.9794,1.65
0.9814,0.05
0.9814,1.36
0.9814,1.59
0.9814,1.17
0.9814,1.59
0.9814,1.17
0.9824,0.05
0.9824,1.36
0.9834,1.0
0.9834,1.65
0.9834,1.95
0.9834,1.94
0.9844,0.41
0.9844,2.13
0.9844,0.41
0.9844,2.13
0.9854,1.95
0.9854,1.94
0.9864,1.0
0.9864,1.65
0.9884,0.05
0.9884,1.36
0.9914,1.59
0.9914,1.17
0.9934,1.59
0.9934,1.17
0.9944,0.05
0.9944,1.36
0.9954,1.0
0.9954,1.65
0.9964,1.95
0.9964,1.94
0.9974,0.41
0.9974,2.13
0.9974,0.41
0.9974,2.13
0.9984,1.95
0.9984,1.94
0.9994,1.0
0.9994,1.65
1.0004,0.05
1.0004,1.36
1.0024,1.59
1.0024,1.17
1.0034,1.59
1.0034,1.17
1.0034,0.05
1.0034,1.36
1.0044,1.0
1.0044,1.65
1.0054,1.95
1.0054,1.94
1.0064,0.41
1.0064,2.13
1.0064,0.41
1.0064,2.13
1.0074,1.95
1.0074,1.94
1.0084,1.0
1.0084,1.65
1.0084,0.05
1.0084,1.36
1.0094,1.59
1.0094,1.17
1.0094,1.59
1.0094,1.17
1.0104,0.05
1.0104,1.36
1.0114,1.0
1.0114,1.65
1.0114,1.95
1.0114,1.94
1.0124,0.41
1.0124,2.13
1.0144,0.41
1.0144,2.13
1.0157,1.95
1.0157,1.94
1.0157,1.0
1.0157,1.65
1.0167,0.05
1.0167,1.36
1.0177,1.59
1.0177,1.17
1.0177,1.59
1.0177,1.17
1.0187,0.05
1.0187,1.36
1.0198,1.0
1.0198,1.65
1.0207,1.95
1.0207,1.94
1.0207,0.41
1.0207,2.13
1.0227,0.41
1.0227,2.13
1.0237,1.95
1.0237,1.94
1.0247,1.0
1.0247,1.65
1.0258,0.05
1.0258,1.36
1.0258,1.59
1.0258,1.17
1.0277,1.59
1.0277,1.17
1.0277,0.05
1.0277,1.36
1.0287,1.0
1.0287,1.65
1.0297,1.95
1.0297,1.94
1.0307,0.41
1.0307,2.13
1.0417,0.41
1.0417,2.13
1.0437,1.95
1.0437,1.94
1.0457,1.0
1.0457,1.65
1.0457,0.05
1.0457,1.36
1.0467,1.59
1.0467,1.17
1.0477,1.59
1.0477,1.17
1.0477,0.05
1.0477,1.36
1.0487,1.0
1.0487,1.65
1.0497,1.95
1.0497,1.94
1.0497,0.41
1.0497,2.13
1.0506,0.41
1.0506,2.13
1.0516,1.95
1.0516,1.94
1.0526,1.0
1.0526,1.65
1.0536,0.05
1.0536,1.36
1.0536,1.59
1.0536,1.17
1.0536,1.59
1.0536,1.17
1.0546,0.05
1.0546,1.36
1.0556,1.0
1.0556,1.65
1.0556,1.95
1.0556,1.94
1.0566,0.41
1.0566,2.13
1.0576,0.41
1.0576,2.13
1.0576,1.95
1.0576,1.94
1.0586,1.0
1.0586,1.65
1.0596,0.05
1.0596,1.36
1.0596,1.59
1.0596,1.17
1.0596,1.59
1.0596,1.17
1.0616,0.05
1.0616,1.36
1.0626,1.0
1.0626,1.65
1.0636,1.95
1.0636,1.94
1.0636,0.41
1.0636,2.13
1.0646,0.41
1.0646,2.13
1.0656,1.95
1.0656,1.94
1.0656,1.0
1.0656,1.65
1.0666,0.05
1.0666,1.36
1.0676,1.59
1.0676,1.17
1.0676,1.59
1.0676,1.17
1.0686,0.05
1.0686,1.36
1.0696,1.0
1.0696,1.65
1.0696,1.95
1.0696,1.94
1.0706,0.41
1.0706,2.13
1.0726,0.41
1.0726,2.13
1.0736,1.95
1.0736,1.94
1.0736,1.0
1.0736,1.65
1.0746,0.05
1.0746,1.36
1.0756,1.59
1.0756,1.17
1.0756,1.59
1.0756,1.17
1.0766,0.05
1.0766,1.36
1.0776,1.0
1.0776,1.65
1.0776,1.95
1.0776,1.94
1.0796,0.41
1.0796,2.13
1.0796,0.41
1.0796,2.13
1.0806,1.95
1.0806,1.94
1.0816,1.0
1.0816,1.65
1.0826,0.05
1.0826,1.36
1.0836,1.59
1.0836,1.17
1.0836,1.59
1.0836,1.17
1.0846,0.05
1.0846,1.36
1.0856,1.0
1.0856,1.65
1.0865,1.95
1.0865,1.94
1.0875,0.41
1.0875,2.13
1.0885,0.41
1.0885,2.13
1.0895,1.95
1.0895,1.94
1.0904,1.0
1.0904,1.65
1.0914,0.05
1.0914,1.36
1.0924,1.59
1.0924,1.17
1.0934,1.59
1.0934,1.17
1.0944,0.05
1.0944,1.36
1.0954,1.0
1.0954,1.65
1.0964,1.95
1.0964,1.94
1.0974,0.41
1.0974,2.13
1.0984,0.41
1.0984,2.13
1.0994,1.95
1.0994,1.94
1.1004,1.0
1.1004,1.65
1.1020,0.05
1.1020,1.36
1.1020,1.59
1.1020,1.17
1.1030,1.59
1.1030,1.17
1.1040,0.05
1.1040,1.36
1.1050,1.0
1.1050,1.65
1.1060,1.95
1.1060,1.94
1.1070,0.41
1.1070,2.13
1.1080,0.41
1.1080,2.13
1.1086,1.95
1.1086,1.94
1.1096,1.0
1.1096,1.65
1.1106,0.05
1.1106,1.36
1.1116,1.59
1.1116,1.17
1.1126,1.59
1.1126,1.17
1.1136,0.05
1.1136,1.36
1.1146,1.0
1.1146,1.65
1.1156,1.95
1.1156,1.94
1.1166,0.41
1.1166,2.13
1.1176,0.41
1.1176,2.13
1.1186,1.95
1.1186,1.94
1.1196,1.0
1.1196,1.65
1.1204,0.05
1.1204,1.36
1.1215,1.59
1.1215,1.17
1.1224,1.59
1.1224,1.17
1.1224,0.05
1.1224,1.36
1.1234,1.0
1.1234,1.65
1.1244,1.95
1.1244,1.94
1.1258,0.41
1.1258,2.13
1.1266,0.41
1.1266,2.13
1.1276,1.95
1.1276,1.94
1.1286,1.0
1.1286,1.65
1.1296,0.05
1.1296,1.36
1.1306,1.59
1.1306,1.17
1.1316,1.59
1.1316,1.17
1.1326,0.05
1.1326,1.36
1.1336,1.0
1.1336,1.65
1.1346,1.95
1.1346,1.94
1.1356,0.41
1.1356,2.13
1.1366,0.41
1.1366,2.13
1.1376,1.95
1.1376,1.94
1.1386,1.0
1.1386,1.65
1.1406,0.05
1.1406,1.36
1.1426,1.59
1.1426,1.17
1.1586,1.59
1.1586,1.17
1.1635,0.05
1.1635,1.36
1.1645,1.0
1.1645,1.65
1.1655,1.95
1.1655,1.94
1.1665,0.41
1.1665,2.13
1.1675,0.41
1.1675,2.13
1.1675,1.95
1.1675,1.94
1.1675,1.0
1.1675,1.65
1.1695,0.05
1.1695,1.36
1.1705,1.59
1.1705,1.17
1.1715,1.59
1.1715,1.17
1.1715,0.05
1.1715,1.36
1.1715,1.0
1.1715,1.65
1.1725,1.95
1.1725,1.94
1.1735,0.41
1.1735,2.13
1.1735,0.41
1.1735,2.13
1.1745,1.95
1.1745,1.94
1.1755,1.0
1.1755,1.65
1.1755,0.05
1.1755,1.36
1.1755,1.59
1.1755,1.17
1.1765,1.59
1.1765,1.17
1.1775,0.05
1.1775,1.36
1.1785,1.0
1.1785,1.65
1.1795,1.95
1.1795,1.94
1.1805,0.41
1.1805,2.13
1.1815,0.41
1.1815,2.13
1.1815,1.95
1.1815,1.94
1.1825,1.0
1.1825,1.65
1.1825,0.05
1.1825,1.36
1.1835,1.59
1.1835,1.17
1.1835,1.59
1.1835,1.17
1.1835,0.05
1.1835,1.36
1.1845,1.0
1.1845,1.65
1.1845,1.95
1.1845,1.94
1.1855,0.41
1.1855,2.13
1.1855,0.41
1.1855,2.13
1.1865,1.95
1.1865,1.94
1.1865,1.0
1.1865,1.65
1.1875,0.05
1.1875,1.36
1.1875,1.59
1.1875,1.17
1.1885,1.59
1.1885,1.17
1.1885,0.05
1.1885,1.36
1.1895,1.0
1.1895,1.65
1.1895,1.95
1.1895,1.94
1.1895,0.41
1.1895,2.13
1.1905,0.41
1.1905,2.13
1.1915,1.95
1.1915,1.94
1.1915,1.0
1.1915,1.65
1.1915,0.05
1.1915,1.36
1.1925,1.59
1.1925,1.17
1.1925,1.59
1.1925,1.17
1.1935,0.05
1.1935,1.36
1.1935,1.0
1.1935,1.65
1.1945,1.95
1.1945,1.94
1.1955,0.41
1.1955,2.13
1.1955,0.41
1.1955,2.13
1.1955,1.95
1.1955,1.94
1.1965,1.0
1.1965,1.65
1.1975,0.05
1.1975,1.36
1.1975,1.59
1.1975,1.17
1.1975,1.59
1.1975,1.17
1.1985,0.05
1.1985,1.36
1.1995,1.0
1.1995,1.65
1.2004,1.95
1.2004,1.94
1.2016,0.41
1.2016,2.13
1.2024,0.41
1.2024,2.13
1.2034,1.95
1.2034,1.94
1.2045,1.0
1.2045,1.65
1.2054,0.05
1.2054,1.36
1.2064,1.59
1.2064,1.17
1.2084,1.59
1.2084,1.17
1.2104,0.05
1.2104,1.36
1.2124,1.0
1.2124,1.65
1.2134,1.95
1.2134,1.94
1.2144,0.41
1.2144,2.13
1.2154,0.41
1.2154,2.13
1.2164,1.95
1.2164,1.94
1.2174,1.0
1.2174,1.65
1.2174,0.05
1.2174,1.36
1.2184,1.59
1.2184,1.17
1.2194,1.59
1.2194,1.17
1.2194,0.05
1.2194,1.36
1.2204,1.0
1.2204,1.65
1.2214,1.95
1.2214,1.94
1.2214,0.41
1.2214,2.13
1.2224,0.41
1.2224,2.13
1.2234,1.95
1.2234,1.94
1.2234,1.0
1.2234,1.65
1.2244,0.05
1.2244,1.36
1.2254,1.59
1.2254,1.17
1.2264,1.59
1.2264,1.17
1.2294,0.05
1.2294,1.36
1.2314,1.0
1.2314,1.65
1.2324,1.95
1.2324,1.94
1.2334,0.41
1.2334,2.13
1.2354,0.41
1.2354,2.13
1.2364,1.95
1.2364,1.94
1.2374,1.0
1.2374,1.65
1.2374,0.05
1.2374,1.36
1.2384,1.59
1.2384,1.17
1.2394,1.59
1.2394,1.17
1.2404,0.05
1.2404,1.36
1.2414,1.0
1.2414,1.65
1.2414,1.95
1.2414,1.94
1.2424,0.41
1.2424,2.13
1.2424,0.41
1.2424,2.13
1.2434,1.95
1.2434,1.94
1.2434,1.0
1.2434,1.65
1.2444,0.05
1.2444,1.36
1.2454,1.59
1.2454,1.17
1.2454,1.59
1.2454,1.17
1.2464,0.05
1.2464,1.36
1.2474,1.0
1.2474,1.65
1.2484,1.95
1.2484,1.94
1.2504,0.41
1.2504,2.13
1.2514,0.41
1.2514,2.13
1.2674,1.95
1.2674,1.94
1.2723,1.0
1.2723,1.65
1.2733,0.05
1.2733,1.36
1.2743,1.59
1.2743,1.17
1.2743,1.59
1.2743,1.17
1.2753,0.05
1.2753,1.36
1.2763,1.0
1.2763,1.65
1.2773,1.95
1.2773,1.94
1.2783,0.41
1.2783,2.13
1.2793,0.41
1.2793,2.13
1.2793,1.95
1.2793,1.94
1.2803,1.0
1.2803,1.65
1.2813,0.05
1.2813,1.36
1.2813,1.59
1.2813,1.17
1.2823,1.59
1.2823,1.17
1.2833,0.05
1.2833,1.36
1.2833,1.0
1.2833,1.65
1.2843,1.95
1.2843,1.94
1.2853,0.41
1.2853,2.13
1.2853,0.41
1.2853,2.13
1.2863,1.95
1.2863,1.94
1.2873,1.0
1.2873,1.65
1.2873,0.05
1.2873,1.36
1.2883,1.59
1.2883,1.17
1.2893,1.59
1.2893,1.17
1.2903,0.05
1.2903,1.36
1.2903,1.0
1.2903,1.65
1.2913,1.95
1.2913,1.94
1.2913,0.41
1.2913,2.13
1.2923,0.41
1.2923,2.13
1.2933,1.95
1.2933,1.94
1.2933,1.0
1.2933,1.65
1.2943,0.05
1.2943,1.36
1.2943,1.59
1.2943,1.17
1.2953,1.59
1.2953,1.17
1.2963,0.05
1.2963,1.36
1.2973,1.0
1.2973,1.65
1.2973,1.95
1.2973,1.94
1.2983,0.41
1.2983,2.13
1.2983,0.41
1.2983,2.13
1.2993,1.95
1.2993,1.94
1.2993,1.0
1.2993,1.65
1.3003,0.05
1.3003,1.36
1.3013,1.59
1.3013,1.17
1.3013,1.59
1.3013,1.17
1.3013,0.05
1.3013,1.36
1.3023,1.0
1.3023,1.65
1.3033,1.95
1.3033,1.94
1.3033,0.41
1.3033,2.13
1.3033,0.41
1.3033,2.13
1.3043,1.95
1.3043,1.94
1.3053,1.0
1.3053,1.65
1.3053,0.05
1.3053,1.36
1.3063,1.59
1.3063,1.17
1.3063,1.59
1.3063,1.17
1.3073,0.05
1.3073,1.36
1.3073,1.0
1.3073,1.65
1.3082,1.95
1.3082,1.94
1.3092,0.41
1.3092,2.13
1.3092,0.41
1.3092,2.13
1.3092,1.95
1.3092,1.94
1.3102,1.0
1.3102,1.65
1.3112,0.05
1.3112,1.36
1.3122,1.59
1.3122,1.17
1.3132,1.59
1.3132,1.17
1.3132,0.05
1.3132,1.36
1.3142,1.0
1.3142,1.65
1.3152,1.95
1.3152,1.94
1.3152,0.41
1.3152,2.13
1.3162,0.41
1.3162,2.13
1.3172,1.95
1.3172,1.94
1.3182,1.0
1.3182,1.65
1.3192,0.05
1.3192,1.36
1.3202,1.59
1.3202,1.17
1.3212,1.59
1.3212,1.17
1.3222,0.05
1.3222,1.36
1.3232,1.0
1.3232,1.65
1.3242,1.95
1.3242,1.94
1.3252,0.41
1.3252,2.13
1.3252,0.41
1.3252,2.13
1.3262,1.95
1.3262,1.94
1.3272,1.0
1.3272,1.65
1.3292,0.05
1.3292,1.36
1.3292,1.59
1.3292,1.17
1.3312,1.59
1.3312,1.17
1.3312,0.05
1.3312,1.36
1.3322,1.0
1.3322,1.65
1.3332,1.95
1.3332,1.94
1.3342,0.41
1.3342,2.13
1.3352,0.41
1.3352,2.13
1.3362,1.95
1.3362,1.94
1.3372,1.0
1.3372,1.65
1.3382,0.05
1.3382,1.36
1.3392,1.59
1.3392,1.17
1.3402,1.59
1.3402,1.17
1.3412,0.05
1.3412,1.36
1.3422,1.0
1.3422,1.65
1.3432,1.95
1.3432,1.94
1.3442,0.41
1.3442,2.13
1.3451,0.41
1.3451,2.13
1.3461,1.95
1.3461,1.94
1.3471,1.0
1.3471,1.65
1.3471,0.05
1.3471,1.36
1.3481,1.59
1.3481,1.17
1.3491,1.59
1.3491,1.17
1.3501,0.05
1.3501,1.36
1.3511,1.0
1.3511,1.65
1.3521,1.95
1.3521,1.94
1.3531,0.41
1.3531,2.13
1.3541,0.41
1.3541,2.13
1.3551,1.95
1.3551,1.94
1.3561,1.0
1.3561,1.65
1.3591,0.05
1.3591,1.36
1.3601,1.59
1.3601,1.17
1.3731,1.59
1.3731,1.17
1.3731,0.05
1.3731,1.36
1.3771,1.0
1.3771,1.65
1.3781,1.95
1.3781,1.94
1.3791,0.41
1.3791,2.13
1.3791,0.41
1.3791,2.13
1.3791,1.95
1.3791,1.94
1.3801,1.0
1.3801,1.65
1.3801,0.05
1.3801,1.36
1.3811,1.59
1.3811,1.17
1.3811,1.59
1.3811,1.17
1.3811,0.05
1.3811,1.36
1.3820,1.0
1.3820,1.65
1.3820,1.95
1.3820,1.94
1.3830,0.41
1.3830,2.13
1.3830,0.41
1.3830,2.13
1.3830,1.95
1.3830,1.94
1.3840,1.0
1.3840,1.65
1.3850,0.05
1.3850,1.36
1.3850,1.59
1.3850,1.17
1.3860,1.59
1.3860,1.17
1.3860,0.05
1.3860,1.36
1.3870,1.0
1.3870,1.65
1.3870,1.95
1.3870,1.94
1.3880,0.41
1.3880,2.13
1.3880,0.41
1.3880,2.13
1.3880,1.95
1.3880,1.94
1.3890,1.0
1.3890,1.65
1.3900,0.05
1.3900,1.36
1.3900,1.59
1.3900,1.17
1.3900,1.59
1.3900,1.17
1.3910,0.05
1.3910,1.36
1.3910,1.0
1.3910,1.65
1.3920,1.95
1.3920,1.94
1.3920,0.41
1.3920,2.13
1.3930,0.41
1.3930,2.13
1.3930,1.95
1.3930,1.94
1.3940,1.0
1.3940,1.65
1.3950,0.05
1.3950,1.36
1.3960,1.59
1.3960,1.17
1.3970,1.59
1.3970,1.17
1.3970,0.05
1.3970,1.36
1.3990,1.0
1.3990,1.65
1.3990,1.95
1.3990,1.94
1.4010,0.41
1.4010,2.13
1.4010,0.41
1.4010,2.13
1.4030,1.95
1.4030,1.94
1.4030,1.0
1.4030,1.65
1.4050,0.05
1.4050,1.36
1.4050,1.59
1.4050,1.17
1.4060,1.59
1.4060,1.17
1.4075,0.05
1.4075,1.36
1.4086,1.0
1.4086,1.65
1.4095,1.95
1.4095,1.94
1.4104,0.41
1.4104,2.13
1.4124,0.41
1.4124,2.13
1.4154,1.95
1.4154,1.94
1.4174,1.0
1.4174,1.65
1.4184,0.05
1.4184,1.36
1.4194,1.59
1.4194,1.17
1.4214,1.59
1.4214,1.17
1.4214,0.05
1.4214,1.36
1.4224,1.0
1.4224,1.65
1.4234,1.95
1.4234,1.94
1.4244,0.41
1.4244,2.13
1.4254,0.41
1.4254,2.13
1.4254,1.95
1.4254,1.94
1.4264,1.0
1.4264,1.65
1.4274,0.05
1.4274,1.36
1.4284,1.59
1.4284,1.17
1.4294,1.59
1.4294,1.17
1.4294,0.05
1.4294,1.36
1.4304,1.0
1.4304,1.65
1.4314,1.95
1.4314,1.94
1.4314,0.41
1.4314,2.13
1.4324,0.41
1.4324,2.13
1.4324,1.95
1.4324,1.94
1.4334,1.0
1.4334,1.65
1.4334,0.05
1.4334,1.36
1.4344,1.59
1.4344,1.17
1.4344,1.59
1.4344,1.17
1.4354,0.05
1.4354,1.36
1.4364,1.0
1.4364,1.65
1.4374,1.95
1.4374,1.94
1.4384,0.41
1.4384,2.13
1.4394,0.41
1.4394,2.13
1.4404,1.95
1.4404,1.94
1.4414,1.0
1.4414,1.65
1.4424,0.05
1.4424,1.36
1.4434,1.59
1.4434,1.17
1.4444,1.59
1.4444,1.17
1.4454,0.05
1.4454,1.36
1.4464,1.0
1.4464,1.65
1.4474,1.95
1.4474,1.94
1.4484,0.41
1.4484,2.13
1.4495,0.41
1.4495,2.13
1.4505,1.95
1.4505,1.94
1.4516,1.0
1.4516,1.65
1.4525,0.05
1.4525,1.36
1.4536,1.59
1.4536,1.17
1.4536,1.59
1.4536,1.17
1.4544,0.05
1.4544,1.36
1.4554,1.0
1.4554,1.65
1.4564,1.95
1.4564,1.94
1.4574,0.41
1.4574,2.13
1.4584,0.41
1.4584,2.13
1.4594,1.95
1.4594,1.94
1.4604,1.0
1.4604,1.65
1.4613,0.05
1.4613,1.36
1.4624,1.59
1.4624,1.17
1.4633,1.59
1.4633,1.17
1.4643,0.05
1.4643,1.36
1.4653,1.0
1.4653,1.65
1.4665,1.95
1.4665,1.94
1.4675,0.41
1.4675,2.13
1.4686,0.41
1.4686,2.13
1.4695,1.95
1.4695,1.94
1.4706,1.0
1.4706,1.65
1.4715,0.05
1.4715,1.36
1.4725,1.59
1.4725,1.17
1.4725,1.59
1.4725,1.17
1.4734,0.05
1.4734,1.36
1.4744,1.0
1.4744,1.65
1.4764,1.95
1.4764,1.94
1.4794,0.41
1.4794,2.13
1.4893,0.41
1.4893,2.13
1.4923,1.95
1.4923,1.94
1.4923,1.0
1.4923,1.65
1.4933,0.05
1.4933,1.36
1.4933,1.59
1.4933,1.17
1.4933,1.59
1.4933,1.17
1.4943,0.05
1.4943,1.36
1.4943,1.0
1.4943,1.65
1.4953,1.95
1.4953,1.94
1.4953,0.41
1.4953,2.13
1.4963,0.41
1.4963,2.13
1.4963,1.95
1.4963,1.94
1.4963,1.0
1.4963,1.65
1.4973,0.05
1.4973,1.36
1.4973,1.59
1.4973,1.17
1.4973,1.59
1.4973,1.17
1.4983,0.05
1.4983,1.36
1.4983,1.0
1.4983,1.65
1.4983,1.95
1.4983,1.94
1.4993,0.41
1.4993,2.13
1.4993,0.41
1.4993,2.13
1.4993,1.95
1.4993,1.94
1.5003,1.0
1.5003,1.65
1.5003,0.05
1.5003,1.36
1.5003,1.59
1.5003,1.17
1.5015,1.59
1.5015,1.17
1.5025,0.05
1.5025,1.36
1.5036,1.0
1.5036,1.65
1.5043,1.95
1.5043,1.94
1.5055,0.41
1.5055,2.13
1.5066,0.41
1.5066,2.13
1.5074,1.95
1.5074,1.94
1.5085,1.0
1.5085,1.65
1.5096,0.05
1.5096,1.36
1.5096,1.59
1.5096,1.17
1.5104,1.59
1.5104,1.17
1.5114,0.05
1.5114,1.36
1.5127,1.0
1.5127,1.65
1.5139,1.95
1.5139,1.94
1.5146,0.41
1.5146,2.13
1.5158,0.41
1.5158,2.13
1.5167,1.95
1.5167,1.94
1.5179,1.0
1.5179,1.65
1.5187,0.05
1.5187,1.36
1.5197,1.59
1.5197,1.17
1.5207,1.59
1.5207,1.17
1.5217,0.05
1.5217,1.36
1.5227,1.0
1.5227,1.65
1.5237,1.95
1.5237,1.94
1.5248,0.41
1.5248,2.13
1.5257,0.41
1.5257,2.13
1.5268,1.95
1.5268,1.94
1.5268,1.0
1.5268,1.65
1.5277,0.05
1.5277,1.36
1.5288,1.59
1.5288,1.17
1.5297,1.59
1.5297,1.17
1.5308,0.05
1.5308,1.36
1.5316,1.0
1.5316,1.65
1.5328,1.95
1.5328,1.94
1.5337,0.41
1.5337,2.13
1.5348,0.41
1.5348,2.13
1.5357,1.95
1.5357,1.94
1.5368,1.0
1.5368,1.65
1.5377,0.05
1.5377,1.36
1.5388,1.59
1.5388,1.17
1.5397,1.59
1.5397,1.17
1.5408,0.05
1.5408,1.36
1.5417,1.0
1.5417,1.65
1.5427,1.95
1.5427,1.94
1.5438,0.41
1.5438,2.13
1.5447,0.41
1.5447,2.13
1.5458,1.95
1.5458,1.94
1.5458,1.0
1.5458,1.65
1.5467,0.05
1.5467,1.36
1.5478,1.59
1.5478,1.17
1.5487,1.59
1.5487,1.17
1.5498,0.05
1.5498,1.36
1.5505,1.0
1.5505,1.65
1.5517,1.95
1.5517,1.94
1.5527,0.41
1.5527,2.13
1.5537,0.41
1.5537,2.13
1.5548,1.95
1.5548,1.94
1.5557,1.0
1.5557,1.65
1.5569,0.05
1.5569,1.36
1.5569,1.59
1.5569,1.17
1.5589,1.59
1.5589,1.17
1.5597,0.05
1.5597,1.36
1.5609,1.0
1.5609,1.65
1.5617,1.95
1.5617,1.94
1.5629,0.41
1.5629,2.13
1.5637,0.41
1.5637,2.13
1.5648,1.95
1.5648,1.94
1.5648,1.0
1.5648,1.65
1.5657,0.05
1.5657,1.36
1.5668,1.59
1.5668,1.17
1.5677,1.59
1.5677,1.17
1.5689,0.05
1.5689,1.36
1.5697,1.0
1.5697,1.65
1.5709,1.95
1.5709,1.94
1.5717,0.41
1.5717,2.13
1.5728,0.41
1.5728,2.13
1.5737,1.95
1.5737,1.94
1.5747,1.0
1.5747,1.65
1.5767,0.05
1.5767,1.36
1.5887,1.59
1.5887,1.17
1.5916,1.59
1.5916,1.17
1.5926,0.05
1.5926,1.36
1.5926,1.0
1.5926,1.65
1.5936,1.95
1.5936,1.94
1.5936,0.41
1.5936,2.13
1.5946,0.41
1.5946,2.13
1.5946,1.95
1.5946,1.94
1.5956,1.0
1.5956,1.65
1.5956,0.05
1.5956,1.36
1.5966,1.59
1.5966,1.17
1.5966,1.59
1.5966,1.17
1.5966,0.05
1.5966,1.36
1.5976,1.0
1.5976,1.65
1.5976,1.95
1.5976,1.94
1.5976,0.41
1.5976,2.13
1.5976,0.41
1.5976,2.13
1.5986,1.95
1.5986,1.94
1.5986,1.0
1.5986,1.65
1.5986,0.05
1.5986,1.36
1.5996,1.59
1.5996,1.17
1.5996,1.59
1.5996,1.17
1.5996,0.05
1.5996,1.36
1.6006,1.0
1.6006,1.65
1.6006,1.95
1.6006,1.94
1.6006,0.41
1.6006,2.13
1.6016,0.41
1.6016,2.13
1.6016,1.95
1.6016,1.94
1.6028,1.0
1.6028,1.65
1.6037,0.05
1.6037,1.36
1.6048,1.59
1.6048,1.17
1.6056,1.59
1.6056,1.17
1.6068,0.05
1.6068,1.36
1.6076,1.0
1.6076,1.65
1.6086,1.95
1.6086,1.94
1.6096,0.41
1.6096,2.13
1.6107,0.41
1.6107,2.13
1.6116,1.95
1.6116,1.94
1.6126,1.0
1.6126,1.65
1.6138,0.05
1.6138,1.36
1.6147,1.59
1.6147,1.17
1.6157,1.59
1.6157,1.17
1.6167,0.05
1.6167,1.36
1.6177,1.0
1.6177,1.65
1.6187,1.95
1.6187,1.94
1.6199,0.41
1.6199,2.13
1.6199,0.41
1.6199,2.13
1.6207,1.95
1.6207,1.94
1.6218,1.0
1.6218,1.65
1.6227,0.05
1.6227,1.36
1.6237,1.59
1.6237,1.17
1.6249,1.59
1.6249,1.17
1.6257,0.05
1.6257,1.36
1.6268,1.0
1.6268,1.65
1.6277,1.95
1.6277,1.94
1.6289,0.41
1.6289,2.13
1.6297,0.41
1.6297,2.13
1.6309,1.95
1.6309,1.94
1.6317,1.0
1.6317,1.65
1.6329,0.05
1.6329,1.36
1.6329,1.59
1.6329,1.17
1.6349,1.59
1.6349,1.17
1.6349,0.05
1.6349,1.36
1.6367,1.0
1.6367,1.65
1.6379,1.95
1.6379,1.94
1.6387,0.41
1.6387,2.13
1.6387,0.41
1.6387,2.13
1.6397,1.95
1.6397,1.94
1.6409,1.0
1.6409,1.65
1.6417,0.05
1.6417,1.36
1.6429,1.59
1.6429,1.17
1.6437,1.59
1.6437,1.17
1.6447,0.05
1.6447,1.36
1.6457,1.0
1.6457,1.65
1.6468,1.95
1.6468,1.94
1.6477,0.41
1.6477,2.13
1.6486,0.41
1.6486,2.13
1.6496,1.95
1.6496,1.94
1.6506,1.0
1.6506,1.65
1.6516,0.05
1.6516,1.36
1.6526,1.59
1.6526,1.17
1.6536,1.59
1.6536,1.17
1.6546,0.05
1.6546,1.36
1.6556,1.0
1.6556,1.65
1.6569,1.95
1.6569,1.94
1.6577,0.41
1.6577,2.13
1.6577,0.41
1.6577,2.13
1.6595,1.95
1.6595,1.94
1.6595,1.0
1.6595,1.65
1.6615,0.05
1.6615,1.36
1.6615,1.59
1.6615,1.17
1.6625,1.59
1.6625,1.17
1.6637,0.05
1.6637,1.36
1.6646,1.0
1.6646,1.65
1.6655,1.95
1.6655,1.94
1.6666,0.41
1.6666,2.13
1.6675,0.41
1.6675,2.13
1.6685,1.95
1.6685,1.94
1.6697,1.0
1.6697,1.65
1.6706,0.05
1.6706,1.36
1.6716,1.59
1.6716,1.17
1.6725,1.59
1.6725,1.17
1.6735,0.05
1.6735,1.36
1.6735,1.0
1.6735,1.65
1.6757,1.95
1.6757,1.94
1.6757,0.41
1.6757,2.13
1.6765,0.41
1.6765,2.13
1.6776,1.95
1.6776,1.94
1.6786,1.0
1.6786,1.65
1.6795,0.05
1.6795,1.36
1.6806,1.59
1.6806,1.17
1.6815,1.59
1.6815,1.17
1.6835,0.05
1.6835,1.36
1.6835,1.0
1.6835,1.65
1.6845,1.95
1.6845,1.94
1.6855,0.41
1.6855,2.13
1.6875,0.41
1.6875,2.13
1.7005,1.95
1.7005,1.94
1.7015,1.0
1.7015,1.65
1.7045,0.05
1.7045,1.36
1.7045,1.59
1.7045,1.17
1.7055,1.59
1.7055,1.17
1.7055,0.05
1.7055,1.36
1.7065,1.0
1.7065,1.65
1.7065,1.95
1.7065,1.94
1.7065,0.41
1.7065,2.13
1.7065,0.41
1.7065,2.13
1.7075,1.95
1.7075,1.94
1.7075,1.0
1.7075,1.65
1.7075,0.05
1.7075,1.36
1.7085,1.59
1.7085,1.17
1.7085,1.59
1.7085,1.17
1.7085,0.05
1.7085,1.36
1.7095,1.0
1.7095,1.65
1.7095,1.95
1.7095,1.94
1.7095,0.41
1.7095,2.13
1.7105,0.41
1.7105,2.13
1.7115,1.95
1.7115,1.94
1.7115,1.0
1.7115,1.65
1.7125,0.05
1.7125,1.36
1.7125,1.59
1.7125,1.17
1.7135,1.59
1.7135,1.17
1.7135,0.05
1.7135,1.36
1.7135,1.0
1.7135,1.65
1.7145,1.95
1.7145,1.94
1.7145,0.41
1.7145,2.13
1.7155,0.41
1.7155,2.13
1.7155,1.95
1.7155,1.94
1.7166,1.0
1.7166,1.65
1.7177,0.05
1.7177,1.36
1.7189,1.59
1.7189,1.17
1.7197,1.59
1.7197,1.17
1.7207,0.05
1.7207,1.36
1.7218,1.0
1.7218,1.65
1.7227,1.95
1.7227,1.94
1.7239,0.41
1.7239,2.13
1.7248,0.41
1.7248,2.13
1.7256,1.95
1.7256,1.94
1.7268,1.0
1.7268,1.65
1.7275,0.05
1.7275,1.36
1.7285,1.59
1.7285,1.17
1.7295,1.59
1.7295,1.17
1.7307,0.05
1.7307,1.36
1.7307,1.0
1.7307,1.65
1.7315,1.95
1.7315,1.94
1.7327,0.41
1.7327,2.13
1.7335,0.41
1.7335,2.13
1.7347,1.95
1.7347,1.94
1.7357,1.0
1.7357,1.65
1.7367,0.05
1.7367,1.36
1.7379,1.59
1.7379,1.17
1.7386,1.59
1.7386,1.17
1.7399,0.05
1.7399,1.36
1.7407,1.0
1.7407,1.65
1.7416,1.95
1.7416,1.94
1.7426,0.41
1.7426,2.13
1.7438,0.41
1.7438,2.13
1.7446,1.95
1.7446,1.94
1.7457,1.0
1.7457,1.65
1.7467,0.05
1.7467,1.36
1.7476,1.59
1.7476,1.17
1.7487,1.59
1.7487,1.17
1.7497,0.05
1.7497,1.36
1.7497,1.0
1.7497,1.65
1.7507,1.95
1.7507,1.94
1.7516,0.41
1.7516,2.13
1.7527,0.41
1.7527,2.13
1.7539,1.95
1.7539,1.94
1.7547,1.0
1.7547,1.65
1.7559,0.05
1.7559,1.36
1.7567,1.59
1.7567,1.17
1.7579,1.59
1.7579,1.17
1.7587,0.05
1.7587,1.36
1.7598,1.0
1.7598,1.65
1.7607,1.95
1.7607,1.94
1.7617,0.41
1.7617,2.13
1.7627,0.41
1.7627,2.13
1.7637,1.95
1.7637,1.94
1.7649,1.0
1.7649,1.65
1.7649,0.05
1.7649,1.36
1.7667,1.59
1.7667,1.17
1.7679,1.59
1.7679,1.17
1.7679,0.05
1.7679,1.36
1.7687,1.0
1.7687,1.65
1.7699,1.95
1.7699,1.94
1.7706,0.41
1.7706,2.13
1.7718,0.41
1.7718,2.13
1.7727,1.95
1.7727,1.94
1.7739,1.0
1.7739,1.65
1.7748,0.05
1.7748,1.36
1.7759,1.59
1.7759,1.17
1.7767,1.59
1.7767,1.17
1.7777,0.05
1.7777,1.36
1.7787,1.0
1.7787,1.65
1.7797,1.95
1.7797,1.94
1.7809,0.41
1.7809,2.13
1.7817,0.41
1.7817,2.13
1.7829,1.95
1.7829,1.94
1.7837,1.0
1.7837,1.65
1.7848,0.05
1.7848,1.36
1.7848,1.59
1.7848,1.17
1.7868,1.59
1.7868,1.17
1.7868,0.05
1.7868,1.36
1.7876,1.0
1.7876,1.65
1.7889,1.95
1.7889,1.94
1.7896,0.41
1.7896,2.13
1.7907,0.41
1.7907,2.13
1.7919,1.95
1.7919,1.94
1.7926,1.0
1.7926,1.65
1.7937,0.05
1.7937,1.36
1.7966,1.59
1.7966,1.17
1.8066,1.59
1.8066,1.17
1.8095,0.05
1.8095,1.36
1.8106,1.0
1.8106,1.65
1.8106,1.95
1.8106,1.94
1.8115,0.41
1.8115,2.13
1.8115,0.41
1.8115,2.13
1.8125,1.95
1.8125,1.94
1.8125,1.0
1.8125,1.65
1.8125,0.05
1.8125,1.36
1.8135,1.59
1.8135,1.17
1.8135,1.59
1.8135,1.17
1.8135,0.05
1.8135,1.36
1.8145,1.0
1.8145,1.65
1.8145,1.95
1.8145,1.94
1.8145,0.41
1.8145,2.13
1.8155,0.41
1.8155,2.13
1.8155,1.95
1.8155,1.94
1.8155,1.0
1.8155,1.65
1.8165,0.05
1.8165,1.36
1.8165,1.59
1.8165,1.17
1.8165,1.59
1.8165,1.17
1.8175,0.05
1.8175,1.36
1.8175,1.0
1.8175,1.65
1.8175,1.95
1.8175,1.94
1.8185,0.41
1.8185,2.13
1.8197,0.41
1.8197,2.13
1.8205,1.95
1.8205,1.94
1.8217,1.0
1.8217,1.65
1.8227,0.05
1.8227,1.36
1.8239,1.59
1.8239,1.17
1.8239,1.59
1.8239,1.17
1.8248,0.05
1.8248,1.36
1.8258,1.0
1.8258,1.65
1.8268,1.95
1.8268,1.94
1.8276,0.41
1.8276,2.13
1.8286,0.41
1.8286,2.13
1.8299,1.95
1.8299,1.94
1.8307,1.0
1.8307,1.65
1.8319,0.05
1.8319,1.36
1.8327,1.59
1.8327,1.17
1.8339,1.59
1.8339,1.17
1.8347,0.05
1.8347,1.36
1.8357,1.0
1.8357,1.65
1.8368,1.95
1.8368,1.94
1.8368,0.41
1.8368,2.13
1.8388,0.41
1.8388,2.13
1.8397,1.95
1.8397,1.94
1.8407,1.0
1.8407,1.65
1.8407,0.05
1.8407,1.36
1.8417,1.59
1.8417,1.17
1.8427,1.59
1.8427,1.17
1.8437,0.05
1.8437,1.36
1.8447,1.0
1.8447,1.65
1.8457,1.95
1.8457,1.94
1.8468,0.41
1.8468,2.13
1.8478,0.41
1.8478,2.13
1.8488,1.95
1.8488,1.94
1.8497,1.0
1.8497,1.65
1.8509,0.05
1.8509,1.36
1.8517,1.59
1.8517,1.17
1.8528,1.59
1.8528,1.17
1.8528,0.05
1.8528,1.36
1.8549,1.0
1.8549,1.65
1.8556,1.95
1.8556,1.94
1.8568,0.41
1.8568,2.13
1.8577,0.41
1.8577,2.13
1.8587,1.95
1.8587,1.94
1.8598,1.0
1.8598,1.65
1.8605,0.05
1.8605,1.36
1.8615,1.59
1.8615,1.17
1.8625,1.59
1.8625,1.17
1.8625,0.05
1.8625,1.36
1.8639,1.0
1.8639,1.65
1.8648,1.95
1.8648,1.94
1.8659,0.41
1.8659,2.13
1.8666,0.41
1.8666,2.13
1.8675,1.95
1.8675,1.94
1.8687,1.0
1.8687,1.65
1.8697,0.05
1.8697,1.36
1.8705,1.59
1.8705,1.17
1.8717,1.59
1.8717,1.17
1.8727,0.05
1.8727,1.36
1.8737,1.0
1.8737,1.65
1.8745,1.95
1.8745,1.94
1.8757,0.41
1.8757,2.13
1.8767,0.41
1.8767,2.13
1.8777,1.95
1.8777,1.94
1.8777,1.0
1.8777,1.65
1.8787,0.05
1.8787,1.36
1.8797,1.59
1.8797,1.17
1.8809,1.59
1.8809,1.17
1.8817,0.05
1.8817,1.36
1.8829,1.0
1.8829,1.65
1.8837,1.95
1.8837,1.94
1.8849,0.41
1.8849,2.13
1.8857,0.41
1.8857,2.13
1.8868,1.95
1.8868,1.94
1.8877,1.0
1.8877,1.65
1.8888,0.05
1.8888,1.36
1.8896,1.59
1.8896,1.17
1.8909,1.59
1.8909,1.17
1.8918,0.05
1.8918,1.36
1.8929,1.0
1.8929,1.65
1.8929,1.95
1.8929,1.94
1.8939,0.41
1.8939,2.13
1.8959,0.41
1.8959,2.13
1.8959,1.95
1.8959,1.94
1.8979,1.0
1.8979,1.65
1.8979,0.05
1.8979,1.36
1.8979,1.59
1.8979,1.17
1.8999,1.59
1.8999,1.17
1.9007,0.05
1.9007,1.36
1.9017,1.0
1.9017,1.65
1.9027,1.95
1.9027,1.94
1.9037,0.41
1.9037,2.13
1.9047,0.41
1.9047,2.13
1.9059,1.95
1.9059,1.94
1.9066,1.0
1.9066,1.65
1.9078,0.05
1.9078,1.36
1.9087,1.59
1.9087,1.17
1.9097,1.59
1.9097,1.17
1.9109,0.05
1.9109,1.36
1.9109,1.0
1.9109,1.65
1.9129,1.95
1.9129,1.94
1.9136,0.41
1.9136,2.13
1.9148,0.41
1.9148,2.13
1.9157,1.95
1.9157,1.94
1.9168,1.0
1.9168,1.65
1.9168,0.05
1.9168,1.36
1.9178,1.59
1.9178,1.17
1.9189,1.59
1.9189,1.17
1.9198,0.05
1.9198,1.36
1.9208,1.0
1.9208,1.65
1.9218,1.95
1.9218,1.94
1.9229,0.41
1.9229,2.13
1.9238,0.41
1.9238,2.13
1.9249,1.95
1.9249,1.94
1.9249,1.0
1.9249,1.65
1.9269,0.05
1.9269,1.36
1.9269,1.59
1.9269,1.17
1.9288,1.59
1.9288,1.17
1.9298,0.05
1.9298,1.36
1.9308,1.0
1.9308,1.65
1.9328,1.95
1.9328,1.94
1.9378,0.41
1.9378,2.13
1.9448,0.41
1.9448,2.13
1.9458,1.95
1.9458,1.94
1.9468,1.0
1.9468,1.65
1.9468,0.05
1.9468,1.36
1.9478,1.59
1.9478,1.17
1.9498,1.59
1.9498,1.17
1.9498,0.05
1.9498,1.36
1.9508,1.0
1.9508,1.65
1.9518,1.95
1.9518,1.94
1.9578,0.41
1.9578,2.13
1.9588,0.41
1.9588,2.13
1.9598,1.95
1.9598,1.94
1.9628,1.0
1.9628,1.65
1.9638,0.05
1.9638,1.36
1.9667,1.59
1.9667,1.17
1.9687,1.59
1.9687,1.17
1.9687,0.05
1.9687,1.36
1.9697,1.0
1.9697,1.65
1.9697,1.95
1.9697,1.94
1.9707,0.41
1.9707,2.13
1.9717,0.41
1.9717,2.13
1.9737,1.95
1.9737,1.94
1.9747,1.0
1.9747,1.65
1.9747,0.05
1.9747,1.36
1.9757,1.59
1.9757,1.17
1.9767,1.59
1.9767,1.17
1.9777,0.05
1.9777,1.36
1.9787,1.0
1.9787,1.65
1.9807,1.95
1.9807,1.94
1.9847,0.41
1.9847,2.13
1.9857,0.41
1.9857,2.13
1.9857,1.95
1.9857,1.94
1.9867,1.0
1.9867,1.65
1.9877,0.05
1.9877,1.36
1.9877,1.59
1.9877,1.17
1.9887,1.59
1.9887,1.17
1.9897,0.05
1.9897,1.36
1.9907,1.0
1.9907,1.65
1.9917,1.95
1.9917,1.94
1.9937,0.41
1.9937,2.13
1.9947,0.41
1.9947,2.13
1.9957,1.95
1.9957,1.94
1.9977,1.0
1.9977,1.65
1.9987,0.05
1.9987,1.36
1.9997,1.59
1.9997,1.17
2.0017,1.59
2.0017,1.17
2.0037,0.05
2.0037,1.36
2.0046,1.0
2.0046,1.65
2.0056,1.95
2.0056,1.94
2.0066,0.41
2.0066,2.13
2.0076,0.41
2.0076,2.13
2.0086,1.95
2.0086,1.94
2.0086,1.0
2.0086,1.65
2.0096,0.05
2.0096,1.36
2.0106,1.59
2.0106,1.17
2.0116,1.59
2.0116,1.17
2.0136,0.05
2.0136,1.36
2.0136,1.0
2.0136,1.65
2.0146,1.95
2.0146,1.94
2.0156,0.41
2.0156,2.13
2.0166,0.41
