801.0
1.975
2.051
2.117
2.172
2.215
2.245
2.272
2.258
2.234
2.201
2.157
2.036
1.961
1.88
1.793
1.705
1.615
1.439
1.356
1.28
1.212
1.154
1.107
1.046
1.029
1.028
1.046
1.073
1.111
1.224
1.296
1.378
1.465
1.557
1.745
1.838
1.925
2.006
2.079
2.141
2.229
2.255
2.271
2.267
2.249
2.222
2.136
2.076
2.007
1.93
1.847
1.67
1.58
1.492
1.406
1.326
1.253
1.135
1.092
1.061
1.039
1.025
1.034
1.086
1.129
1.185
1.252
1.329
1.413
1.596
1.69
1.783
1.873
1.959
2.036
2.162
2.207
2.24
2.262
2.273
2.24
2.208
2.166
2.113
2.049
1.976
1.811
1.723
1.633
1.543
1.455
1.372
1.225
1.165
1.116
1.078
1.05
1.026
1.041
1.067
1.102
1.15
1.21
1.361
1.447
1.539
1.633
1.727
1.819
1.991
2.065
2.129
2.182
2.222
2.25
2.271
2.253
2.228
2.193
2.147
2.021
1.946
1.864
1.778
1.688
1.598
1.423
1.342
1.267
1.201
1.144
1.1
1.042
1.026
1.05
1.12
1.173
1.238
1.313
1.396
1.485
1.671
1.765
1.856
1.942
2.022
2.092
2.199
2.235
2.259
2.273
2.264
2.216
2.176
2.125
2.063
1.991
1.913
1.74
1.651
1.561
1.472
1.388
1.31
1.176
1.125
1.085
1.055
1.035
1.025
1.061
1.094
1.14
1.197
1.266
1.345
1.52
1.614
1.708
1.801
1.891
2.052
2.118
2.173
2.215
2.246
2.266
2.257
2.234
2.201
2.157
2.102
1.961
1.88
1.795
1.706
1.616
1.527
1.357
1.281
1.213
1.155
1.108
1.072
1.029
1.028
1.046
1.072
1.111
1.162
1.297
1.379
1.467
1.559
1.652
1.838
1.925
2.007
2.079
2.141
2.191
2.255
2.271
2.267
2.249
2.222
2.185
2.076
2.006
1.929
1.845
1.758
1.668
1.49
1.405
1.325
1.251
1.187
1.134
1.061
1.038
1.025
1.034
1.055
1.087
1.185
1.251
1.328
1.412
1.502
1.595
1.783
1.874
1.959
2.037
2.105
2.163
2.24
2.263
2.273
2.261
2.24
2.167
2.114
2.05
1.977
1.897
1.812
1.634
1.544
1.457
1.373
1.296
1.226
1.116
1.078
1.051
1.032
1.026
1.042
1.102
1.151
1.211
1.282
1.362
1.449
1.634
1.728
1.82
1.909
1.991
2.065
2.182
2.222
2.25
2.269
2.27
2.253
2.193
2.146
2.089
2.021
1.945
1.862
1.686
1.596
1.507
1.421
1.34
1.199
1.143
1.099
1.066
1.042
1.027
1.031
1.08
1.12
1.173
1.238
1.312
1.395
1.577
1.671
1.765
1.856
1.942
2.093
2.152
2.2
2.235
2.259
2.273
2.244
2.216
2.176
2.125
2.063
1.913
1.829
1.742
1.652
1.562
1.474
1.31
1.239
1.176
1.125
1.085
1.055
1.025
1.038
1.061
1.094
1.14
1.198
1.346
1.431
1.522
1.615
1.71
1.892
1.975
2.052
2.118
2.172
2.215
2.266
2.272
2.257
2.234
2.201
2.157
2.035
1.961
1.879
1.793
1.704
1.525
1.438
1.356
1.279
1.211
1.154
1.071
1.046
1.029
1.028
1.046
1.073
1.161
1.224
1.297
1.378
1.466
1.558
1.746
1.838
1.926
2.007
2.08
2.191
2.229
2.255
2.272
2.268
2.249
2.185
2.136
2.076
2.006
1.929
1.846
1.67
1.58
1.491
1.406
1.326
1.188
1.134
1.092
1.061
1.038
1.025
1.056
1.087
1.13
1.186
1.253
1.33
1.505
1.598
1.692
1.785
1.875
1.96
2.106
2.163
2.208
2.241
2.263
2.261
2.239
2.208
2.166
2.112
2.048
1.895
1.81
1.721
1.631
1.541
1.37
1.293
1.223
1.164
1.115
1.077
1.032
1.026
1.042
1.067
1.103
1.151
1.282
1.362
1.449
1.54
1.634
1.728
1.91
1.992
2.067
2.13
2.183
2.251
2.269
2.27
2.253
2.228
2.193
2.088
2.02
1.944
1.862
1.776
1.686
1.508
1.421
1.34
1.265
1.199
1.099
1.065
1.042
1.027
1.032
1.051
1.121
1.174
1.239
1.315
1.398
1.487
1.673
1.767
1.858
1.944
2.023
2.153
2.2
2.235
2.259
2.273
2.264
2.215
2.175
2.124
2.062
1.99
1.911
1.738
1.649
1.559
1.471
1.387
1.237
1.175
1.124
1.084
1.055
1.035
1.038
1.061
1.095
1.14
1.199
1.268
1.431
1.522
1.616
1.71
1.803
1.977
2.053
2.119
2.173
2.216
2.246
2.273
2.257
2.234
2.2
2.156
2.034
1.96
1.879
1.793
1.705
1.615
1.438
1.356
1.28
1.212
1.154
1.107
1.046
1.029
1.028
1.046
1.073
1.112
1.226
1.299
1.381
1.469
1.561
1.749
1.841
1.928
2.008
2.081
2.142
2.229
2.255
2.272
2.267
2.248
2.221
2.134
2.074
2.004
1.927
1.844
1.667
1.577
1.488
1.403
1.323
1.25
1.133
1.091
1.06
1.038
1.025
1.056
1.087
1.131
1.186
1.253
1.33
1.504
1.597
1.692
1.785
1.876
1.961
2.107
2.164
2.208
2.241
2.263
2.273
2.239
2.208
2.165
2.112
2.048
1.895
1.81
1.632
1.543
1.371
1.294
1.225
1.164
1.115
1.077
1.032
1.026
1.042
1.067
1.103
1.152
1.284
1.364
1.451
1.543
1.636
1.73
1.911
1.993
2.067
2.131
2.183
2.251
2.269
2.27
2.253
2.228
2.192
2.087
2.019
1.943
1.861
1.774
1.684
1.506
1.42
1.339
1.264
1.198
1.099
1.065
1.042
1.027
1.031
1.051
1.121
1.174
1.239
1.313
1.397
1.485
1.673
1.766
1.857
1.944
2.024
2.094
2.2
2.235
2.259
2.273
2.265
2.215
2.175
2.124
2.062
1.99
1.911
1.74
1.65
1.561
1.472
1.388
1.238
1.175
1.124
1.084
1.055
1.035
1.038
1.062
1.095
1.141
1.199
1.269
1.433
1.523
1.617
1.711
1.804
1.893
2.053
2.119
2.174
2.216
2.246
2.266
2.257
2.233
2.2
2.156
2.1
2.034
1.878
1.792
1.703
1.613
1.523
1.354
1.278
1.21
1.153
1.106
1.071
1.046
1.028
1.046
1.074
1.112
1.163
1.225
1.38
1.467
1.56
1.654
1.748
1.84
2.009
2.081
2.142
2.192
2.229
2.272
2.267
2.249
2.222
2.184
2.135
2.006
1.928
1.845
1.758
1.668
1.579
1.404
1.324
1.251
1.187
1.134
1.091
1.038
1.025
1.035
1.056
1.087
1.13
1.254
1.331
1.415
1.505
1.598
1.692
1.876
1.961
2.038
2.107
2.164
2.208
2.263
2.273
2.261
2.239
2.208
2.166
2.048
1.975
1.895
1.809
1.721
1.541
1.454
1.37
1.293
1.223
1.163
1.077
1.05
1.032
1.026
1.042
1.067
1.103
1.211
1.283
1.363
1.449
1.541
1.635
1.821
1.91
1.993
2.067
2.131
2.223
2.251
2.269
2.27
2.253
2.228
2.146
2.088
2.02
1.944
1.862
1.686
1.597
1.507
1.421
1.34
1.265
1.143
1.099
1.066
1.042
1.027
1.031
1.08
1.121
1.175
1.24
1.315
1.398
1.58
1.674
1.768
1.858
1.944
2.094
2.153
2.201
2.235
2.259
2.273
2.244
2.215
2.175
2.124
2.061
1.911
1.826
1.738
1.649
1.559
1.471
1.308
1.236
1.175
1.124
1.084
1.055
1.025
1.038
1.061
1.095
1.141
1.199
1.346
1.432
1.523
1.616
1.711
1.893
1.977
2.053
2.119
2.174
2.216
2.266
2.273
2.257
2.233
2.2
2.156
2.034
1.959
1.878
1.793
1.704
1.525
1.438
1.355
1.279
1.211
1.153
1.071
1.046
1.029
1.029
1.047
1.073
1.163
1.226
1.3
1.381
1.469
1.561
1.749
1.841
1.928
2.009
2.081
2.192
2.229
2.255
2.272
2.267
2.249
2.183
2.134
2.074
2.004
1.927
1.756
1.666
1.576
1.488
1.402
1.322
1.186
1.133
1.091
1.06
1.038
1.025
1.056
1.088
1.131
1.187
1.254
1.331
1.505
1.598
1.692
1.786
1.876
2.039
2.108
2.164
2.209
2.241
2.263
2.261
2.239
2.208
2.165
2.112
1.974
1.894
1.809
1.721
1.631
1.542
1.371
1.293
1.224
1.164
1.115
1.077
1.032
1.026
1.043
1.067
1.103
1.152
1.285
1.365
1.452
1.543
1.637
1.731
1.911
1.994
2.068
2.132
2.184
2.251
2.269
2.27
2.253
2.228
2.192
2.087
2.019
1.943
1.86
1.773
1.594
1.505
1.419
1.338
1.263
1.197
1.098
1.065
1.042
1.027
1.032
1.051
1.121
1.175
1.24
1.315
1.398
1.579
1.674
1.767
1.858
1.945
2.024
2.154
2.201
2.235
2.259
2.273
2.264
2.215
2.175
2.123
2.061
1.99
1.827
1.739
1.649
1.56
1.472
1.387
1.237
1.175
1.124
1.084
1.055
1.035
1.039
1.061
1.095
1.141
1.2
1.27
1.434
1.525
1.618
1.712
1.805
1.978
2.054
2.119
2.174
2.216
2.246
2.272
2.257
2.233
2.2
2.155
2.033
1.958
1.877
1.791
1.702
1.612
1.436
1.354
1.278
1.21
1.153
1.106
1.046
1.029
1.029
1.046
1.074
1.112
1.226
1.299
1.381
1.469
1.561
1.749
1.841
1.928
2.009
2.082
2.143
2.256
2.272
2.267
2.221
2.184
2.134
2.074
2.005
1.927
1.757
1.667
1.578
1.489
1.404
1.324
1.187
1.133
1.091
1.06
1.038
1.025
1.056
1.088
1.131
1.188
1.256
1.333
1.507
1.6
1.694
1.788
1.878
2.04
2.108
2.165
2.209
2.242
2.263
2.26
2.238
2.207
2.164
2.111
2.046
1.893
1.807
1.719
1.629
1.539
1.369
1.291
1.222
1.162
1.114
1.077
1.031
1.027
1.043
1.068
1.104
1.152
1.284
1.364
1.451
1.543
1.637
1.731
1.912
1.994
2.069
2.132
2.184
2.251
2.27
2.27
2.253
2.227
2.192
2.086
2.018
1.942
1.86
1.773
1.684
1.506
1.419
1.338
1.264
1.198
1.098
1.065
1.042
1.027
1.032
1.052
1.122
1.176
1.241
1.316
1.4
1.489
1.676
1.769
1.86
1.946
2.025
2.095
2.201
2.236
2.26
2.273
2.264
2.244
2.174
2.123
2.06
1.988
1.91
1.825
1.647
1.557
1.469
1.385
1.306
1.235
1.123
1.083
1.055
1.035
1.025
1.039
1.096
1.142
1.2
1.269
1.348
1.433
1.618
1.712
1.805
1.895
1.979
2.055
2.175
2.217
2.247
2.267
2.272
2.233
2.199
2.155
2.099
2.033
1.958
1.791
1.703
1.613
1.523
1.436
1.354
1.21
1.153
1.106
1.071
1.046
1.029
1.047
1.074
1.113
1.164
1.227
1.301
1.471
1.563
1.657
1.751
1.842
1.929
2.082
2.143
2.193
2.23
2.256
2.272
2.248
2.221
2.183
2.134
2.073
2.003
1.842
1.754
1.665
1.575
1.487
1.401
1.249
1.185
1.132
1.09
1.059
1.025
1.035
1.056
1.088
1.132
1.187
1.332
1.416
1.506
1.599
1.694
1.787
1.962
2.04
2.108
2.164
2.209
2.241
2.273
2.261
2.238
2.207
2.165
2.047
1.974
1.893
1.808
1.72
1.631
1.454
1.37
1.293
1.223
1.163
1.114
1.05
1.031
1.027
1.043
1.068
1.104
1.214
1.286
1.366
1.453
1.545
1.732
1.824
1.913
1.995
2.069
2.133
2.224
2.252
2.269
2.27
2.253
2.191
2.144
2.086
2.018
1.942
1.859
1.683
1.593
1.504
1.418
1.337
1.197
1.142
1.098
1.065
1.042
1.027
1.052
1.081
1.122
1.176
1.241
1.316
1.488
1.581
1.675
1.769
1.86
1.946
2.096
2.155
2.202
2.236
2.26
2.264
2.244
2.214
2.174
2.122
2.06
1.909
1.825
1.737
1.648
1.558
1.386
1.307
1.236
1.174
1.123
1.083
1.035
1.026
1.039
1.062
1.096
1.142
1.271
1.35
1.436
1.527
1.62
1.714
1.896
1.979
2.055
2.121
2.175
2.217
2.267
2.272
2.256
2.233
2.199
2.098
2.031
1.957
1.875
1.789
1.7
1.52
1.434
1.352
1.276
1.208
1.151
1.07
1.045
1.029
1.029
1.047
1.074
1.164
1.227
1.301
1.382
1.47
1.562
1.75
1.842
1.93
2.011
2.083
2.193
2.23
2.256
2.272
2.267
2.248
2.183
2.133
2.073
2.003
1.926
1.842
1.665
1.576
1.487
1.402
1.322
1.186
1.132
1.091
1.06
1.038
1.026
1.057
1.088
1.132
1.189
1.256
1.334
1.508
1.601
1.695
1.789
1.879
1.963
2.109
2.165
2.21
2.242
2.263
2.26
2.238
2.207
2.164
2.11
2.046
1.892
1.807
1.718
1.628
1.538
1.451
1.291
1.221
1.162
1.113
1.076
1.032
1.027
1.043
1.068
1.105
1.153
1.286
1.366
1.452
1.544
1.638
1.732
1.913
1.995
2.069
2.133
2.185
2.224
2.27
2.27
2.253
2.227
2.191
2.086
2.018
1.941
1.859
1.772
1.684
1.505
1.419
1.338
1.263
1.197
1.142
1.065
1.042
1.026
1.032
1.052
1.122
1.176
1.242
1.318
1.401
1.49
1.677
1.771
1.861
1.947
2.026
2.096
2.202
2.236
2.26
2.273
2.264
2.243
2.174
2.121
2.059
1.988
1.908
1.736
1.646
1.556
1.468
1.384
1.306
1.173
1.122
1.083
1.054
1.035
1.025
1.062
1.097
1.143
1.271
1.435
1.526
1.62
1.714
1.807
1.98
2.056
2.121
2.176
2.217
2.247
2.272
2.256
2.232
2.199
2.154
2.031
1.957
1.875
1.79
1.701
1.611
1.435
1.353
1.277
1.209
1.152
1.106
1.046
1.029
1.03
1.047
1.075
1.114
1.229
1.303
1.385
1.473
1.565
1.753
1.844
1.931
2.012
2.084
2.145
2.231
2.256
2.272
2.267
2.248
2.22
2.132
2.072
2.001
1.924
1.84
1.663
1.573
1.484
1.4
1.32
1.247
1.131
1.09
1.059
1.038
1.026
1.036
1.089
1.133
1.189
1.256
1.334
1.508
1.601
1.696
1.789
1.879
1.964
2.11
2.166
2.21
2.242
2.264
2.274
2.238
2.206
2.163
2.11
2.045
1.891
1.806
1.718
1.628
1.539
1.452
1.291
1.222
1.162
1.114
1.076
1.05
1.027
1.043
1.069
1.105
1.154
1.216
1.368
1.455
1.547
1.64
1.735
1.826
1.997
2.07
2.134
2.185
2.225
2.252
2.27
2.252
2.226
2.19
2.143
2.085
1.94
1.857
1.77
1.68
1.591
1.502
1.335
1.261
1.195
1.14
1.097
1.064
1.026
1.033
1.052
1.082
1.123
1.177
1.318
1.401
1.49
1.583
1.677
1.771
1.948
2.027
2.097
2.156
2.202
2.237
2.274
2.264
2.243
2.213
2.173
2.058
1.987
1.907
1.823
1.736
1.646
1.469
1.384
1.305
1.234
1.173
1.122
1.054
1.035
1.026
1.039
1.063
1.097
1.203
1.273
1.352
1.438
1.529
1.622
1.809
1.898
1.981
2.057
2.122
2.176
2.247
2.267
2.272
2.256
2.232
2.198
2.097
2.03
1.955
1.874
1.787
1.699
1.519
1.432
1.35
1.275
1.207
1.104
1.07
1.045
1.029
1.03
1.047
1.114
1.166
1.229
1.302
1.384
1.472
1.659
1.752
1.844
1.932
2.012
2.084
2.194
2.231
2.256
2.272
2.267
2.248
2.182
2.132
2.072
2.002
1.924
1.753
1.664
1.574
1.486
1.4
1.321
1.184
1.131
1.09
1.059
1.038
1.036
1.057
1.089
1.133
1.19
1.258
1.42
1.51
1.603
1.697
1.791
1.88
2.042
2.11
2.166
2.211
2.242
2.264
2.26
2.237
2.206
2.163
2.109
1.971
1.89
1.805
1.716
1.626
1.537
1.366
1.289
1.22
1.161
1.113
1.076
1.031
1.027
1.043
1.069
1.105
1.154
1.287
1.367
1.454
1.546
1.64
1.734
1.915
1.997
2.071
2.134
2.186
2.252
2.27
2.27
2.252
2.226
2.19
2.084
2.016
1.94
1.857
1.771
1.592
1.503
1.417
1.336
1.262
1.196
1.097
1.064
1.042
1.027
1.033
1.052
1.124
1.178
1.244
1.319
1.403
1.492
1.679
1.772
1.863
1.949
2.028
2.156
2.203
2.237
2.26
2.273
2.263
2.213
2.173
2.121
2.058
1.986
1.907
1.734
1.644
1.555
1.467
1.382
1.233
1.172
1.121
1.082
1.054
1.034
1.039
1.063
1.097
1.144
1.202
1.272
1.437
1.527
1.621
1.715
1.808
1.897
2.057
2.122
2.176
2.218
2.247
2.272
2.256
2.232
2.199
2.153
2.097
1.956
1.874
1.789
1.7
1.61
1.521
1.352
1.276
1.208
1.151
1.105
1.046
1.029
1.03
1.048
1.076
1.115
1.23
1.304
1.387
1.475
1.567
1.661
1.846
1.933
2.013
2.085
2.146
2.231
2.256
2.272
2.266
2.247
2.22
2.131
2.071
2.0
1.923
1.839
1.751
1.572
1.483
1.398
1.318
1.246
1.13
1.089
1.059
1.038
1.026
1.036
1.09
1.134
1.19
1.258
1.335
1.42
1.604
1.698
1.791
1.881
1.966
2.043
2.167
2.211
2.243
2.264
2.273
2.238
2.205
2.163
2.109
2.044
1.97
1.805
1.716
1.627
1.537
1.45
1.367
1.22
1.161
1.112
1.076
1.049
1.031
1.044
1.069
1.106
1.155
1.217
1.37
1.457
1.549
1.642
1.736
1.829
1.998
2.072
2.135
2.186
2.225
2.252
2.269
2.252
2.226
2.189
2.142
2.015
1.938
1.856
1.769
1.679
1.589
1.414
1.259
1.194
1.139
1.064
1.041
1.027
1.033
1.053
1.083
1.178
1.244
1.32
1.403
1.492
1.679
1.773
1.864
1.95
2.029
2.099
2.203
2.237
2.261
2.274
2.263
2.243
2.172
2.12
2.057
1.985
1.906
1.734
1.644
1.554
1.466
1.382
1.304
1.172
1.121
1.082
1.054
1.034
1.026
1.063
1.098
1.144
1.204
1.274
1.353
1.53
1.624
1.718
1.811
1.9
1.983
2.124
2.177
2.218
2.248
2.267
2.256
2.232
2.198
2.152
2.096
2.029
1.872
1.786
1.697
1.607
1.517
1.349
1.273
1.206
1.149
1.104
1.07
1.029
1.03
1.048
1.076
1.115
1.167
1.304
1.385
1.474
1.566
1.66
1.754
1.933
2.014
2.085
2.147
2.195
2.257
2.273
2.267
2.248
2.22
2.181
2.07
2.0
1.922
1.839
1.751
1.662
1.484
1.399
1.319
1.247
1.183
1.13
1.059
1.038
1.026
1.036
1.058
1.09
1.191
1.259
1.337
1.422
1.512
1.605
1.792
1.882
1.967
2.044
2.111
2.167
2.243
2.264
2.273
2.259
2.237
2.205
2.108
2.043
1.97
1.889
1.804
1.625
1.535
1.448
1.365
1.288
1.219
1.112
1.075
1.049
1.031
1.028
1.044
1.106
1.155
1.217
1.288
1.369
1.456
1.641
1.736
1.828
1.916
1.998
2.072
2.186
2.225
2.252
2.271
2.269
2.252
2.19
2.142
2.083
2.015
1.938
1.855
1.68
1.59
1.502
1.416
1.335
1.26
1.14
1.096
1.064
1.041
1.026
1.033
1.083
1.124
1.179
1.245
1.321
1.405
1.586
1.681
1.774
1.865
1.95
2.029
2.157
2.203
2.238
2.261
2.273
2.242
2.213
2.172
2.119
2.057
1.985
1.821
1.732
1.642
1.553
1.465
1.303
1.232
1.171
1.12
1.082
1.053
1.026
1.04
1.063
1.098
1.145
1.203
1.352
1.439
1.529
1.623
1.717
1.81
1.983
2.058
2.124
2.177
2.218
2.268
2.272
2.256
2.232
2.198
2.152
2.029
1.954
1.872
1.787
1.698
1.519
1.432
1.35
1.274
1.207
1.15
1.07
1.045
1.029
1.03
1.048
1.076
1.167
1.231
1.305
1.388
1.475
1.568
1.756
1.847
1.934
2.014
2.086
2.146
2.232
2.257
2.272
2.266
2.247
2.181
2.131
2.07
2.0
1.922
1.838
1.661
1.571
1.482
1.397
1.318
1.182
1.13
1.088
1.059
1.037
1.026
1.058
1.09
1.134
1.19
1.259
1.336
1.511
1.604
1.698
1.791
1.881
1.966
2.111
2.167
2.211
2.243
2.264
2.273
2.238
2.205
2.163
2.108
2.043
1.889
1.804
1.716
1.626
1.537
1.449
1.289
1.22
1.161
1.112
1.076
1.049
1.028
1.044
1.069
1.106
1.156
1.29
1.37
1.457
1.549
1.643
1.737
1.917
1.999
2.072
2.135
2.187
2.225
2.27
2.269
2.252
2.226
2.189
2.083
2.015
1.938
1.855
1.768
1.679
1.5
1.414
1.333
1.259
1.194
1.139
1.064
1.041
1.026
1.033
1.053
1.083
1.179
1.244
1.32
1.403
1.493
1.585
1.772
1.864
1.95
2.029
2.099
2.203
2.237
2.261
2.274
2.263
2.243
2.172
2.12
2.057
1.985
1.906
1.733
1.644
1.555
1.467
1.382
1.304
1.171
1.121
1.082
1.054
1.034
1.026
1.064
1.098
1.145
1.204
1.275
1.354
1.531
1.624
1.718
1.811
1.9
2.058
2.124
2.177
2.218
2.248
2.268
2.256
2.232
2.198
2.152
2.096
1.954
1.872
1.786
1.697
1.607
1.518
1.349
1.274
1.206
1.149
1.103
1.069
1.029
1.03
1.048
1.076
1.115
1.167
1.304
1.386
1.474
1.566
1.661
1.846
1.933
2.014
2.086
2.147
2.195
2.256
2.273
2.266
2.247
2.22
2.181
2.07
2.0
1.922
1.838
1.751
1.572
1.484
1.399
1.319
1.247
1.183
1.089
1.059
1.037
1.026
1.036
1.058
1.134
1.191
1.26
1.337
1.422
1.512
1.7
1.793
1.883
1.967
2.044
2.112
2.211
2.243
2.264
2.273
2.205
2.162
2.108
2.043
1.969
1.803
1.714
1.624
1.535
1.448
1.287
1.219
1.16
1.112
1.075
1.049
1.028
1.044
1.069
1.106
1.156
1.217
1.369
1.457
1.548
1.642
1.736
1.828
1.999
2.072
2.136
2.187
2.225
2.271
2.269
2.252
2.226
2.19
2.142
2.015
1.938
1.855
1.769
1.679
1.501
1.415
1.334
1.26
1.195
1.14
1.064
1.041
1.026
1.033
1.053
1.083
1.179
1.245
1.321
1.405
1.494
1.587
1.774
1.865
1.951
2.029
2.099
2.157
2.238
2.261
2.274
2.263
2.243
2.172
2.12
2.057
1.985
1.905
1.82
1.642
1.553
1.465
1.381
1.302
1.171
1.12
1.082
1.054
1.034
1.026
1.064
1.098
1.145
1.204
1.274
1.353
1.529
1.623
1.717
1.81
1.899
1.983
2.124
2.177
2.218
2.248
2.268
2.272
2.232
2.198
2.152
2.096
2.029
1.954
1.786
1.698
1.607
1.518
1.432
1.35
1.207
1.15
1.104
1.069
1.045
1.029
1.048
1.076
1.115
1.167
1.231
1.306
1.476
1.568
1.662
1.756
1.847
1.934
2.086
2.147
2.195
2.232
2.257
2.272
2.247
2.219
2.181
2.131
2.07
1.922
1.838
1.75
1.661
1.571
1.482
1.317
1.245
1.182
1.129
1.088
1.058
1.026
1.036
1.058
1.09
1.134
1.191
1.259
1.421
1.511
1.604
1.699
1.792
1.882
2.044
2.111
2.168
2.211
2.243
2.264
2.26
2.237
2.205
2.162
2.108
1.969
1.889
1.804
1.715
1.626
1.537
1.366
1.289
1.22
1.16
1.112
1.076
1.031
1.028
1.044
1.07
1.106
1.156
1.29
1.371
1.458
1.55
1.644
1.737
1.917
1.999
2.073
2.136
2.187
2.253
2.271
2.269
2.252
2.226
2.189
2.083
2.014
1.938
1.855
1.768
1.589
1.5
1.414
1.333
1.259
1.194
1.096
1.064
1.041
1.027
1.033
1.053
1.125
1.179
1.245
1.321
1.404
1.493
1.68
1.774
1.865
1.951
2.03
2.158
2.204
2.238
2.261
2.274
2.263
2.212
2.171
2.119
2.056
1.984
1.82
1.733
1.643
1.554
1.466
1.382
1.232
1.171
1.121
1.082
1.054
1.035
1.04
1.064
1.098
1.145
1.205
1.275
1.441
1.532
1.625
1.719
1.812
1.901
2.059
2.124
2.178
2.219
2.248
2.272
2.256
2.232
2.197
2.152
2.095
1.953
1.871
1.785
1.696
1.606
1.43
1.348
1.273
1.205
1.149
1.103
1.045
1.029
1.031
1.049
1.076
1.116
1.232
1.305
1.387
1.475
1.568
1.755
1.847
1.934
2.015
2.087
2.147
2.232
2.257
2.273
2.266
2.247
2.219
2.13
2.07
2.0
1.921
1.837
1.661
1.571
1.483
1.398
1.318
1.245
1.13
1.089
1.058
1.038
1.026
1.037
1.091
1.135
1.192
1.261
1.339
1.424
1.606
1.701
1.794
1.883
1.968
2.112
2.168
2.212
2.244
2.265
2.273
2.237
2.205
2.162
2.107
2.042
1.969
1.803
1.714
1.624
1.534
1.447
1.287
1.218
1.159
1.111
1.075
1.049
1.028
1.044
1.07
1.107
1.156
1.217
1.37
1.457
1.549
1.643
1.737
1.829
1.999
2.073
2.136
2.187
2.226
2.271
2.269
2.252
2.226
2.189
2.082
2.014
1.937
1.855
1.768
1.679
1.501
1.415
1.334
1.259
1.194
1.139
1.064
1.041
1.027
1.033
1.053
1.083
1.18
1.246
1.322
1.406
1.495
1.588
1.775
1.866
1.952
2.03
2.1
2.204
2.238
2.261
2.273
2.263
2.242
2.171
2.119
2.056
1.984
1.905
1.732
1.642
1.553
1.464
1.38
1.302
1.17
1.12
1.082
1.054
1.034
1.026
1.064
1.098
1.145
1.204
1.274
1.353
1.53
1.624
1.718
1.811
1.9
1.983
2.124
2.178
2.219
2.248
2.267
2.256
2.232
2.197
2.152
2.095
2.029
1.872
1.786
1.697
1.607
1.518
1.35
1.274
1.207
1.15
1.104
1.07
1.029
1.03
1.048
1.076
1.115
1.167
1.306
1.388
1.476
1.662
1.848
1.934
2.015
2.086
2.147
2.232
2.257
2.273
2.266
2.247
2.219
2.131
2.07
2.0
1.922
1.838
1.661
1.571
1.482
1.397
1.318
1.245
1.129
1.088
1.058
1.038
1.026
1.036
1.09
1.134
1.191
1.259
1.337
1.421
1.604
1.699
1.792
1.882
1.967
2.044
2.168
2.212
2.243
2.265
2.274
2.237
2.205
2.162
2.108
2.042
1.969
1.803
1.715
1.625
1.536
1.449
1.365
1.219
1.16
1.112
1.075
1.049
1.031
1.044
1.07
1.107
1.156
1.218
1.29
1.459
1.55
1.644
1.738
1.83
2.0
2.073
2.136
2.187
2.226
2.253
2.269
2.252
2.226
2.19
2.142
2.014
1.937
1.855
1.767
1.678
1.588
1.413
1.333
1.259
1.193
1.139
1.096
1.041
1.027
1.033
1.053
1.083
1.125
1.245
1.321
1.404
1.493
1.586
1.68
1.864
1.95
2.03
2.099
2.157
2.204
2.261
2.274
2.263
2.243
2.212
2.119
2.057
1.985
1.905
1.821
1.733
1.554
1.466
1.382
1.303
1.232
1.171
1.082
1.054
1.034
1.026
1.04
1.064
1.099
1.205
1.276
1.356
1.442
1.533
1.627
1.813
1.902
1.985
2.06
2.125
2.219
2.249
2.268
2.272
2.255
2.231
2.151
2.094
2.027
1.952
1.871
1.784
1.605
1.516
1.429
1.348
1.272
1.205
1.103
1.069
1.045
1.028
1.031
1.048
1.116
1.168
1.232
1.306
1.388
1.476
1.662
1.756
1.848
1.935
2.015
2.087
2.196
2.232
2.257
2.273
2.266
2.247
2.18
2.13
2.069
1.999
1.921
1.837
1.66
1.571
1.482
1.397
1.317
1.245
1.129
1.088
1.058
1.038
1.026
1.037
1.091
1.135
1.192
1.261
1.339
1.424
1.607
1.702
1.794
1.884
1.969
2.046
2.169
2.212
2.244
2.265
2.273
2.237
2.205
2.161
2.107
2.042
1.968
1.802
1.713
1.623
1.534
1.447
1.364
1.218
1.159
1.111
1.075
1.049
1.031
1.044
1.07
1.107
1.156
1.218
1.29
1.458
1.549
1.643
1.737
1.829
1.918
2.073
2.136
2.187
2.226
2.253
2.271
2.252
2.226
2.189
2.141
2.082
2.013
1.854
1.767
1.678
1.589
1.5
1.333
1.259
1.193
1.139
1.096
1.064
1.027
1.034
1.053
1.083
1.125
1.18
1.246
1.406
1.496
1.589
1.682
1.776
1.952
2.031
2.1
2.158
2.204
2.238
2.274
2.263
2.242
2.212
2.171
2.119
1.983
1.904
1.82
1.731
1.641
1.552
1.38
1.301
1.231
1.17
1.12
1.081
1.034
1.027
1.04
1.064
1.098
1.145
1.275
1.354
1.44
1.53
1.624
1.718
1.9
1.984
2.059
2.124
2.178
2.219
2.268
2.272
2.256
2.232
2.197
2.151
2.028
1.953
1.871
1.785
1.696
1.607
1.431
1.349
1.273
1.206
1.149
1.103
1.045
1.029
1.031
1.049
1.076
1.116
1.232
1.307
1.389
1.478
1.57
1.664
1.849
1.936
2.016
2.087
2.148
2.196
2.257
2.273
2.266
2.247
2.219
2.18
2.069
1.999
1.921
1.837
1.749
1.66
1.481
1.396
1.316
1.244
1.181
1.129
1.058
1.037
1.026
1.037
1.058
1.091
1.192
1.26
1.338
1.423
1.512
1.605
1.793
1.883
1.968
2.045
2.112
2.168
2.243
2.265
2.274
2.259
2.237
2.161
2.107
2.042
1.968
1.888
1.802
1.625
1.535
1.448
1.365
1.288
1.219
1.112
1.075
1.049
1.031
1.028
1.044
1.107
1.157
1.219
1.291
1.372
1.46
1.645
1.739
1.831
1.919
2.0
2.074
2.187
2.226
2.253
2.271
2.269
2.252
2.189
2.141
2.082
2.014
1.937
1.854
1.678
1.588
1.499
1.413
1.332
1.258
1.139
1.096
1.064
1.041
1.027
1.034
1.083
1.125
1.179
1.245
1.321
1.405
1.586
1.681
1.774
1.865
1.951
2.03
2.158
2.204
2.238
2.261
2.274
2.263
2.212
2.171
2.119
2.055
1.984
1.82
1.732
1.642
1.553
1.465
1.381
1.232
1.12
1.082
1.054
1.027
1.041
1.064
1.099
1.145
1.205
1.355
1.441
1.532
1.626
1.72
1.813
1.985
2.06
2.125
2.178
2.219
2.268
2.272
2.256
2.232
2.197
2.151
2.028
1.953
1.871
1.785
1.696
1.516
1.43
1.348
1.272
1.205
1.148
1.103
1.045
1.029
1.031
1.049
1.076
1.116
1.231
1.305
1.387
1.476
1.568
1.662
1.847
1.934
2.015
2.087
2.147
2.232
2.257
2.273
2.267
2.247
2.219
2.13
2.07
1.999
1.921
1.837
1.75
1.571
1.483
1.398
1.318
1.245
1.182
1.088
1.058
1.038
1.026
1.037
1.058
1.135
1.192
1.261
1.339
1.424
1.514
1.701
1.794
1.884
1.968
2.045
2.112
2.212
2.244
2.265
2.273
2.259
2.237
2.162
2.107
2.042
1.969
1.888
1.714
1.624
1.534
1.447
1.364
1.287
1.159
1.111
1.075
1.049
1.032
1.028
1.07
1.107
1.156
1.218
1.29
1.458
1.549
1.643
1.737
1.829
1.917
2.073
2.136
2.187
2.226
2.253
2.271
2.252
2.226
2.189
2.141
2.082
1.937
1.854
1.768
1.679
1.589
1.5
1.333
1.259
1.194
1.139
1.096
1.063
1.027
1.034
1.053
1.083
1.125
1.18
1.323
1.406
1.496
1.588
1.682
1.866
1.952
2.031
2.1
2.158
2.204
2.261
2.274
2.263
2.242
2.212
2.171
2.056
1.984
1.905
1.82
1.732
1.553
1.464
1.38
1.302
1.232
1.17
1.081
1.054
1.034
1.027
1.04
1.064
1.145
1.205
1.275
1.354
1.44
1.531
1.719
1.811
1.9
1.984
2.06
2.178
2.219
2.249
2.268
2.272
2.256
2.197
2.152
2.095
2.028
1.953
1.871
1.696
1.607
1.518
1.431
1.349
1.273
1.149
1.103
1.069
1.045
1.029
1.031
1.077
1.116
1.169
1.233
1.308
1.391
1.571
1.665
1.759
1.85
1.937
2.017
2.149
2.197
2.233
2.258
2.273
2.266
2.218
2.18
2.13
2.068
1.998
1.919
1.748
1.658
1.569
1.48
1.395
1.243
1.181
1.128
1.088
1.058
1.037
1.026
1.058
1.091
1.135
1.193
1.261
1.338
1.513
1.606
1.7
1.794
1.884
1.969
2.113
2.169
2.212
2.244
2.265
2.274
2.237
2.205
2.161
2.106
2.041
1.887
1.801
1.713
1.623
1.534
1.447
1.287
1.218
1.159
1.111
1.075
1.049
1.028
1.044
1.07
1.107
1.157
1.219
1.292
1.46
1.552
1.646
1.74
1.832
2.001
2.074
2.137
2.188
2.226
2.253
2.269
2.251
2.225
2.189
2.141
2.082
1.936
1.853
1.766
1.677
1.587
1.498
1.331
1.257
1.193
1.138
1.095
1.063
1.027
1.034
1.053
1.083
1.126
1.18
1.322
1.406
1.495
1.588
1.682
1.775
1.952
2.031
2.1
2.159
2.205
2.238
2.274
2.263
2.242
2.212
2.171
2.118
1.983
1.904
1.819
1.731
1.642
1.464
1.38
1.302
1.231
1.17
1.12
1.053
1.034
1.027
1.041
1.064
1.099
1.147
1.277
1.357
1.443
1.534
1.627
1.721
1.903
1.985
2.061
2.125
2.179
2.249
2.268
2.271
2.255
2.231
2.197
2.094
2.027
1.952
1.87
1.784
1.695
1.516
1.429
1.347
1.272
1.205
1.148
1.069
1.045
1.029
1.031
1.049
1.076
1.168
1.232
1.306
1.389
1.477
1.569
1.757
1.848
1.935
2.016
2.088
2.148
2.232
2.258
2.273
2.266
2.247
2.219
2.13
2.069
1.998
1.92
1.836
1.749
1.57
1.482
1.397
1.317
1.245
1.181
1.088
1.058
1.037
1.026
1.037
1.059
1.136
1.193
1.262
1.34
1.425
1.515
1.702
1.795
1.885
1.97
2.046
2.114
2.212
2.244
2.265
2.273
2.259
2.237
2.161
2.107
2.042
1.968
1.887
1.713
1.623
1.534
1.447
1.363
1.286
1.159
1.111
1.075
1.049
1.032
1.028
1.07
1.107
1.157
1.218
1.29
1.371
1.458
1.643
1.738
1.83
1.918
2.0
2.137
2.187
2.226
2.253
2.271
2.226
2.189
2.141
2.082
1.937
1.853
1.767
1.678
1.588
1.499
1.333
1.259
1.193
1.139
1.096
1.064
1.027
1.034
1.054
1.084
1.126
1.181
1.324
1.408
1.497
1.59
1.684
1.868
1.954
2.032
2.101
2.159
2.205
2.262
2.274
2.263
2.242
2.212
2.118
2.055
1.982
1.903
1.818
1.73
1.551
1.463
1.379
1.301
1.23
1.169
1.081
1.053
1.034
1.027
1.041
1.064
1.146
1.205
1.276
1.355
1.441
1.532
1.72
1.812
1.901
1.985
2.06
2.179
2.219
2.249
2.268
2.272
2.256
2.197
2.151
2.094
2.027
1.952
1.784
1.695
1.606
1.517
1.43
1.348
1.205
1.148
1.103
1.069
1.045
1.029
1.049
1.077
1.116
1.168
1.233
1.308
1.479
1.571
1.665
1.758
1.85
1.937
2.088
2.148
2.197
2.233
2.258
2.273
2.247
2.219
2.18
2.13
2.069
1.92
1.836
1.749
1.659
1.569
1.481
1.316
1.244
1.181
1.128
1.088
1.058
1.026
1.037
1.058
1.091
1.135
1.192
1.339
1.423
1.513
1.606
1.701
1.794
1.968
2.045
2.113
2.169
2.212
2.244
2.274
2.26
2.237
2.205
2.161
2.107
1.968
1.887
1.802
1.713
1.624
1.535
1.364
1.287
1.218
1.159
1.111
1.075
1.031
1.028
1.045
1.07
1.108
1.157
1.292
1.373
1.461
1.553
1.646
1.74
1.92
2.002
2.075
2.137
2.188
2.226
2.271
2.269
2.251
2.225
2.189
2.141
2.013
1.937
1.853
1.766
1.677
1.499
1.413
1.331
1.258
1.193
1.138
1.063
1.041
1.027
1.034
1.053
1.083
1.18
1.246
1.322
1.406
1.495
1.587
1.775
1.866
1.952
2.031
2.1
2.159
2.238
2.261
2.274
2.263
2.242
2.171
2.118
2.055
1.983
1.904
1.819
1.641
1.552
1.464
1.38
1.302
1.231
1.12
1.081
1.053
1.034
1.027
1.041
1.099
1.146
1.206
1.276
1.356
1.443
1.627
1.721
1.814
1.902
1.985
2.126
2.179
2.22
2.249
2.268
2.272
2.232
2.197
2.151
2.094
2.027
1.87
1.784
1.695
1.605
1.516
1.43
1.272
1.205
1.148
1.103
1.069
1.045
1.031
1.049
1.077
1.116
1.168
1.232
1.388
1.476
1.568
1.662
1.756
1.848
2.015
2.087
2.148
2.196
2.232
2.273
2.266
2.247
2.219
2.18
2.13
1.998
1.92
1.836
1.749
1.66
1.57
1.397
1.317
1.245
1.181
1.129
1.058
1.038
1.027
1.037
1.059
1.091
1.193
1.262
1.34
1.425
1.514
1.608
1.795
1.885
1.969
2.046
2.113
2.169
2.244
2.265
2.274
2.259
2.237
2.161
2.107
2.042
1.968
1.888
1.802
1.623
1.534
1.447
1.363
1.286
1.218
1.111
1.075
1.049
1.032
1.028
1.07
1.107
1.157
1.218
1.29
1.371
1.55
1.644
1.738
1.829
1.918
2.0
2.137
2.187
2.226
2.253
2.271
2.269
2.226
2.189
2.141
2.082
2.013
1.853
1.766
1.678
1.588
1.5
1.414
1.258
1.193
1.139
1.095
1.063
1.041
1.034
1.053
1.084
1.126
1.181
1.323
1.407
1.496
1.589
1.683
1.777
1.953
2.032
2.101
2.159
2.205
2.238
2.274
2.263
2.242
2.212
2.171
2.119
1.983
1.904
1.82
1.731
1.642
1.464
1.38
1.302
1.231
1.17
1.119
1.053
1.034
1.027
1.04
1.064
1.099
1.205
1.275
1.355
1.44
1.531
1.625
1.812
1.901
1.984
2.06
2.125
2.219
2.249
2.268
2.272
2.256
2.232
2.151
2.095
2.027
1.952
1.871
1.696
1.606
1.517
1.431
1.349
1.273
1.149
1.103
1.069
1.045
1.029
1.031
1.076
1.116
1.168
1.233
1.307
1.39
1.571
1.664
1.758
1.849
1.936
2.017
2.148
2.196
2.233
2.258
2.273
2.247
2.219
2.18
2.13
2.069
1.999
1.837
1.749
1.66
1.57
1.481
1.317
1.244
1.181
1.129
1.088
1.058
1.027
1.037
1.059
1.09
1.135
1.192
1.338
1.423
1.606
1.7
1.883
1.968
2.045
2.113
2.169
2.244
2.265
2.274
2.26
2.237
2.205
2.107
2.042
1.968
1.887
1.802
1.624
1.535
1.448
1.365
1.287
1.218
1.112
1.075
1.049
1.032
1.029
1.045
1.108
1.157
1.219
1.292
1.373
1.46
1.646
1.74
1.832
1.92
2.001
2.137
2.188
2.226
2.253
2.271
2.269
2.225
2.189
2.141
2.082
2.013
1.937
1.767
1.677
1.587
1.499
1.413
1.332
1.193
1.138
1.095
1.063
1.041
1.034
1.054
1.084
1.126
1.181
1.247
1.407
1.496
1.588
1.682
1.776
1.866
2.031
2.101
2.159
2.205
2.238
2.274
2.263
2.242
2.212
2.171
2.118
1.982
1.903
1.819
1.73
1.641
1.551
1.38
1.301
1.231
1.17
1.12
1.081
1.034
1.027
1.041
1.065
1.099
1.146
1.277
1.357
1.443
1.534
1.628
1.722
1.903
1.986
2.061
2.126
2.179
2.22
2.268
2.272
2.255
2.231
2.197
2.094
2.027
1.952
1.87
1.784
1.695
1.516
1.429
1.347
1.271
1.205
1.148
1.068
1.045
1.029
1.031
1.049
1.077
1.169
1.233
1.307
1.389
1.478
1.57
1.758
1.849
1.936
2.017
2.088
2.148
2.233
2.257
2.273
2.266
2.247
2.219
2.129
2.068
1.997
1.919
1.835
1.748
1.569
1.481
1.396
1.316
1.244
1.181
1.088
1.058
1.037
1.027
1.038
1.059
1.136
1.193
1.262
1.341
1.426
1.516
1.703
1.796
1.886
1.97
2.047
2.114
2.213
2.244
2.265
2.274
2.259
2.237
2.161
2.106
2.041
1.967
1.886
1.713
1.622
1.533
1.446
1.363
1.286
1.158
1.111
1.074
1.049
1.032
1.028
1.07
1.107
1.157
1.219
1.291
1.372
1.551
1.645
1.739
1.831
1.919
2.074
2.137
2.188
2.226
2.253
2.271
2.252
2.225
2.188
2.14
2.081
2.012
1.853
1.766
1.677
1.587
1.499
1.332
1.258
1.193
1.138
1.095
1.063
1.027
1.034
1.054
1.084
1.126
1.181
1.324
1.408
1.497
1.59
1.684
1.778
1.954
2.032
2.101
2.16
2.205
2.239
2.274
2.263
2.242
2.212
2.171
2.055
1.983
1.903
1.818
1.73
1.64
1.463
1.379
1.301
1.23
1.169
1.119
1.053
1.034
1.027
1.041
1.064
1.099
1.205
1.276
1.355
1.441
1.532
1.625
1.813
1.901
1.985
2.061
2.126
2.22
2.249
2.268
2.272
2.256
2.231
2.151
2.094
2.027
1.952
1.87
1.694
1.605
1.516
1.43
1.348
1.272
1.148
1.103
1.069
1.045
1.029
1.032
1.077
1.117
1.169
1.233
1.308
1.391
1.572
1.665
1.759
1.85
1.937
2.017
2.149
2.197
2.233
2.258
2.273
2.247
2.219
2.18
2.13
2.069
1.998
1.836
1.749
1.659
1.57
1.481
1.316
1.244
1.181
1.128
1.088
1.058
1.027
1.037
1.059
1.091
1.136
1.193
1.339
1.423
1.514
1.606
1.701
1.794
1.968
2.046
2.113
2.169
2.212
2.265
2.274
2.259
2.237
2.205
2.161
2.041
1.968
1.887
1.802
1.713
1.535
1.448
1.364
1.287
1.218
1.159
1.075
1.049
1.032
1.029
1.045
1.07
1.157
1.219
1.292
1.373
1.461
1.553
1.74
1.832
1.92
2.002
2.075
2.188
2.226
2.253
2.271
2.269
2.251
2.189
2.141
2.082
2.013
1.937
1.854
1.678
1.587
1.499
1.413
1.332
1.193
1.138
1.095
1.063
1.041
1.027
1.054
1.083
1.125
1.18
1.246
1.322
1.495
1.588
1.682
1.775
1.866
1.952
2.1
2.159
2.205
2.238
2.262
2.263
2.242
2.212
2.171
2.118
2.056
1.904
1.82
1.731
1.642
1.553
1.381
1.302
1.232
1.17
1.12
1.082
1.035
1.027
1.041
1.064
1.099
1.146
1.276
1.356
1.442
1.533
1.627
1.721
1.902
1.985
2.06
2.125
2.178
2.22
2.268
2.272
2.256
2.232
2.197
2.095
2.028
1.953
1.871
1.785
1.696
1.517
1.43
1.348
1.273
1.206
1.069
1.045
1.029
1.031
1.076
1.116
1.168
1.231
1.305
1.388
1.568
1.662
1.756
1.847
1.934
2.015
2.148
2.196
2.232
2.257
2.273
2.267
2.22
2.181
2.13
2.069
1.999
1.921
1.749
1.66
1.571
1.482
1.397
1.318
1.182
1.13
1.088
1.058
1.038
1.027
1.059
1.091
1.136
1.193
1.261
1.34
1.515
1.608
1.702
1.795
1.885
1.97
2.114
2.169
2.213
2.244
2.265
2.259
2.237
2.205
2.162
2.107
2.042
1.888
1.802
1.714
1.624
1.534
1.447
1.286
1.218
1.159
1.111
1.075
1.049
1.029
1.045
1.07
1.107
1.157
1.218
1.371
1.459
1.55
1.644
1.737
1.83
2.0
2.074
2.137
2.188
2.226
2.253
2.27
2.252
2.226
2.189
2.141
2.013
1.937
1.854
1.767
1.678
1.588
1.414
1.333
1.259
1.193
1.139
1.064
1.041
1.027
1.034
1.054
1.084
1.18
1.247
1.323
1.407
1.497
1.589
1.776
1.867
1.953
2.031
2.1
2.159
2.238
2.262
2.274
2.263
2.242
2.171
2.119
2.056
1.984
1.904
1.82
1.642
1.552
1.465
1.38
1.302
1.231
1.119
1.081
1.053
1.035
1.027
1.041
1.099
1.145
1.205
1.275
1.354
1.44
1.625
1.718
1.811
1.901
1.984
2.125
2.178
2.22
2.248
2.268
2.272
2.232
2.197
2.152
2.095
2.028
1.871
1.785
1.696
1.607
1.517
1.431
1.273
1.206
1.149
1.104
1.069
1.045
1.031
1.049
1.077
1.116
1.168
1.233
1.39
1.479
1.571
1.665
1.758
1.85
2.017
2.088
2.148
2.197
2.233
2.274
2.267
2.247
2.219
2.181
2.13
1.999
1.921
1.837
1.749
1.66
1.57
1.396
1.317
1.244
1.181
1.129
1.088
1.038
1.027
1.037
1.058
1.09
1.135
1.26
1.338
1.423
1.513
1.606
1.7
1.883
1.968
2.045
2.113
2.169
2.212
2.265
2.274
2.26
2.238
2.205
2.107
2.042
1.968
1.887
1.802
1.714
1.535
1.448
1.365
1.287
1.218
1.159
1.075
1.049
1.032
1.029
1.045
1.07
1.107
1.218
1.291
1.373
1.46
1.552
1.645
1.831
1.919
2.001
2.074
2.137
2.188
2.253
2.271
2.27
2.252
2.226
2.142
2.082
2.014
1.937
1.854
1.767
1.588
1.499
1.413
1.332
1.258
1.193
1.095
1.063
1.041
1.027
1.034
1.053
1.083
1.18
1.246
1.322
1.405
1.494
1.586
1.774
1.865
1.951
2.03
2.1
2.158
2.238
2.261
2.274
2.263
2.243
2.213
2.119
2.056
1.984
1.904
1.82
1.642
1.553
1.465
1.381
1.302
1.232
1.121
1.082
1.054
1.035
1.027
1.041
1.099
1.146
1.205
1.276
1.356
1.443
1.533
1.721
1.813
1.902
1.985
2.061
2.178
2.22
2.249
2.268
2.272
2.256
2.197
2.152
2.095
2.028
1.953
1.871
1.696
1.606
1.517
1.43
1.348
1.272
1.148
1.103
1.069
1.045
1.029
1.031
1.076
1.116
1.168
1.232
1.306
1.388
1.568
1.662
1.756
1.848
1.935
2.015
2.148
2.196
2.232
2.257
2.273
2.267
2.22
2.181
2.13
2.069
1.998
1.921
1.75
1.66
1.571
1.483
1.398
1.318
1.182
1.129
1.088
1.059
1.038
1.027
1.059
1.091
1.135
1.193
1.261
1.339
1.515
1.608
1.702
1.795
1.885
1.97
2.113
2.169
2.212
2.244
2.265
2.26
2.237
2.205
2.162
2.108
2.042
1.888
1.803
1.714
1.624
1.535
1.448
1.287
1.218
1.16
1.111
1.075
1.049
1.028
1.045
1.07
1.107
1.156
1.218
1.29
1.458
1.55
1.643
1.737
1.829
1.918
2.074
2.136
2.188
2.226
2.253
2.27
2.252
2.226
2.189
2.141
2.082
1.936
1.854
1.767
1.678
1.588
1.5
1.333
1.259
1.193
1.139
1.096
1.064
1.028
1.034
1.054
1.084
1.126
1.18
1.323
1.407
1.496
1.589
1.683
1.776
1.953
2.031
2.101
2.159
2.205
2.238
2.274
2.263
2.243
2.119
2.056
1.984
1.905
1.82
1.732
1.552
1.464
1.38
1.302
1.231
1.17
1.081
1.053
1.035
1.027
1.041
1.064
1.145
1.205
1.275
1.354
1.44
1.531
1.718
1.811
1.9
1.984
2.059
2.125
2.219
2.249
2.268
2.272
2.256
2.198
2.152
2.095
2.028
1.953
1.871
1.696
1.606
1.517
1.431
1.349
1.273
1.149
1.1
1.149
1.104
1.069
1.046
1.031
1.049
1.076
1.115
1.167
1.231
1.387
1.475
1.567
1.661
1.754
1.846
2.014
2.086
2.147
2.196
2.232
2.273
2.267
2.248
2.22
2.181
2.131
2.0
1.922
1.838
1.751
1.661
1.572
1.399
1.319
1.246
1.183
1.13
1.059
1.038
1.027
1.037
1.058
1.09
1.191
1.26
1.338
1.423
1.513
1.606
1.793
1.883
1.968
2.045
2.112
2.168
2.244
2.265
2.274
2.26
2.238
2.163
2.109
2.044
1.97
1.889
1.804
1.626
1.536
1.449
1.366
1.288
1.219
1.112
1.075
1.049
1.032
1.028
1.045
1.106
1.155
1.217
1.289
1.37
1.457
1.642
1.735
1.828
1.916
1.998
2.136
2.187
2.225
2.253
2.271
2.27
2.226
2.19
2.142
2.083
2.015
1.938
1.769
1.68
1.59
1.502
1.415
1.26
1.195
1.139
1.097
1.064
1.042
1.034
1.054
1.083
1.125
1.179
1.245
1.406
1.495
1.588
1.681
1.775
1.952
2.03
2.1
2.158
2.204
2.238
2.274
2.264
2.243
2.213
2.173
2.121
1.985
1.906
1.822
1.734
1.644
1.467
1.382
1.304
1.233
1.171
1.121
1.054
1.035
1.027
1.041
1.064
1.098
1.204
1.274
1.353
1.439
1.529
1.717
1.809
1.899
1.982
2.058
2.124
2.218
2.248
2.268
2.273
2.257
2.233
2.153
2.096
2.029
1.954
1.873
1.698
1.608
1.519
1.433
1.351
1.275
1.15
1.104
1.07
1.045
1.03
1.031
1.076
1.115
1.167
1.231
1.305
1.388
1.569
1.662
1.756
1.847
1.935
2.086
2.147
2.196
2.232
2.257
2.274
2.248
2.22
2.181
2.132
2.071
1.923
1.839
1.751
1.662
1.572
1.484
1.319
1.246
1.183
1.13
1.089
1.059
1.027
1.037
1.058
1.09
1.134
1.19
1.336
1.421
1.511
1.604
1.698
1.881
1.966
2.044
2.112
2.168
2.211
2.264
2.274
2.26
2.238
2.206
2.163
2.043
1.97
1.889
1.804
1.715
1.537
1.45
1.367
1.289
1.22
1.16
1.076
1.05
1.032
1.029
1.045
1.07
1.156
1.217
1.29
1.371
1.458
1.643
1.83
1.918
2.0
2.136
2.187
2.226
2.253
2.271
2.252
2.226
2.19
2.143
2.084
2.016
1.856
1.769
1.68
1.59
1.501
1.416
1.26
1.195
1.14
1.096
1.064
1.042
1.034
1.053
1.082
1.124
1.178
1.244
1.404
1.492
1.585
1.679
1.772
1.949
2.029
2.099
2.157
2.204
2.238
2.274
2.264
2.244
2.214
2.172
2.057
1.985
1.906
1.822
1.734
1.644
1.467
1.383
1.304
1.233
1.172
1.121
1.054
1.035
1.027
1.041
1.064
1.098
1.204
1.274
1.354
1.44
1.531
1.625
1.811
1.9
1.983
2.059
2.124
2.219
2.248
2.268
2.273
2.256
2.232
2.154
2.097
2.03
1.955
1.874
1.788
1.609
1.52
1.433
1.351
1.275
1.15
1.104
1.07
1.046
1.03
1.031
1.076
1.114
1.166
1.23
1.304
1.386
1.566
1.66
1.753
1.845
1.933
2.013
2.146
2.195
2.231
2.257
2.273
2.267
2.221
2.182
2.132
2.071
2.001
1.923
1.752
1.663
1.573
1.485
1.4
1.32
1.184
1.13
1.089
1.059
1.039
1.027
1.058
1.09
1.134
1.191
1.259
1.337
1.512
1.605
1.699
1.792
1.882
1.967
2.112
2.167
2.211
2.243
2.265
2.274
2.238
2.206
2.164
2.109
2.045
1.971
1.805
1.717
1.627
1.538
1.451
1.29
1.22
1.161
1.113
1.076
1.05
1.028
1.044
1.069
1.105
1.154
1.216
1.288
1.455
1.547
1.64
1.734
1.827
1.915
2.071
2.135
2.186
2.225
2.253
2.27
2.253
2.227
2.19
2.143
2.084
1.939
1.857
1.77
1.681
1.591
1.503
1.336
1.261
1.196
1.14
1.097
1.065
1.028
1.034
1.053
1.082
1.124
1.244
1.32
1.404
1.494
1.586
1.68
1.864
1.95
2.029
2.099
2.157
2.204
2.261
2.274
2.264
2.244
2.214
2.121
2.058
1.987
1.907
1.823
1.735
1.556
1.468
1.384
1.305
1.233
1.172
1.082
1.054
1.036
1.027
1.041
1.064
1.144
1.203
1.272
1.352
1.437
1.528
1.715
1.808
1.898
1.981
2.057
2.177
2.218
2.248
2.267
2.273
2.257
2.199
2.154
2.097
2.03
1.955
1.788
1.699
1.609
1.52
1.434
1.352
1.208
1.151
1.105
1.07
1.046
1.03
1.049
1.076
1.115
1.166
1.23
1.304
1.475
1.567
1.661
1.754
1.846
2.014
2.085
2.146
2.195
2.231
2.257
2.268
2.248
2.221
2.183
2.133
2.002
1.925
1.841
1.754
1.664
1.574
1.4
1.32
1.247
1.184
1.131
1.089
1.039
1.027
1.037
1.058
1.089
1.133
1.257
1.335
1.42
1.509
1.602
1.789
1.879
1.964
2.042
2.11
2.167
2.243
2.264
2.274
2.261
2.239
2.207
2.11
2.045
1.971
1.891
1.806
1.628
1.539
1.452
1.368
1.291
1.221
1.113
1.076
1.05
1.033
1.029
1.044
1.106
1.154
1.216
1.288
1.369
1.457
1.642
1.736
1.828
1.916
1.998
2.135
2.186
2.225
2.252
2.271
2.27
2.227
2.191
2.144
2.085
2.017
1.858
1.772
1.683
1.592
1.504
1.418
1.262
1.196
1.141
1.097
1.064
1.042
1.034
1.053
1.082
1.123
1.177
1.243
1.402
1.491
1.583
1.677
1.77
1.948
2.027
2.097
2.156
2.202
2.237
2.274
2.264
2.244
2.214
2.174
2.059
1.987
1.908
1.824
1.736
1.646
1.469
1.385
1.306
1.235
1.173
1.122
1.055
1.036
1.027
1.041
1.064
1.097
1.203
1.273
1.352
1.439
1.53
1.717
1.81
1.899
1.982
2.058
2.123
2.218
2.248
2.268
2.273
2.257
2.199
2.154
2.098
2.031
1.956
1.875
1.7
1.61
1.521
1.434
1.352
1.276
1.151
1.105
1.07
1.046
1.03
1.031
1.075
1.114
1.165
1.229
1.303
1.385
1.564
1.658
1.752
1.844
1.931
2.084
2.145
2.194
2.231
2.257
2.273
2.249
2.221
2.183
2.133
2.072
1.924
1.84
1.753
1.664
1.574
1.486
1.321
1.248
1.184
1.131
1.09
1.027
1.037
1.058
1.089
1.133
1.258
1.336
1.421
1.511
1.604
1.791
1.881
1.966
2.043
2.111
2.167
2.243
2.264
2.274
2.261
2.239
2.207
2.11
2.046
1.972
1.892
1.806
1.718
1.539
1.451
1.368
1.291
1.221
1.113
1.076
1.05
1.033
1.029
1.044
1.105
1.154
1.215
1.287
1.367
1.455
1.639
1.733
1.825
1.914
1.996
2.07
2.185
2.225
2.252
2.27
2.27
2.253
2.191
2.144
2.085
2.017
1.94
1.771
1.682
1.592
1.504
1.418
1.337
1.196
1.141
1.097
1.065
1.042
1.028
1.053
1.082
1.124
1.178
1.243
1.319
1.493
1.585
1.679
1.772
1.863
2.028
2.098
2.157
2.203
2.237
2.261
2.264
2.244
2.214
2.174
2.122
2.06
1.909
1.824
1.736
1.647
1.557
1.385
1.306
1.234
1.173
1.122
1.083
1.054
1.027
1.04
1.063
1.097
1.143
1.202
1.351
1.436
1.527
1.62
1.714
1.807
1.98
2.056
2.122
2.176
2.218
2.247
2.273
2.257
2.234
2.199
2.154
2.031
1.956
1.875
1.789
1.7
1.611
1.435
1.353
1.277
1.209
1.152
1.105
1.046
1.03
1.031
1.049
1.075
1.114
1.166
1.303
1.385
1.474
1.566
1.66
1.845
1.932
2.013
2.085
2.146
2.195
2.257
2.273
2.268
2.249
2.221
2.183
2.073
2.003
1.926
1.842
1.755
1.665
1.487
1.402
1.322
1.249
1.185
1.132
1.059
1.039
1.027
1.037
1.058
1.089
1.188
1.256
1.334
1.418
1.508
1.601
1.788
1.878
1.963
2.041
2.109
2.21
2.242
2.264
2.274
2.261
2.239
2.165
2.11
2.046
1.972
1.892
1.807
1.629
1.54
1.453
1.369
1.292
1.163
1.114
1.077
1.051
1.033
1.029
1.069
1.105
1.154
1.215
1.287
1.368
1.547
1.64
1.734
1.826
1.915
1.997
2.134
2.185
2.225
2.252
2.271
2.253
2.228
2.192
2.145
2.087
2.018
1.859
1.773
1.684
1.594
1.505
1.337
1.263
1.197
1.142
1.098
1.065
1.028
1.034
1.053
1.081
1.122
1.176
1.317
1.4
1.489
1.582
1.675
1.769
1.946
2.026
2.096
2.155
2.202
2.26
2.274
2.265
2.244
2.215
2.175
2.06
1.988
1.909
1.825
1.737
1.647
1.47
1.386
1.307
1.236
1.174
1.084
1.055
1.036
1.028
1.041
1.063
1.143
1.202
1.271
1.351
1.437
1.528
1.715
1.808
1.897
1.981
2.056
2.122
2.217
2.247
2.267
2.273
2.257
2.2
2.156
2.099
2.033
1.958
1.877
1.702
1.612
1.523
1.436
1.354
1.278
1.152
1.106
1.071
1.047
1.031
1.031
1.075
1.113
1.164
1.228
1.301
1.383
1.563
1.656
1.75
1.842
1.929
2.083
2.144
2.193
2.23
2.256
2.273
2.249
2.222
2.184
2.134
2.074
1.926
1.843
1.755
1.666
1.577
1.489
1.323
1.25
1.186
1.133
1.091
1.061
1.028
1.037
1.058
1.089
1.132
1.189
1.334
1.419
1.509
1.602
1.696
1.879
1.964
2.042
2.109
2.166
2.21
2.264
2.274
2.261
2.239
2.208
2.165
2.048
1.974
1.894
1.809
1.721
1.541
1.454
1.371
1.293
1.223
1.163
1.077
1.051
1.033
1.029
1.044
1.069
1.153
1.214
1.286
1.366
1.453
1.544
1.731
1.824
1.912
1.995
2.069
2.133
2.224
2.252
2.27
2.27
2.253
2.192
2.145
2.086
2.018
1.942
1.859
1.684
1.594
1.506
1.42
1.339
1.198
1.142
1.099
1.066
1.043
1.029
1.053
1.082
1.123
1.177
1.242
1.318
1.491
1.583
1.677
1.77
1.861
1.947
2.097
2.156
2.202
2.237
2.26
2.265
2.244
2.215
2.175
2.123
2.061
1.91
1.826
1.738
1.649
1.559
1.387
1.308
1.236
1.174
1.124
1.084
1.036
1.028
1.041
1.063
1.096
1.142
1.27
1.349
1.435
1.525
1.618
1.712
1.894
1.978
2.054
2.121
2.175
2.217
2.267
2.273
2.258
2.234
2.201
2.1
2.033
1.877
1.702
1.613
1.524
1.438
1.355
1.279
1.153
1.106
1.072
1.047
1.031
1.031
1.075
1.113
1.165
1.228
1.302
1.384
1.564
1.658
1.752
1.843
1.931
2.011
2.145
2.194
2.231
2.256
2.273
2.249
2.222
2.184
2.135
2.075
2.005
1.844
1.757
1.667
1.577
1.489
1.323
1.25
1.186
1.133
1.091
1.06
1.028
1.037
1.058
1.088
1.132
1.188
1.333
1.417
1.506
1.599
1.693
1.786
1.962
2.04
2.108
2.165
2.209
2.264
2.274
2.261
2.24
2.208
2.166
2.047
1.974
1.894
1.809
1.721
1.542
1.455
1.371
1.293
1.224
1.164
1.078
1.051
1.034
1.029
1.044
1.069
1.153
1.214
1.286
1.367
1.454
1.545
1.733
1.825
1.913
1.996
2.07
2.133
2.224
2.252
2.27
2.271
2.254
2.193
2.146
2.088
2.02
1.944
1.861
1.685
1.596
1.507
1.421
1.339
1.265
1.143
1.099
1.066
1.043
1.029
1.034
1.081
1.122
1.175
1.24
1.316
1.399
1.58
1.674
1.767
1.858
1.945
2.024
2.155
2.201
2.236
2.26
2.274
2.265
2.215
2.175
2.124
2.061
1.99
1.911
1.739
1.649
1.56
1.472
1.388
1.237
1.175
1.124
1.085
1.056
1.036
1.028
1.063
1.097
1.142
1.201
1.271
1.35
1.528
1.621
1.715
1.807
1.897
1.98
2.122
2.176
2.217
2.247
2.268
2.258
2.234
2.2
2.156
2.1
2.033
1.877
1.791
1.703
1.613
1.524
1.437
1.278
1.21
1.152
1.106
1.071
1.046
1.031
1.048
1.075
1.113
1.163
1.227
1.382
1.47
1.562
1.656
1.749
1.841
2.01
2.082
2.144
2.193
2.23
2.273
2.268
2.25
2.222
2.184
2.135
2.004
1.926
1.843
1.756
1.666
1.577
1.403
1.324
1.25
1.186
1.133
1.061
1.039
1.028
1.037
1.058
1.089
1.188
1.256
1.333
1.418
1.508
1.601
1.788
1.878
1.964
2.041
2.109
2.166
2.242
2.264
2.274
2.262
2.239
2.166
2.112
2.048
1.975
1.895
1.809
1.631
1.542
1.454
1.371
1.293
1.223
1.115
1.077
1.051
1.033
1.028
1.068
1.104
1.152
1.213
1.285
1.365
1.543
1.636
1.73
1.823
1.911
1.994
2.132
2.184
2.224
2.252
2.27
2.271
2.229
2.193
2.146
2.087
2.019
1.861
1.774
1.685
1.595
1.506
1.421
1.265
1.198
1.143
1.099
1.066
1.043
1.034
1.053
1.081
1.122
1.176
1.241
1.401
1.49
1.583
1.677
1.77
1.947
2.026
2.096
2.155
2.202
2.236
2.274
2.265
2.244
2.215
2.175
2.124
1.99
1.911
1.827
1.739
1.65
1.472
1.387
1.308
1.236
1.175
1.123
1.055
1.036
1.027
1.04
1.063
1.096
1.2
1.27
1.348
1.434
1.525
1.618
1.805
1.894
1.978
2.054
2.12
2.217
2.247
2.267
2.273
2.258
2.234
2.156
2.1
2.033
1.959
1.877
1.703
1.613
1.524
1.438
1.355
1.279
1.153
1.106
1.071
1.047
1.031
1.031
1.075
1.113
1.164
1.227
1.301
1.383
1.564
1.658
1.751
1.843
1.93
2.011
2.145
2.193
2.231
2.256
2.273
2.249
2.222
2.184
2.135
2.075
2.005
1.844
1.757
1.668
1.578
1.49
1.324
1.25
1.186
1.133
1.091
1.061
1.028
1.037
1.057
1.088
1.131
1.187
1.332
1.416
1.506
1.598
1.692
1.785
1.961
2.039
2.108
2.165
2.209
2.264
2.274
2.262
2.24
2.208
2.166
2.048
1.974
1.894
1.809
1.721
1.631
1.455
1.372
1.294
1.224
1.164
1.078
1.051
1.034
1.028
1.044
1.068
1.152
1.213
1.285
1.366
1.453
1.544
1.732
1.824
1.913
1.995
2.069
2.133
2.224
2.252
2.27
2.271
2.254
2.193
2.146
2.088
2.02
1.944
1.862
1.686
1.596
1.507
1.421
1.34
1.265
1.143
1.099
1.066
1.043
1.028
1.034
1.081
1.121
1.175
1.24
1.316
1.487
1.579
1.673
1.766
1.858
1.944
2.154
2.201
2.236
2.26
2.265
2.245
2.216
2.176
2.124
1.99
1.911
1.827
1.739
1.649
1.56
1.388
1.309
1.238
1.175
1.124
1.085
1.037
1.028
1.04
1.063
1.096
1.142
1.269
1.349
1.435
1.525
1.619
1.805
1.895
1.979
2.055
2.121
2.175
2.247
2.267
2.273
2.258
2.235
2.157
2.101
2.035
1.961
1.879
1.793
1.615
1.526
1.439
1.356
1.28
1.211
1.107
1.071
1.047
1.031
1.031
1.048
1.112
1.163
1.226
1.299
1.381
1.56
1.654
1.748
1.84
1.928
2.008
2.143
2.193
2.23
2.256
2.273
2.25
2.223
2.185
2.136
2.075
2.005
1.844
1.757
1.668
1.578
1.49
1.405
1.252
1.187
1.133
1.092
1.061
1.04
1.037
1.057
1.088
1.131
1.187
1.255
1.418
1.507
1.6
1.694
1.787
1.878
2.04
2.109
2.165
2.209
2.241
2.264
2.262
2.24
2.209
2.166
2.113
1.976
1.896
1.811
1.722
1.632
1.543
1.372
1.294
1.224
1.164
1.115
1.078
1.033
1.028
1.044
1.068
1.103
1.152
1.213
1.364
1.451
1.542
1.636
1.729
1.822
1.993
2.067
2.132
2.184
2.223
2.27
2.271
2.254
2.229
2.193
2.146
2.02
1.943
1.861
1.775
1.686
1.596
1.422
1.34
1.265
1.199
1.143
1.099
1.043
1.028
1.034
1.052
1.081
1.122
1.241
1.316
1.4
1.489
1.581
1.675
1.86
1.946
2.026
2.096
2.155
2.201
2.26
2.274
2.265
2.245
2.216
2.176
2.063
1.991
1.912
1.828
1.74
1.561
1.473
1.388
1.309
1.237
1.175
1.084
1.056
1.036
1.027
1.04
1.063
1.141
1.199
1.269
1.348
1.433
1.524
1.71
1.804
1.893
1.977
2.053
2.12
2.217
2.247
2.267
2.273
2.258
2.202
2.156
2.101
2.034
1.959
1.878
1.703
1.614
1.525
1.438
1.356
1.212
1.153
1.107
1.072
1.047
1.031
1.048
1.074
1.112
1.163
1.227
1.3
1.471
1.563
1.656
1.75
1.842
1.929
2.082
2.144
2.193
2.23
2.256
2.268
2.25
2.223
2.185
2.136
2.076
1.928
1.845
1.758
1.668
1.579
1.49
1.325
1.251
1.187
1.133
1.092
1.04
1.028
1.037
1.057
1.088
1.131
1.254
1.331
1.416
1.505
1.598
1.692
1.875
1.961
2.039
2.107
2.164
2.209
2.263
2.274
2.262
2.24
2.209
2.113
2.049
1.975
1.895
1.81
1.722
1.543
1.456
1.372
1.295
1.225
1.164
1.078
1.051
1.034
1.029
1.044
1.068
1.152
1.213
1.284
1.365
1.452
1.544
1.731
1.823
1.912
1.994
2.068
2.184
2.223
2.251
2.27
2.271
2.254
2.193
2.147
2.089
2.021
1.945
1.863
1.687
1.598
1.508
1.422
1.341
1.199
1.144
1.099
1.066
1.043
1.028
1.052
1.08
1.121
1.174
1.239
1.315
1.487
1.579
1.673
1.766
1.857
1.944
2.094
2.154
2.201
2.235
2.26
2.265
2.245
2.216
2.176
2.125
2.063
1.912
1.828
1.74
1.651
1.561
1.389
1.31
1.239
1.176
1.125
1.085
1.036
1.028
1.04
1.063
1.096
1.142
1.269
1.349
1.435
1.526
1.619
1.713
1.895
1.979
2.055
2.121
2.175
2.247
2.267
2.274
2.258
2.235
2.201
2.101
2.035
1.96
1.879
1.793
1.615
1.525
1.439
1.356
1.28
1.211
1.107
1.071
1.047
1.031
1.031
1.048
1.112
1.163
1.226
1.3
1.382
1.469
1.655
1.749
1.841
1.928
2.009
2.144
2.193
2.23
2.256
2.273
2.268
2.223
2.185
2.135
2.075
2.005
1.927
1.757
1.667
1.577
1.489
1.404
1.251
1.187
1.133
1.091
1.061
1.04
1.037
1.058
1.088
1.132
1.187
1.255
1.418
1.508
1.601
1.694
1.787
1.878
2.041
2.109
2.165
2.209
2.242
2.274
2.262
2.24
2.208
2.167
2.113
1.976
1.895
1.81
1.722
1.632
1.455
1.372
1.294
1.224
1.164
1.115
1.051
1.033
1.028
1.044
1.152
1.213
1.284
1.365
1.451
1.542
1.73
1.822
1.911
1.993
2.068
2.184
2.223
2.252
2.27
2.271
2.254
2.193
2.146
2.088
2.02
1.943
1.861
1.685
1.595
1.507
1.421
1.34
1.265
1.143
1.098
1.066
1.043
1.028
1.053
1.081
1.122
1.175
1.241
1.316
1.489
1.582
1.676
1.769
1.86
1.946
2.096
2.155
2.202
2.236
2.26
2.274
2.245
2.216
2.176
2.124
2.063
1.912
1.828
1.74
1.651
1.561
1.473
1.309
1.237
1.175
1.124
1.084
1.055
1.027
1.04
1.063
1.095
1.141
1.199
1.348
1.433
1.524
1.617
1.711
1.893
1.977
2.054
2.12
2.174
2.216
2.267
2.273
2.258
2.235
2.202
2.1
2.034
1.96
1.878
1.792
1.703
1.525
1.439
1.356
1.28
1.212
1.154
1.072
1.047
1.031
1.031
1.048
1.074
1.112
1.226
1.3
1.382
1.471
1.562
1.656
1.842
1.929
2.01
2.083
2.144
2.23
2.256
2.273
2.268
2.25
2.223
2.136
2.076
2.006
1.929
1.845
1.758
1.579
1.49
1.405
1.325
1.251
1.187
1.092
1.061
1.04
1.027
1.037
1.057
1.131
1.187
1.254
1.332
1.416
1.506
1.692
1.785
1.876
1.961
2.039
2.108
2.209
2.242
2.264
2.274
2.262
2.209
2.166
2.112
2.048
1.975
1.895
1.721
1.632
1.543
1.455
1.372
1.295
1.164
1.115
1.078
1.052
1.034
1.029
1.069
1.104
1.152
1.213
1.285
1.365
1.544
1.638
1.731
1.824
1.912
1.995
2.133
2.184
2.224
2.252
2.27
2.271
2.229
2.194
2.147
2.089
2.021
1.862
1.776
1.686
1.597
1.508
1.422
1.266
1.199
1.143
1.099
1.066
1.043
1.034
1.052
1.081
1.121
1.174
1.315
1.398
1.487
1.579
1.673
1.766
1.944
2.024
2.094
2.154
2.201
2.236
2.274
2.265
2.245
2.216
2.176
2.063
1.991
1.912
1.828
1.74
1.65
1.473
1.389
1.31
1.238
1.176
1.124
1.056
1.037
1.028
1.04
1.063
1.096
1.199
1.269
1.348
1.434
1.525
1.712
1.805
1.894
1.978
2.054
2.12
2.217
2.247
2.267
2.274
2.259
2.201
2.157
2.102
2.036
1.961
1.88
1.706
1.615
1.526
1.439
1.357
1.28
1.154
1.107
1.072
1.047
1.031
1.031
1.074
1.112
1.162
1.225
1.299
1.38
1.56
1.653
1.747
1.839
1.927
2.08
2.143
2.192
2.229
2.256
2.273
2.25
2.223
2.185
2.136
2.076
2.006
1.845
1.758
1.669
1.579
1.491
1.326
1.252
1.188
1.134
1.092
1.061
1.027
1.037
1.057
1.088
1.131
1.187
1.331
1.416
1.506
1.599
1.693
1.786
1.962
2.04
2.108
2.164
2.209
2.263
2.274
2.262
2.241
2.209
2.167
2.05
1.977
1.897
1.812
1.724
1.634
1.457
1.373
1.296
1.226
1.165
1.078
1.051
1.033
1.028
1.044
1.068
1.151
1.211
1.283
1.363
1.45
1.541
1.728
1.82
1.909
1.992
2.067
2.131
2.223
2.251
2.27
2.271
2.255
2.194
2.147
2.089
2.021
1.945
1.863
1.687
1.598
1.509
1.423
1.342
1.267
1.144
1.1
1.067
1.044
1.029
1.052
1.08
1.12
1.174
1.239
1.314
1.487
1.58
1.673
1.767
1.857
1.944
2.094
2.154
2.201
2.236
2.26
2.266
2.246
2.217
2.177
2.126
2.064
1.914
1.83
1.742
1.653
1.563
1.475
1.311
1.239
1.177
1.125
1.085
1.037
1.028
1.04
1.062
1.095
1.14
1.267
1.346
1.431
1.521
1.615
1.708
1.891
1.975
2.052
2.118
2.173
2.216
2.266
2.273
2.258
2.235
2.202
2.102
2.036
1.961
1.88
1.794
1.706
1.527
1.441
1.358
1.282
1.213
1.155
1.073
1.048
1.031
1.031
1.048
1.111
1.162
1.225
1.298
1.38
1.468
1.654
1.748
1.839
1.927
2.008
2.081
2.192
2.229
2.256
2.273
2.269
2.251
2.186
2.138
2.078
2.008
1.931
1.76
1.671
1.493
1.327
1.253
1.189
1.135
1.092
1.061
1.028
1.037
1.057
1.087
1.13
1.186
1.33
1.414
1.504
1.596
1.69
1.783
1.959
2.037
2.106
2.163
2.208
2.241
2.274
2.262
2.241
2.21
2.167
2.05
1.977
1.896
1.812
1.724
1.634
1.457
1.374
1.296
1.226
1.165
1.116
1.052
1.034
1.028
1.044
1.068
1.103
1.212
1.284
1.364
1.451
1.543
1.731
1.823
1.911
1.994
2.068
2.132
2.223
2.251
2.27
2.271
2.254
2.229
2.147
2.09
2.022
1.946
1.863
1.688
1.598
1.509
1.423
1.341
1.266
1.144
1.099
1.066
1.043
1.028
1.034
1.08
1.121
1.174
1.239
1.314
1.397
1.578
1.672
1.766
1.857
1.943
2.094
2.154
2.201
2.236
2.259
2.274
2.246
2.217
2.177
2.125
2.063
1.991
1.828
1.741
1.651
1.562
1.474
1.39
1.239
1.177
1.125
1.085
1.056
1.037
1.04
1.062
1.095
1.141
1.199
1.268
1.433
1.524
1.618
1.711
1.804
1.894
2.054
2.12
2.175
2.216
2.247
2.267
2.258
2.235
2.202
2.158
2.102
1.962
1.88
1.795
1.706
1.616
1.527
1.357
1.281
1.212
1.154
1.108
1.072
1.031
1.031
1.048
1.074
1.111
1.162
1.298
1.38
1.468
1.559
1.653
1.747
1.926
2.008
2.08
2.142
2.192
2.23
2.273
2.268
2.25
2.223
2.185
2.136
2.006
1.929
1.846
1.758
1.669
1.579
1.406
1.326
1.253
1.188
1.134
1.092
1.04
1.028
1.037
1.057
1.088
1.13
1.253
1.331
1.416
1.506
1.599
1.692
1.876
1.961
2.039
2.108
2.164
2.241
2.263
2.274
2.262
2.241
2.209
2.114
2.05
1.977
1.897
1.812
1.724
1.545
1.457
1.374
1.296
1.226
1.116
1.078
1.051
1.034
1.028
1.044
1.103
1.151
1.211
1.283
1.363
1.449
1.634
1.728
1.82
1.909
1.992
2.066
2.183
2.223
2.251
2.27
2.271
2.23
2.194
2.148
2.089
2.022
1.945
1.777
1.688
1.597
1.509
1.423
1.267
1.2
1.144
1.1
1.067
1.043
1.034
1.053
1.081
1.121
1.174
1.24
1.399
1.488
1.581
1.675
1.768
1.859
2.024
2.095
2.154
2.201
2.236
2.274
2.265
2.246
2.216
2.176
2.125
1.992
1.913
1.829
1.741
1.652
1.562
1.389
1.31
1.238
1.176
1.124
1.085
1.036
1.027
1.04
1.063
1.096
1.141
1.269
1.348
1.433
1.524
1.617
1.803
1.893
1.977
2.053
2.12
2.175
2.247
2.267
2.273
2.258
2.235
2.202
2.101
2.035
1.96
1.878
1.793
1.614
1.525
1.439
1.357
1.28
1.212
1.107
1.072
1.047
1.031
1.031
1.049
1.112
1.163
1.226
1.3
1.382
1.471
1.656
1.75
1.842
1.929
2.01
2.144
2.193
2.23
2.256
2.273
2.268
2.223
2.185
2.136
2.076
2.007
1.929
1.758
1.669
1.579
1.491
1.406
1.252
1.187
1.134
1.092
1.061
1.04
1.037
1.058
1.088
1.131
1.187
1.254
1.416
1.506
1.598
1.692
1.785
1.876
2.039
2.107
2.164
2.209
2.242
2.274
2.262
2.24
2.209
2.166
2.113
1.975
1.895
1.81
1.721
1.632
1.456
1.372
1.295
1.225
1.164
1.115
1.051
1.034
1.029
1.045
1.069
1.104
1.213
1.285
1.365
1.453
1.544
1.638
1.824
1.912
1.995
2.069
2.133
2.224
2.252
2.27
2.271
2.254
2.229
2.147
2.088
2.021
1.944
1.862
1.686
1.596
1.508
1.422
1.34
1.265
1.143
1.099
1.066
1.043
1.028
1.034
1.081
1.122
1.175
1.24
1.315
1.399
1.58
1.673
1.767
1.858
1.945
2.024
2.154
2.201
2.236
2.26
2.274
2.245
2.216
2.176
2.124
2.062
1.99
1.827
1.739
1.65
1.56
1.472
1.388
1.238
1.175
1.124
1.084
1.056
1.037
1.041
1.063
1.096
1.142
1.2
1.349
1.435
1.526
1.619
1.713
1.806
1.979
2.055
2.121
2.175
2.217
2.274
2.258
2.235
2.201
2.101
2.035
1.961
1.879
1.793
1.705
1.525
1.439
1.356
1.28
1.211
1.107
1.072
1.047
1.031
1.031
1.048
1.112
1.163
1.226
1.3
1.382
1.469
1.655
1.748
1.84
1.927
2.009
2.081
2.193
2.23
2.256
2.273
2.268
2.25
2.185
2.136
2.075
2.006
1.928
1.757
1.668
1.578
1.49
1.406
1.325
1.187
1.134
1.091
1.061
1.04
1.028
1.058
1.089
1.132
1.188
1.256
1.418
1.508
1.601
1.695
1.788
1.878
2.041
2.109
2.165
2.21
2.242
2.264
2.262
2.24
2.209
2.166
2.113
1.975
1.895
1.81
1.722
1.632
1.543
1.372
1.294
1.224
1.164
1.115
1.078
1.033
1.029
1.044
1.069
1.104
1.152
1.285
1.365
1.452
1.543
1.636
1.73
1.911
1.994
2.068
2.132
2.184
2.224
2.27
2.271
2.254
2.229
2.193
2.146
2.019
1.943
1.861
1.774
1.685
1.595
1.421
1.34
1.265
1.199
1.143
1.099
1.043
1.029
1.034
1.053
1.082
1.122
1.241
1.317
1.4
1.489
1.582
1.676
1.86
1.947
2.026
2.097
2.155
2.202
2.26
2.274
2.265
2.245
2.216
2.176
2.062
1.991
1.912
1.828
1.74
1.561
1.473
1.388
1.309
1.237
1.175
1.084
1.055
1.036
1.028
1.041
1.063
1.096
1.199
1.269
1.348
1.434
1.524
1.617
1.804
1.893
1.978
2.054
2.12
2.217
2.247
2.267
2.273
2.258
2.235
2.157
2.101
2.034
1.959
1.878
1.792
1.614
1.525
1.438
1.356
1.28
1.212
1.107
1.072
1.047
1.031
1.031
1.049
1.113
1.164
1.227
1.3
1.382
1.471
1.657
1.751
1.842
1.929
2.01
2.144
2.193
2.23
2.256
2.273
2.268
2.223
2.185
2.136
2.076
2.007
1.845
1.758
1.669
1.579
1.49
1.405
1.252
1.187
1.134
1.092
1.061
1.04
1.037
1.058
1.088
1.131
1.187
1.255
1.416
1.506
1.599
1.692
1.786
1.876
2.039
2.108
2.165
2.209
2.242
2.274
2.262
2.24
2.209
2.167
2.113
1.975
1.895
1.81
1.721
1.632
1.455
1.372
1.295
1.225
1.164
1.115
1.051
1.033
1.029
1.045
1.069
1.105
1.214
1.286
1.366
1.454
1.546
1.639
1.825
1.913
1.995
2.07
2.133
2.224
2.252
2.27
2.271
2.254
2.229
2.146
2.088
2.02
1.944
1.862
1.686
1.596
1.507
1.421
1.34
1.265
1.143
1.099
1.066
1.043
1.028
1.034
1.082
1.122
1.175
1.241
1.316
1.4
1.58
1.674
1.768
1.859
1.945
2.095
2.155
2.202
2.236
2.26
2.274
2.245
2.216
2.175
2.124
2.061
1.99
1.826
1.739
1.649
1.559
1.472
1.309
1.237
1.175
1.124
1.084
1.056
1.028
1.041
1.063
1.097
1.142
1.2
1.349
1.436
1.527
1.62
1.714
1.807
1.98
2.056
2.121
2.176
2.217
2.268
2.273
2.258
2.235
2.201
2.157
2.035
1.96
1.879
1.793
1.704
1.525
1.439
1.356
1.28
1.212
1.153
1.072
1.047
1.031
1.031
1.048
1.075
1.163
1.226
1.3
1.382
1.469
1.561
1.748
1.84
1.928
2.009
2.081
2.143
2.23
2.256
2.273
2.268
2.25
2.184
2.135
2.075
2.005
1.927
1.844
1.667
1.578
1.49
1.405
1.325
1.187
1.133
1.091
1.061
1.04
1.028
1.058
1.089
1.132
1.188
1.256
1.333
1.508
1.602
1.696
1.789
1.879
1.964
2.109
2.166
2.21
2.242
2.264
2.262
2.24
2.208
2.166
2.112
2.048
1.895
1.809
1.721
1.632
1.542
1.455
1.294
1.224
1.163
1.115
1.078
1.033
1.029
1.044
1.069
1.105
1.153
1.285
1.366
1.452
1.543
1.637
1.731
1.912
1.994
2.069
2.133
2.185
2.224
2.27
2.271
2.254
2.229
2.193
2.087
2.019
1.943
1.86
1.774
1.685
1.506
1.421
1.34
1.265
1.199
1.098
1.066
1.043
1.028
1.034
1.054
1.123
1.176
1.242
1.401
1.583
1.677
1.77
1.861
1.947
2.027
2.156
2.202
2.237
2.261
2.274
2.245
2.216
2.175
2.124
2.062
1.99
1.827
1.739
1.649
1.56
1.472
1.387
1.237
1.175
1.123
1.084
1.055
1.036
1.041
1.064
1.097
1.142
1.201
1.349
1.435
1.526
1.619
1.712
1.805
1.979
2.055
2.121
2.175
2.217
2.247
2.273
2.258
2.234
2.201
2.156
2.033
1.958
1.877
1.791
1.702
1.613
1.437
1.355
1.279
1.211
1.153
1.106
1.047
1.031
1.031
1.049
1.076
1.114
1.228
1.302
1.384
1.473
1.565
1.659
1.844
1.931
2.012
2.084
2.145
2.231
2.256
2.273
2.268
2.25
2.222
2.135
2.075
2.005
1.927
1.844
1.667
1.577
1.489
1.404
1.324
1.25
1.133
1.091
1.06
1.039
1.027
1.037
1.089
1.132
1.188
1.256
1.333
1.418
1.601
1.694
1.787
1.877
1.963
2.041
2.166
2.21
2.242
2.264
2.274
2.261
2.208
2.166
2.111
2.047
1.973
1.893
1.719
1.63
1.541
1.454
1.37
1.293
1.163
1.114
1.077
1.051
1.033
1.029
1.07
1.106
1.154
1.215
1.287
1.368
1.547
1.641
1.735
1.827
1.916
1.998
2.135
2.186
2.225
2.253
2.271
2.271
2.228
2.192
2.145
2.087
2.018
1.942
1.773
1.684
1.594
1.505
1.419
1.264
1.197
1.142
1.098
1.065
1.043
1.035
1.054
1.083
1.124
1.178
1.243
1.402
1.491
1.583
1.677
1.77
1.861
2.027
2.097
2.156
2.203
2.237
2.261
2.265
2.244
2.215
2.174
2.122
2.06
1.908
1.823
1.736
1.646
1.557
1.469
1.307
1.236
1.174
1.122
1.083
1.055
1.028
1.042
1.065
1.098
1.144
1.273
1.352
1.438
1.529
1.623
1.717
1.898
1.982
2.058
2.123
2.177
2.218
2.268
2.273
2.258
2.234
2.2
2.099
2.033
1.957
1.876
1.79
1.701
1.522
1.435
1.353
1.277
1.209
1.151
1.071
1.046
1.03
1.031
1.049
1.076
1.165
1.229
1.303
1.385
1.473
1.565
1.752
1.843
1.931
2.012
2.084
2.195
2.231
2.257
2.273
2.268
2.249
2.184
2.133
2.073
2.003
1.925
1.754
1.665
1.575
1.487
1.402
1.322
1.185
1.132
1.09
1.06
1.039
1.028
1.059
1.09
1.133
1.19
1.258
1.421
1.511
1.604
1.698
1.791
1.881
2.043
2.111
2.167
2.211
2.243
2.264
2.261
2.239
2.208
2.165
2.111
1.973
1.893
1.808
1.719
1.63
1.54
1.37
1.292
1.222
1.163
1.114
1.077
1.033
1.029
1.045
1.07
1.106
1.154
1.287
1.368
1.455
1.546
1.64
1.825
1.914
1.996
2.07
2.134
2.186
2.252
2.271
2.271
2.253
2.228
2.192
2.086
2.017
1.941
1.858
1.771
1.592
1.504
1.419
1.337
1.263
1.197
1.098
1.065
1.043
1.028
1.035
1.054
1.124
1.178
1.244
1.319
1.403
1.493
1.679
1.773
1.863
1.949
2.029
2.157
2.203
2.238
2.261
2.274
2.265
2.214
2.174
2.122
2.06
1.988
1.909
1.737
1.647
1.558
1.47
1.386
1.235
1.173
1.122
1.083
1.055
1.036
1.042
1.065
1.098
1.144
1.202
1.273
1.438
1.529
1.622
1.716
1.808
1.898
2.057
2.123
2.177
2.219
2.248
2.273
2.257
2.233
2.199
2.154
2.097
1.956
1.874
1.788
1.699
1.61
1.434
1.352
1.277
1.209
1.151
1.105
1.046
1.03
1.032
1.05
1.076
1.115
1.23
1.304
1.386
1.475
1.567
1.661
1.846
1.933
2.014
2.086
2.147
2.195
2.257
2.273
2.268
2.249
2.221
2.133
2.073
2.003
1.925
1.841
1.754
1.575
1.487
1.401
1.321
1.248
1.184
1.09
1.059
1.039
1.028
1.038
1.059
1.133
1.19
1.258
1.336
1.42
1.603
1.697
1.79
1.88
1.965
2.042
2.167
2.211
2.243
2.265
2.274
2.261
2.208
2.165
2.11
2.045
1.972
1.806
1.718
1.628
1.538
1.451
1.369
1.162
1.113
1.076
1.033
1.029
1.046
1.07
1.106
1.155
1.288
1.369
1.457
1.549
1.642
1.736
1.916
1.998
2.072
2.136
2.187
2.225
2.271
2.27
2.253
2.228
2.192
2.145
2.018
1.941
1.859
1.772
1.683
1.504
1.418
1.337
1.263
1.196
1.141
1.065
1.042
1.028
1.034
1.054
1.083
1.178
1.243
1.319
1.403
1.491
1.678
1.771
1.862
1.948
2.027
2.098
2.203
2.237
2.261
2.274
2.265
2.244
2.174
2.122
2.059
1.987
1.908
1.736
1.646
1.557
1.469
1.385
1.307
1.174
1.122
1.083
1.055
1.036
1.028
1.065
1.099
1.145
1.204
1.274
1.353
1.531
1.625
1.718
1.811
1.9
2.059
2.124
2.178
2.219
2.248
2.268
2.257
2.233
2.199
2.154
2.098
2.032
1.875
1.789
1.7
1.61
1.521
1.435
1.276
1.209
1.151
1.105
1.07
1.046
1.031
1.05
1.077
1.115
1.166
1.23
1.386
1.474
1.566
1.66
1.753
1.845
2.013
2.085
2.146
2.196
2.232
2.257
2.268
2.249
2.221
2.182
2.133
2.072
1.923
1.84
1.752
1.663
1.573
1.401
1.321
1.248
1.184
1.131
1.09
1.039
1.028
1.038
1.06
1.091
1.134
1.259
1.337
1.422
1.512
1.606
1.699
1.882
1.967
2.045
2.112
2.168
2.212
2.265
2.274
2.261
2.239
2.207
2.164
2.045
1.972
1.892
1.806
1.718
1.628
1.451
1.368
1.291
1.221
1.162
1.113
1.05
1.033
1.029
1.046
1.07
1.106
1.216
1.288
1.369
1.456
1.547
1.641
1.826
1.915
1.997
2.071
2.135
2.186
2.253
2.271
2.27
2.253
2.228
2.144
2.085
2.017
1.94
1.857
1.77
1.591
1.503
1.417
1.337
1.262
1.196
1.097
1.065
1.043
1.028
1.035
1.054
1.125
1.178
1.244
1.32
1.404
1.494
1.68
1.773
1.864
1.95
2.029
2.158
2.204
2.238
2.261
2.274
2.264
2.214
2.174
2.122
2.06
1.988
1.909
1.736
1.646
1.557
1.469
1.385
1.235
1.173
1.122
1.083
1.055
1.036
1.042
1.065
1.098
1.144
1.203
1.273
1.438
1.529
1.622
1.716
1.808
1.981
2.057
2.123
2.177
2.218
2.248
2.273
2.257
2.233
2.2
2.154
2.098
1.956
1.874
1.788
1.7
1.61
1.435
1.353
1.277
1.209
1.151
1.105
1.046
1.031
1.032
1.05
1.077
1.115
1.23
1.304
1.387
1.476
1.568
1.662
1.847
1.934
2.015
2.086
2.147
2.232
2.257
2.273
2.268
2.249
2.221
2.133
2.073
2.003
1.925
1.841
1.664
1.575
1.487
1.401
1.321
1.249
1.132
1.09
1.06
1.039
1.027
1.038
1.091
1.134
1.19
1.259
1.336
1.421
1.604
1.698
1.79
1.881
1.966
2.043
2.168
2.211
2.243
2.265
2.274
2.239
2.207
2.164
2.109
2.045
1.971
1.805
1.717
1.627
1.538
1.451
1.291
1.222
1.162
1.113
1.076
1.05
1.03
1.046
1.071
1.107
1.155
1.217
1.37
1.457
1.549
1.643
1.737
1.829
1.999
2.073
2.136
2.187
2.226
2.271
2.271
2.253
2.228
2.191
2.144
2.017
1.941
1.858
1.771
1.682
1.504
1.418
1.337
1.262
1.196
1.141
1.065
1.042
1.028
1.035
1.055
1.083
1.178
1.244
1.319
1.403
1.492
1.585
1.772
1.862
1.949
2.028
2.098
2.203
2.238
2.261
2.274
2.264
2.244
2.174
2.122
2.059
1.987
1.907
1.735
1.645
1.556
1.469
1.385
1.306
1.173
1.122
1.083
1.055
1.036
1.028
1.065
1.099
1.145
1.203
1.274
1.353
1.53
1.624
1.718
1.81
1.899
2.059
2.124
2.178
2.219
2.248
2.268
2.258
2.234
2.2
2.155
2.099
1.957
1.875
1.79
1.7
1.61
1.522
1.353
1.277
1.209
1.151
1.105
1.071
1.03
1.032
1.05
1.077
1.115
1.166
1.304
1.386
1.475
1.566
1.66
1.754
1.932
2.013
2.085
2.146
2.195
2.257
2.273
2.268
2.249
2.133
2.072
2.002
1.924
1.84
1.664
1.574
1.486
1.401
1.321
1.248
1.131
1.09
1.06
1.039
1.028
1.039
1.091
1.134
1.191
1.259
1.337
1.422
1.606
1.7
1.793
1.883
1.967
2.112
2.168
2.212
2.243
2.265
2.274
2.239
2.207
2.164
2.11
2.046
1.972
1.806
1.718
1.628
1.539
1.452
1.291
1.221
1.162
1.113
1.076
1.05
1.029
1.046
1.071
1.106
1.155
1.216
1.369
1.456
1.548
1.641
1.735
1.827
1.998
2.072
2.135
2.187
2.226
2.271
2.271
2.253
2.227
2.192
2.144
2.016
1.94
1.857
1.77
1.681
1.591
1.418
1.337
1.262
1.197
1.141
1.065
1.043
1.028
1.035
1.055
1.084
1.179
1.244
1.321
1.404
1.494
1.587
1.774
1.865
1.951
2.03
2.1
2.158
2.238
2.261
2.274
2.265
2.244
2.214
2.122
2.059
1.987
1.908
1.823
1.736
1.557
1.469
1.385
1.306
1.235
1.122
1.083
1.055
1.036
1.028
1.042
1.098
1.144
1.203
1.273
1.352
1.438
1.529
1.716
1.808
1.898
1.982
2.058
2.177
2.219
2.248
2.268
2.273
2.257
2.2
2.154
2.097
2.031
1.956
1.874
1.699
1.609
1.52
1.434
1.352
1.277
1.151
1.105
1.07
1.046
1.03
1.032
1.077
1.115
1.166
1.23
1.304
1.386
1.568
1.661
1.755
1.846
1.934
2.014
2.147
2.196
2.232
2.257
2.274
2.268
2.222
2.183
2.134
2.073
2.003
1.925
1.754
1.664
1.575
1.487
1.402
1.322
1.185
1.132
1.09
1.06
1.039
1.038
1.059
1.091
1.134
1.19
1.258
1.42
1.51
1.602
1.697
1.79
1.88
2.042
2.11
2.167
2.211
2.243
2.265
2.261
2.239
2.208
2.165
2.11
1.972
1.891
1.806
1.718
1.628
1.538
1.369
1.292
1.222
1.162
1.114
1.076
1.033
1.029
1.046
1.071
1.107
1.217
1.289
1.37
1.457
1.549
1.643
1.829
1.916
1.999
2.073
2.136
2.187
2.253
2.271
2.271
2.253
2.228
2.144
2.086
2.017
1.941
1.858
1.772
1.593
1.504
1.418
1.337
1.262
1.196
1.097
1.065
1.042
1.028
1.035
1.055
1.124
1.178
1.244
1.32
1.403
1.584
1.678
1.772
1.862
1.949
2.028
2.157
2.203
2.238
2.261
2.274
2.264
2.215
2.174
2.122
2.059
1.987
1.823
1.735
1.646
1.556
1.469
1.385
1.235
1.173
1.122
1.083
1.055
1.036
1.042
1.065
1.098
1.144
1.203
1.273
1.439
1.53
1.623
1.718
1.81
1.982
2.058
2.124
2.178
2.219
2.248
2.273
2.258
2.234
2.2
2.155
2.033
1.958
1.876
1.79
1.701
1.611
1.436
1.353
1.277
1.209
1.152
1.105
1.046
1.03
1.031
1.049
1.076
1.115
1.229
1.303
1.385
1.473
1.565
1.659
1.844
1.931
2.012
2.084
2.145
2.231
2.257
2.273
2.268
2.249
2.221
2.133
2.073
2.002
1.925
1.841
1.754
1.575
1.487
1.402
1.322
1.249
1.132
1.09
1.06
1.039
1.028
1.038
1.091
1.134
1.19
1.258
1.336
1.421
1.605
1.699
1.792
1.882
1.966
2.112
2.168
2.211
2.243
2.265
2.274
2.239
2.207
2.165
2.111
2.046
1.973
1.807
1.718
1.629
1.539
1.452
1.292
1.222
1.162
1.113
1.077
1.05
1.029
1.046
1.07
1.106
1.155
1.216
1.368
1.455
1.547
1.64
1.734
1.826
1.997
2.071
2.134
2.186
2.225
2.271
2.271
2.253
2.228
2.192
2.144
2.017
1.94
1.858
1.77
1.682
1.503
1.418
1.337
1.263
1.197
1.141
1.065
1.043
1.028
1.035
1.054
1.083
1.178
1.244
1.32
1.403
1.493
1.586
1.773
1.864
1.95
2.029
2.099
2.204
2.238
2.261
2.274
2.265
2.244
2.174
2.122
2.06
1.988
1.909
1.825
1.647
1.558
1.469
1.385
1.307
1.173
1.122
1.083
1.055
1.036
1.028
1.065
1.098
1.144
1.202
1.273
1.352
1.528
1.622
1.808
1.897
2.057
2.123
2.177
2.218
2.248
2.273
2.257
2.234
2.2
2.155
2.098
1.956
1.875
1.789
1.7
1.61
1.435
1.353
1.277
1.209
1.152
1.105
1.046
1.031
1.032
1.05
1.076
1.115
1.23
1.304
1.386
1.475
1.567
1.661
1.846
1.933
2.014
2.086
2.147
2.232
2.257
2.273
2.268
2.25
2.221
2.134
2.07
1.039
1.027
1.038
1.09
1.133
1.19
1.257
1.335
1.42
1.603
1.696
1.789
1.88
1.965
2.042
2.167
2.211
2.243
2.265
2.274
2.239
2.208
2.165
2.111
2.046
1.972
1.807
1.718
1.628
1.539
1.452
1.37
1.223
1.163
1.114
1.077
1.051
1.033
1.045
1.07
1.106
1.155
1.215
1.288
1.456
1.548
1.641
1.735
1.827
1.916
2.072
2.135
2.187
2.225
2.253
2.271
2.254
2.228
2.192
2.145
2.087
1.942
1.859
1.773
1.683
1.594
1.505
1.338
1.264
1.197
1.142
1.098
1.065
1.028
1.035
1.054
1.083
1.124
1.176
1.318
1.402
1.49
1.583
1.677
1.77
1.947
2.027
2.097
2.156
2.203
2.237
2.274
2.265
2.245
2.215
2.175
2.123
1.988
1.909
1.824
1.736
1.647
1.47
1.386
1.307
1.236
1.174
1.123
1.055
1.036
1.028
1.042
1.064
1.098
1.144
1.272
1.351
1.437
1.529
1.622
1.716
1.898
1.981
2.057
2.123
2.177
2.248
2.268
2.273
2.258
2.234
2.2
2.1
2.033
1.959
1.877
1.791
1.702
1.523
1.436
1.354
1.278
1.21
1.152
1.071
1.046
1.03
1.031
1.049
1.076
1.165
1.228
1.302
1.385
1.472
1.564
1.751
1.843
1.93
2.011
2.084
2.194
2.231
2.257
2.273
2.268
2.249
2.184
2.134
2.074
2.003
1.925
1.842
1.665
1.576
1.488
1.403
1.323
1.186
1.132
1.091
1.06
1.04
1.028
1.059
1.09
1.133
1.19
1.258
1.335
1.511
1.604
1.698
1.791
1.881
2.043
2.111
2.167
2.211
2.243
2.264
2.261
2.24
2.208
2.165
2.111
2.047
1.893
1.808
1.72
1.63
1.541
1.37
1.292
1.223
1.163
1.114
1.077
1.033
1.029
1.045
1.07
1.106
1.154
1.287
1.368
1.455
1.546
1.64
1.825
1.913
1.996
2.07
2.134
2.186
2.252
2.271
2.271
2.254
2.228
2.192
2.086
2.018
1.941
1.859
1.772
1.593
1.505
1.419
1.338
1.264
1.198
1.098
1.065
1.043
1.028
1.035
1.054
1.124
1.177
1.243
1.318
1.402
1.492
1.679
1.772
1.863
1.949
2.028
2.157
2.203
2.237
2.261
2.274
2.265
2.215
2.175
2.123
2.061
1.989
1.826
1.738
1.648
1.559
1.471
1.386
1.236
1.174
1.123
1.084
1.055
1.036
1.041
1.064
1.097
1.143
1.201
1.271
1.436
1.526
1.62
1.714
1.806
1.896
2.056
2.121
2.176
2.218
2.248
2.274
2.258
2.234
2.201
2.156
2.099
1.958
1.876
1.79
1.701
1.612
1.436
1.354
1.278
1.211
1.152
1.106
1.047
1.031
1.032
1.049
1.076
1.114
1.228
1.302
1.384
1.473
1.565
1.659
1.844
1.932
2.012
2.084
2.146
2.231
2.257
2.273
2.268
2.25
2.222
2.135
2.075
2.005
1.927
1.844
1.756
1.577
1.489
1.403
1.324
1.25
1.133
1.091
1.06
1.039
1.027
1.037
1.09
1.133
1.188
1.256
1.334
1.418
1.601
1.694
1.787
1.877
1.963
2.041
2.166
2.21
2.242
2.264
2.274
2.24
2.208
2.166
2.112
2.047
1.974
1.808
1.72
1.63
1.541
1.454
1.293
1.224
1.164
1.115
1.077
1.051
1.029
1.045
1.07
1.106
1.153
1.214
1.367
1.454
1.546
1.64
1.734
1.826
1.996
2.07
2.134
2.186
2.225
2.271
2.271
2.254
2.229
2.193
2.146
2.02
1.944
1.861
1.774
1.685
1.595
1.421
1.339
1.265
1.198
1.142
1.098
1.028
1.034
1.053
1.123
1.176
1.241
1.317
1.4
1.489
1.676
1.769
1.86
1.946
2.026
2.096
2.202
2.237
2.26
2.274
2.265
2.216
2.175
2.124
2.061
1.989
1.91
1.738
1.648
1.559
1.471
1.387
1.308
1.175
1.124
1.084
1.055
1.036
1.028
1.064
1.097
1.143
1.201
1.271
1.436
1.527
1.621
1.715
1.808
1.897
2.056
2.122
2.176
2.218
2.247
2.267
2.258
2.235
2.201
2.156
2.1
1.96
1.878
1.792
1.703
1.614
1.525
1.355
1.279
1.211
1.153
1.107
1.072
1.03
1.031
1.049
1.076
1.114
1.164
1.301
1.383
1.471
1.563
1.657
1.75
1.93
2.01
2.083
2.145
2.194
2.257
2.273
2.268
2.25
2.222
2.184
2.074
2.004
1.926
1.843
1.756
1.666
1.488
1.403
1.324
1.251
1.186
1.133
1.06
1.04
1.028
1.038
1.058
1.089
1.188
1.256
1.334
1.418
1.509
1.602
1.789
1.879
1.964
2.042
2.11
2.166
2.243
2.264
2.274
2.262
2.24
2.209
2.112
2.048
1.975
1.895
1.81
1.721
1.542
1.455
1.372
1.294
1.224
1.115
1.078
1.051
1.033
1.029
1.045
1.105
1.154
1.214
1.286
1.367
1.454
1.638
1.732
1.824
1.913
1.995
2.07
2.185
2.224
2.253
2.271
2.271
2.254
2.193
2.145
2.087
2.019
1.942
1.859
1.684
1.594
1.505
1.42
1.339
1.264
1.142
1.098
1.065
1.043
1.028
1.034
1.083
1.123
1.177
1.242
1.318
1.402
1.584
1.677
1.771
1.861
1.948
2.027
2.156
2.203
2.237
2.261
2.275
2.245
2.216
2.175
2.124
2.062
1.99
1.827
1.739
1.649
1.559
1.472
1.308
1.237
1.175
1.123
1.084
1.055
1.028
1.041
1.064
1.097
1.143
1.201
1.35
1.436
1.526
1.619
1.713
1.806
1.979
2.055
2.121
2.176
2.218
2.268
2.273
2.258
2.234
2.201
2.156
2.033
1.958
1.877
1.79
1.702
1.523
1.437
1.355
1.279
1.211
1.153
1.071
1.047
1.031
1.032
1.049
1.076
1.165
1.228
1.302
1.384
1.472
1.565
1.753
1.844
1.931
2.012
2.084
2.194
2.231
2.257
2.273
2.268
2.25
2.184
2.135
2.075
2.005
1.928
1.844
1.668
1.578
1.49
1.404
1.324
1.187
1.133
1.091
1.06
1.039
1.027
1.059
1.089
1.132
1.188
1.256
1.333
1.507
1.601
1.694
1.787
1.877
1.963
2.109
2.166
2.21
2.243
2.264
2.262
2.24
2.209
2.166
2.112
2.048
1.894
1.809
1.721
1.631
1.541
1.455
1.294
1.225
1.164
1.115
1.078
1.034
1.029
1.045
1.069
1.105
1.153
1.286
1.366
1.454
1.545
1.639
1.733
1.913
1.996
2.07
2.134
2.186
2.225
2.271
2.272
2.255
2.229
2.193
2.088
2.02
1.944
1.862
1.775
1.686
1.508
1.421
1.34
1.265
1.199
1.143
1.066
1.043
1.028
1.034
1.053
1.082
1.175
1.241
1.316
1.4
1.488
1.581
1.768
1.859
1.945
2.025
2.095
2.202
2.237
2.26
2.274
2.265
2.245
2.176
2.124
2.062
1.99
1.911
1.739
1.649
1.559
1.472
1.388
1.309
1.175
1.124
1.084
1.056
1.037
1.028
1.064
1.097
1.142
1.2
1.27
1.349
1.526
1.62
1.714
1.806
1.895
1.979
2.122
2.175
2.217
2.247
2.267
2.259
2.235
2.201
2.157
2.101
2.035
1.879
1.793
1.704
1.614
1.525
1.438
1.28
1.212
1.153
1.107
1.072
1.047
1.031
1.049
1.075
1.114
1.164
1.301
1.383
1.471
1.563
1.657
1.75
1.929
2.01
2.083
2.144
2.194
2.231
2.273
2.268
2.25
2.223
2.185
2.075
2.004
1.927
1.843
1.756
1.667
1.488
1.403
1.324
1.251
1.187
1.091
1.06
1.04
1.028
1.037
1.058
1.133
1.188
1.256
1.334
1.418
1.509
1.696
1.789
1.879
1.964
2.041
2.11
2.21
2.243
2.264
2.274
2.262
2.209
2.166
2.113
2.049
1.81
1.722
1.632
1.543
1.455
1.294
1.224
1.164
1.115
1.078
1.051
1.029
1.045
1.069
1.105
1.153
1.213
1.366
1.453
1.544
1.637
1.731
1.823
1.994
2.069
2.133
2.185
2.224
2.271
2.271
2.254
2.229
2.193
2.146
2.02
1.943
1.861
1.774
1.685
1.595
1.421
1.34
1.265
1.199
1.143
1.099
1.043
1.028
1.034
1.054
1.082
1.123
1.242
1.317
1.401
1.49
1.583
1.677
1.862
1.947
2.027
2.097
2.156
2.203
2.261
2.275
2.265
2.245
2.216
2.175
2.062
1.99
1.912
1.827
1.739
1.649
1.472
1.388
1.309
1.237
1.175
1.124
1.055
1.036
1.028
1.041
1.063
1.097
1.2
1.27
1.349
1.435
1.526
1.619
1.805
1.895
1.979
2.055
2.121
2.217
2.247
2.268
2.274
2.258
2.235
2.156
2.1
2.033
1.959
1.877
1.791
1.613
1.524
1.437
1.355
1.28
1.153
1.107
1.071
1.047
1.031
1.031
1.076
1.114
1.164
1.228
1.301
1.383
1.564
1.658
1.752
1.843
1.931
2.012
2.145
2.194
2.231
2.257
2.273
2.25
2.223
2.185
2.135
2.076
2.005
1.844
1.757
1.667
1.578
1.49
1.404
1.251
1.187
1.133
1.091
1.061
1.027
1.037
1.058
1.089
1.132
1.188
1.333
1.418
1.507
1.6
1.694
1.787
1.962
2.04
2.109
2.165
2.21
2.242
2.274
2.262
2.24
2.209
2.166
2.112
1.975
1.894
1.809
1.721
1.631
1.454
1.371
1.294
1.224
1.164
1.115
1.051
1.033
1.029
1.045
1.07
1.105
1.214
1.286
1.366
1.454
1.546
1.64
1.825
1.913
1.996
2.07
2.134
2.186
2.252
2.271
2.271
2.254
2.229
2.193
2.088
2.02
1.944
1.862
1.775
1.686
1.508
1.421
1.34
1.265
1.199
1.099
1.066
1.043
1.028
1.034
1.053
1.082
1.176
1.241
1.317
1.4
1.489
1.581
1.768
1.859
1.946
2.025
2.096
2.155
2.237
2.26
2.275
2.265
2.245
2.176
2.124
2.061
1.99
1.911
1.826
1.649
1.559
1.472
1.388
1.309
1.238
1.124
1.084
1.055
1.036
1.028
1.041
1.097
1.143
1.201
1.271
1.35
1.436
1.621
1.715
1.808
1.897
1.98
2.056
2.176
2.218
2.247
2.268
2.273
2.258
2.201
2.156
2.101
2.034
1.96
1.878
1.704
1.614
1.525
1.438
1.356
1.211
1.153
1.107
1.072
1.047
1.03
1.049
1.075
1.113
1.164
1.227
1.301
1.383
1.563
1.657
1.75
1.841
1.929
2.01
2.144
2.194
2.231
2.257
2.273
2.25
2.223
2.185
2.135
2.075
2.005
1.843
1.756
1.666
1.577
1.489
1.404
1.251
1.187
1.133
1.091
1.06
1.04
1.038
1.059
1.089
1.132
1.188
1.256
1.418
1.508
1.602
1.696
1.789
1.879
2.041
2.11
2.166
2.21
2.242
2.264
2.262
2.24
2.209
2.166
2.112
2.049
1.895
1.81
1.722
1.632
1.542
1.455
1.294
1.224
1.164
1.115
1.078
1.051
1.029
1.045
1.069
1.105
1.153
1.214
1.365
1.453
1.544
1.637
1.731
1.823
1.994
2.069
2.133
2.185
2.224
2.271
2.271
2.254
2.229
2.193
2.146
2.019
1.943
1.86
1.774
1.685
1.595
1.421
1.34
1.265
1.199
1.143
1.099
1.043
1.029
1.035
1.054
1.082
1.123
1.242
1.318
1.401
1.491
1.583
1.677
1.862
1.948
2.027
2.097
2.156
2.203
2.261
2.274
2.265
2.245
2.216
2.175
2.062
1.99
1.911
1.827
1.739
1.649
1.472
1.388
1.309
1.237
1.175
1.124
1.055
1.036
1.028
1.041
1.064
1.097
1.201
1.271
1.35
1.436
1.526
1.619
1.806
1.895
1.979
2.055
2.121
2.176
2.247
2.268
2.274
2.258
2.235
2.201
2.1
2.034
1.959
1.877
1.791
1.613
1.524
1.437
1.355
1.279
1.211
1.106
1.071
1.047
1.031
1.032
1.049
1.076
1.165
1.228
1.302
1.384
1.472
1.565
1.752
1.844
2.012
2.145
2.194
2.231
2.257
2.273
2.268
2.223
2.184
2.136
2.075
2.006
1.844
1.757
1.667
1.578
1.49
1.404
1.251
1.187
1.133
1.091
1.061
1.039
1.037
1.058
1.089
1.132
1.188
1.256
1.418
1.507
1.6
1.694
1.787
1.877
2.04
2.109
2.166
2.21
2.242
2.264
2.262
2.24
2.209
2.166
2.112
2.048
1.894
1.809
1.721
1.631
1.541
1.372
1.294
1.224
1.164
1.115
1.078
1.051
1.029
1.045
1.07
1.105
1.153
1.214
1.367
1.454
1.546
1.64
1.733
1.826
1.996
2.07
2.134
2.186
2.225
2.253
2.271
2.255
2.229
2.193
2.146
2.02
1.944
1.861
1.775
1.686
1.596
1.421
1.34
1.265
1.199
1.143
1.099
1.043
1.028
1.034
1.054
1.082
1.122
1.241
1.317
1.4
1.489
1.582
1.769
1.859
1.946
2.025
2.096
2.155
2.237
2.26
2.274
2.265
2.245
2.216
2.124
2.061
1.99
1.91
1.826
1.649
1.559
1.472
1.388
1.309
1.237
1.124
1.084
1.055
1.037
1.028
1.041
1.097
1.143
1.201
1.271
1.349
1.436
1.62
1.714
1.807
1.896
1.98
2.122
2.176
2.218
2.248
2.268
2.274
2.235
2.201
2.157
2.101
2.035
1.96
1.793
1.704
1.614
1.525
1.439
1.28
1.211
1.154
1.107
1.072
1.047
1.031
1.049
1.075
1.113
1.164
1.227
1.382
1.471
1.562
1.656
1.749
1.841
2.01
2.082
2.144
2.194
2.231
2.273
2.268
2.25
2.223
2.185
2.136
2.005
1.928
1.844
1.757
1.667
1.489
1.405
1.325
1.251
1.187
1.133
1.091
1.04
1.028
1.037
1.058
1.089
1.132
1.256
1.333
1.418
1.508
1.601
1.695
1.879
1.963
2.041
2.109
2.166
2.21
2.264
2.274
2.262
2.241
2.209
2.167
2.049
1.976
1.896
1.811
1.722
1.544
1.456
1.373
1.295
1.225
1.164
1.078
1.051
1.033
1.029
1.045
1.069
1.105
1.213
1.285
1.365
1.452
1.543
1.637
1.823
1.911
1.994
2.069
2.133
2.224
2.252
2.27
2.271
2.254
2.229
2.147
2.088
2.02
1.944
1.861
1.775
1.596
1.507
1.422
1.341
1.266
1.2
1.099
1.066
1.044
1.029
1.034
1.053
1.122
1.175
1.241
1.316
1.4
1.489
1.676
1.769
1.86
1.947
2.026
2.097
2.202
2.237
2.261
2.274
2.265
2.246
2.176
2.125
2.063
1.992
1.913
1.829
1.651
1.562
1.474
1.389
1.31
1.238
1.125
1.085
1.056
1.036
1.028
1.04
1.096
1.142
1.199
1.269
1.348
1.433
1.617
1.711
1.804
1.893
1.977
2.054
2.175
2.217
2.247
2.268
2.274
2.259
2.202
2.157
2.101
2.035
1.96
1.879
1.704
1.614
1.525
1.439
