0.595
0.645
0.642
0.62
0.611
0.585
0.591
0.6
0.577
0.555
0.57
0.594
0.612
0.615
0.601
0.615
0.634
0.644
0.62
0.606
0.597
0.602
0.596
0.579
0.561
0.573
0.619
0.621
0.606
0.594
0.62
0.627
0.647
0.608
0.59
0.592
0.605
0.606
0.579
0.575
0.595
0.599
0.617
0.609
0.596
0.64
0.644
0.625
0.613
0.591
0.589
0.6
0.582
0.566
0.566
0.59
0.605
0.617
0.604
0.606
0.633
0.647
0.627
0.611
0.6
0.608
0.599
0.581
0.56
0.565
0.584
0.615
0.603
0.592
0.608
0.625
0.642
0.623
0.589
0.588
0.603
0.608
0.582
0.571
0.59
0.608
0.619
0.608
0.6
0.614
0.649
0.63
0.614
0.592
0.586
0.603
0.593
0.566
0.566
0.586
0.6
0.617
0.606
0.618
0.626
0.647
0.63
0.612
0.598
0.603
0.601
0.587
0.566
0.561
0.586
0.62
0.616
0.598
0.605
0.623
0.643
0.628
0.592
0.587
0.595
0.605
0.586
0.568
0.588
0.601
0.623
0.613
0.605
0.602
0.65
0.633
0.619
0.601
0.586
0.6
0.602
0.577
0.56
0.585
0.595
0.615
0.614
0.609
0.622
0.644
0.636
0.613
0.6
0.604
0.602
0.593
0.573
0.556
0.581
0.594
0.612
0.599
0.604
0.62
0.644
0.638
0.602
0.592
0.595
0.61
0.59
0.575
0.583
0.598
0.615
0.615
0.607
0.603
0.612
0.638
0.618
0.6
0.585
0.592
0.61
0.587
0.561
0.577
0.593
0.614
0.613
0.609
0.621
0.641
0.64
0.619
0.603
0.584
0.608
0.596
0.576
0.56
0.577
0.592
0.626
0.6
0.595
0.624
0.639
0.638
0.609
0.59
0.594
0.612
0.598
0.575
0.56
0.594
0.613
0.62
0.609
0.6
0.613
0.645
0.613
0.603
0.589
0.59
0.604
0.588
0.558
0.576
0.594
0.616
0.613
0.604
0.621
0.633
0.621
0.606
0.597
0.603
0.6
0.581
0.557
0.573
0.588
0.621
0.601
0.603
0.617
0.628
0.639
0.609
0.594
0.592
0.602
0.606
0.584
0.575
0.594
0.605
0.619
0.609
0.601
0.61
0.647
0.627
0.606
0.588
0.587
0.598
0.583
0.567
0.568
0.589
0.603
0.615
0.606
0.612
0.633
0.65
0.628
0.611
0.591
0.602
0.599
0.586
0.563
0.569
0.59
0.622
0.607
0.593
0.614
0.624
0.643
0.615
0.594
0.59
0.601
0.608
0.588
0.56
0.59
0.603
0.621
0.614
0.606
0.614
0.65
0.623
0.616
0.589
0.593
0.601
0.593
0.569
0.566
0.584
0.601
0.616
0.613
0.61
0.626
0.642
0.626
0.612
0.597
0.606
0.601
0.586
0.569
0.558
0.586
0.594
0.611
0.6
0.6
0.625
0.644
0.627
0.602
0.591
0.595
0.61
0.588
0.573
0.566
0.606
0.62
0.615
0.596
0.602
0.623
0.639
0.611
0.596
0.586
0.603
0.609
0.591
0.565
0.584
0.594
0.616
0.611
0.607
0.605
0.643
0.639
0.611
0.606
0.585
0.594
0.603
0.575
0.56
0.579
0.595
0.615
0.613
0.609
0.623
0.639
0.637
0.62
0.603
0.586
0.606
0.596
0.579
0.557
0.579
0.591
0.617
0.598
0.599
0.624
0.64
0.639
0.608
0.586
0.599
0.604
0.597
0.577
0.557
0.601
0.612
0.621
0.61
0.599
0.616
0.634
0.617
0.599
0.588
0.591
0.609
0.593
0.578
0.582
0.593
0.612
0.616
0.602
0.597
0.639
0.647
0.614
0.602
0.59
0.593
0.597
0.58
0.561
0.578
0.598
0.617
0.611
0.606
0.619
0.636
0.642
0.616
0.605
0.599
0.602
0.598
0.581
0.561
0.57
0.588
0.622
0.601
0.601
0.618
0.63
0.642
0.606
0.588
0.591
0.603
0.606
0.581
0.579
0.596
0.611
0.619
0.608
0.593
0.615
0.647
0.62
0.603
0.587
0.596
0.611
0.593
0.56
0.574
0.59
0.604
0.614
0.607
0.612
0.633
0.643
0.619
0.611
0.586
0.606
0.6
0.585
0.568
0.573
0.589
0.628
0.614
0.6
0.618
0.625
0.645
0.61
0.588
0.59
0.605
0.607
0.589
0.56
0.586
0.603
0.621
0.613
0.595
0.602
0.65
0.628
0.61
0.589
0.585
0.601
0.594
0.569
0.568
0.588
0.607
0.616
0.612
0.611
0.621
0.644
0.634
0.612
0.585
0.608
0.603
0.586
0.57
0.565
0.585
0.616
0.617
0.601
0.604
0.624
0.643
0.626
0.602
0.589
0.596
0.614
0.594
0.569
0.589
0.601
0.621
0.614
0.602
0.603
0.647
0.63
0.611
0.594
0.588
0.6
0.605
0.578
0.56
0.588
0.601
0.62
0.607
0.607
0.621
0.641
0.635
0.611
0.6
0.583
0.61
0.598
0.572
0.563
0.582
0.594
0.624
0.599
0.597
0.617
0.638
0.633
0.603
0.584
0.595
0.612
0.605
0.577
0.585
0.598
0.618
0.618
0.604
0.599
0.62
0.637
0.611
0.599
0.585
0.59
0.613
0.588
0.56
0.578
0.597
0.619
0.615
0.601
0.619
0.637
0.639
0.611
0.608
0.584
0.617
0.6
0.582
0.562
0.577
0.593
0.619
0.599
0.593
0.614
0.63
0.638
0.606
0.588
0.594
0.607
0.604
0.584
0.56
0.598
0.607
0.62
0.612
0.593
0.61
0.648
0.619
0.603
0.582
0.594
0.61
0.595
0.564
0.571
0.592
0.617
0.615
0.602
0.612
0.633
0.643
0.619
0.607
0.581
0.61
0.604
0.583
0.563
0.576
0.59
0.629
0.613
0.596
0.608
0.628
0.647
0.626
0.586
0.587
0.605
0.611
0.583
0.565
0.595
0.605
0.622
0.61
0.599
0.62
0.648
0.617
0.606
0.586
0.593
0.604
0.603
0.567
0.57
0.593
0.612
0.617
0.611
0.612
0.63
0.647
0.622
0.611
0.587
0.608
0.607
0.588
0.564
0.568
0.589
0.599
0.609
0.597
0.606
0.628
0.641
0.626
0.599
0.593
0.598
0.604
0.586
0.565
0.593
0.602
0.616
0.601
0.601
0.646
0.628
0.613
0.593
0.587
0.596
0.593
0.569
0.564
0.586
0.602
0.616
0.604
0.61
0.624
0.643
0.629
0.612
0.595
0.599
0.601
0.587
0.574
0.565
0.586
0.615
0.618
0.6
0.605
0.621
0.648
0.618
0.594
0.589
0.594
0.609
0.593
0.569
0.59
0.601
0.628
0.615
0.607
0.604
0.644
0.631
0.618
0.6
0.582
0.594
0.603
0.575
0.563
0.58
0.599
0.616
0.608
0.601
0.622
0.647
0.632
0.613
0.599
0.603
0.603
0.598
0.574
0.566
0.581
0.622
0.618
0.599
0.597
0.622
0.641
0.636
0.603
0.587
0.593
0.613
0.594
0.576
0.584
0.597
0.612
0.616
0.608
0.601
0.649
0.64
0.614
0.6
0.587
0.591
0.605
0.575
0.561
0.58
0.597
0.61
0.613
0.601
0.62
0.641
0.64
0.613
0.608
0.581
0.615
0.595
0.576
0.557
0.575
0.593
0.603
0.606
0.602
0.62
0.639
0.647
0.615
0.592
0.595
0.608
0.59
0.581
0.56
0.573
0.62
0.621
0.609
0.601
0.62
0.637
0.642
0.607
0.585
0.593
0.604
0.604
0.579
0.578
0.596
0.613
0.618
0.614
0.6
0.617
0.647
0.619
0.605
0.586
0.586
0.604
0.593
0.56
0.573
0.591
0.607
0.616
0.604
0.618
0.631
0.646
0.621
0.611
0.586
0.587
0.605
0.583
0.565
0.569
0.589
0.602
0.61
0.599
0.614
0.633
0.646
0.628
0.606
0.591
0.601
0.602
0.581
0.561
0.568
0.615
0.622
0.61
0.598
0.616
0.63
0.648
0.609
0.593
0.59
0.594
0.607
0.587
0.572
0.589
0.6
0.624
0.61
0.601
0.607
0.645
0.629
0.61
0.59
0.587
0.596
0.59
0.566
0.563
0.585
0.599
0.617
0.606
0.611
0.625
0.647
0.623
0.612
0.593
0.6
0.602
0.588
0.569
0.562
0.583
0.622
0.615
0.602
0.607
0.623
0.642
0.613
0.595
0.589
0.595
0.607
0.59
0.563
0.589
0.598
0.62
0.61
0.607
0.614
0.648
0.634
0.613
0.597
0.587
0.593
0.6
0.572
0.563
0.583
0.599
0.619
0.611
0.608
0.624
0.637
0.633
0.611
0.598
0.595
0.602
0.596
0.574
0.561
0.584
0.615
0.611
0.6
0.601
0.621
0.64
0.626
0.595
0.586
0.601
0.609
0.597
0.577
0.585
0.605
0.618
0.617
0.608
0.599
0.642
0.643
0.611
0.599
0.589
0.594
0.603
0.581
0.562
0.58
0.595
0.615
0.616
0.599
0.608
0.633
0.641
0.613
0.6
0.603
0.603
0.596
0.58
0.562
0.581
0.613
0.619
0.602
0.595
0.621
0.638
0.642
0.606
0.584
0.598
0.612
0.594
0.58
0.58
0.598
0.612
0.622
0.608
0.599
0.64
0.646
0.623
0.609
0.581
0.595
0.604
0.581
0.557
0.576
0.59
0.605
0.616
0.607
0.608
0.632
0.647
0.622
0.605
0.596
0.601
0.599
0.582
0.563
0.572
0.59
0.624
0.604
0.596
0.617
0.628
0.648
0.616
0.591
0.59
0.604
0.605
0.584
0.575
0.596
0.61
0.619
0.61
0.594
0.608
0.648
0.628
0.606
0.586
0.591
0.6
0.588
0.567
0.569
0.589
0.602
0.617
0.606
0.605
0.628
0.648
0.622
0.611
0.581
0.6
0.603
0.587
0.57
0.572
0.59
0.626
0.61
0.6
0.612
0.622
0.643
0.61
0.589
0.587
0.597
0.608
0.59
0.569
0.592
0.603
0.622
0.614
0.604
0.611
0.648
0.63
0.609
0.593
0.583
0.601
0.602
0.569
0.569
0.586
0.601
0.616
0.606
0.607
0.623
0.644
0.633
0.611
0.593
0.607
0.602
0.589
0.571
0.562
0.586
0.626
0.611
0.599
0.597
0.621
0.642
0.625
0.599
0.586
0.597
0.612
0.596
0.574
0.59
0.6
0.623
0.616
0.607
0.598
0.648
0.632
0.61
0.599
0.585
0.598
0.606
0.577
0.559
0.582
0.594
0.617
0.611
0.608
0.619
0.642
0.636
0.618
0.601
0.604
0.602
0.575
0.564
0.584
0.621
0.611
0.601
0.601
0.619
0.637
0.619
0.599
0.584
0.598
0.608
0.599
0.568
0.581
0.596
0.616
0.618
0.609
0.595
0.64
0.639
0.619
0.608
0.584
0.591
0.606
0.585
0.563
0.581
0.596
0.614
0.616
0.598
0.607
0.633
0.641
0.614
0.602
0.593
0.61
0.6
0.583
0.561
0.58
0.621
0.614
0.602
0.598
0.613
0.632
0.641
0.602
0.586
0.587
0.605
0.608
0.582
0.578
0.598
0.614
0.623
0.611
0.593
0.636
0.643
0.621
0.611
0.581
0.588
0.609
0.588
0.566
0.576
0.59
0.606
0.613
0.603
0.605
0.629
0.642
0.615
0.605
0.596
0.601
0.602
0.587
0.562
0.57
0.591
0.627
0.604
0.595
0.613
0.627
0.64
0.615
0.589
0.59
0.596
0.614
0.586
0.567
0.596
0.611
0.624
0.611
0.603
0.606
0.649
0.628
0.603
0.586
0.587
0.601
0.606
0.576
0.57
0.591
0.604
0.623
0.61
0.599
0.624
0.644
0.623
0.612
0.591
0.588
0.609
0.593
0.568
0.572
0.587
0.605
0.623
0.603
0.61
0.623
0.641
0.623
0.611
0.584
0.599
0.61
0.59
0.573
0.566
0.588
0.625
0.617
0.598
0.596
0.617
0.641
0.626
0.598
0.584
0.596
0.61
0.595
0.568
0.589
0.598
0.621
0.613
0.605
0.608
0.618
0.637
0.608
0.595
0.585
0.599
0.605
0.572
0.564
0.587
0.599
0.619
0.612
0.603
0.623
0.645
0.638
0.614
0.604
0.584
0.592
0.598
0.576
0.563
0.582
0.593
0.621
0.606
0.602
0.616
0.641
0.635
0.612
0.597
0.597
0.603
0.589
0.577
0.557
0.581
0.613
0.611
0.603
0.602
0.623
0.641
0.625
0.609
0.585
0.593
0.608
0.593
0.576
0.583
0.599
0.614
0.617
0.606
0.6
0.641
0.643
0.62
0.609
0.584
0.592
0.604
0.583
0.556
0.579
0.596
0.615
0.609
0.599
0.613
0.634
0.644
0.619
0.603
0.597
0.602
0.598
0.58
0.559
0.572
0.62
0.62
0.602
0.602
0.619
0.638
0.644
0.606
0.589
0.592
0.604
0.606
0.581
0.577
0.599
0.612
0.617
0.609
0.597
0.64
0.641
0.622
0.611
0.587
0.589
0.604
0.584
0.564
0.574
0.591
0.605
0.622
0.606
0.606
0.633
0.645
0.615
0.61
0.58
0.6
0.599
0.584
0.568
0.574
0.589
0.62
0.607
0.596
0.613
0.626
0.642
0.616
0.59
0.591
0.603
0.607
0.581
0.576
0.593
0.611
0.622
0.615
0.602
0.618
0.648
0.628
0.606
0.586
0.587
0.601
0.595
0.572
0.573
0.589
0.602
0.618
0.612
0.601
0.625
0.641
0.626
0.611
0.591
0.604
0.602
0.588
0.572
0.571
0.588
0.629
0.61
0.599
0.603
0.623
0.642
0.619
0.588
0.59
0.603
0.607
0.59
0.571
0.591
0.602
0.624
0.613
0.607
0.604
0.65
0.628
0.611
0.589
0.582
0.597
0.606
0.576
0.566
0.586
0.596
0.623
0.611
0.608
0.619
0.643
0.628
0.617
0.597
0.607
0.609
0.596
0.571
0.564
0.585
0.594
0.618
0.6
0.597
0.62
0.637
0.632
0.6
0.582
0.596
0.61
0.601
0.576
0.591
0.598
0.619
0.617
0.603
0.602
0.618
0.64
0.609
0.596
0.584
0.599
0.61
0.583
0.564
0.583
0.601
0.622
0.614
0.607
0.621
0.64
0.636
0.615
0.599
0.579
0.609
0.594
0.582
0.56
0.579
0.594
0.62
0.597
0.596
0.619
0.641
0.639
0.605
0.584
0.593
0.6
0.597
0.582
0.563
0.596
0.615
0.619
0.605
0.6
0.616
0.641
0.612
0.6
0.582
0.595
0.609
0.592
0.564
0.579
0.591
0.613
0.616
0.603
0.619
0.632
0.643
0.617
0.608
0.582
0.615
0.596
0.584
0.565
0.575
0.591
0.628
0.608
0.599
0.613
0.631
0.642
0.61
0.587
0.59
0.598
0.603
0.584
0.562
0.599
0.612
0.622
0.603
0.598
0.604
0.65
0.607
0.589
0.589
0.596
0.587
0.565
0.568
0.589
0.608
0.615
0.604
0.612
0.629
0.643
0.625
0.608
0.593
0.602
0.601
0.583
0.573
0.574
0.585
0.62
0.604
0.6
0.607
0.623
0.638
0.608
0.591
0.589
0.603
0.608
0.587
0.572
0.595
0.607
0.622
0.614
0.594
0.599
0.649
0.627
0.608
0.586
0.591
0.595
0.599
0.57
0.57
0.588
0.602
0.616
0.606
0.609
0.625
0.645
0.627
0.61
0.593
0.606
0.603
0.587
0.567
0.568
0.588
0.626
0.617
0.599
0.598
0.623
0.641
0.626
0.599
0.585
0.596
0.611
0.596
0.572
0.586
0.601
0.623
0.615
0.604
0.602
0.648
0.63
0.617
0.594
0.587
0.6
0.612
0.579
0.566
0.586
0.601
0.621
0.612
0.608
0.621
0.642
0.636
0.614
0.603
0.582
0.609
0.595
0.577
0.563
0.589
0.596
0.612
0.611
0.608
0.625
0.642
0.632
0.614
0.588
0.597
0.608
0.597
0.578
0.566
0.585
0.622
0.616
0.601
0.593
0.615
0.632
0.636
0.602
0.583
0.593
0.611
0.6
0.577
0.582
0.598
0.615
0.619
0.606
0.598
0.611
0.638
0.612
0.605
0.582
0.597
0.612
0.588
0.566
0.582
0.593
0.617
0.617
0.603
0.619
0.635
0.641
0.616
0.606
0.582
0.609
0.597
0.584
0.562
0.579
0.591
0.614
0.608
0.599
0.612
0.631
0.64
0.613
0.6
0.593
0.603
0.601
0.584
0.564
0.578
0.619
0.622
0.607
0.593
0.605
0.629
0.639
0.608
0.584
0.592
0.604
0.609
0.583
0.58
0.596
0.604
0.618
0.608
0.595
0.601
0.644
0.624
0.605
0.584
0.588
0.601
0.592
0.565
0.571
0.59
0.605
0.623
0.605
0.605
0.629
0.64
0.616
0.608
0.581
0.608
0.603
0.586
0.569
0.573
0.59
0.627
0.608
0.595
0.606
0.624
0.638
0.609
0.589
0.587
0.602
0.609
0.589
0.565
0.594
0.61
0.621
0.616
0.595
0.604
0.649
0.621
0.608
0.586
0.584
0.597
0.601
0.571
0.568
0.59
0.602
0.618
0.606
0.602
0.623
0.641
0.624
0.611
0.592
0.606
0.603
0.591
0.573
0.566
0.59
0.628
0.611
0.599
0.599
0.621
0.634
0.626
0.599
0.587
0.596
0.613
0.596
0.57
0.59
0.602
0.625
0.61
0.605
0.596
0.648
0.63
0.611
0.598
0.584
0.593
0.606
0.577
0.566
0.584
0.598
0.62
0.607
0.609
0.622
0.644
0.633
0.612
0.597
0.585
0.6
0.594
0.575
0.561
0.585
0.593
0.617
0.599
0.606
0.619
0.645
0.637
0.605
0.587
0.595
0.608
0.593
0.575
0.558
0.598
0.615
0.617
0.604
0.6
0.62
0.646
0.618
0.601
0.584
0.598
0.603
0.588
0.558
0.579
0.592
0.618
0.613
0.602
0.62
0.641
0.64
0.616
0.607
0.584
0.611
0.596
0.579
0.562
0.576
0.593
0.626
0.607
0.6
0.617
0.637
0.644
0.615
0.585
0.591
0.605
0.607
0.584
0.56
0.6
0.612
0.621
0.612
0.599
0.613
0.65
0.613
0.601
0.584
0.593
0.603
0.601
0.563
0.579
0.591
0.612
0.616
0.607
0.62
0.63
0.644
0.619
0.608
0.583
0.61
0.6
0.586
0.561
0.579
0.593
0.606
0.614
0.599
0.614
0.625
0.645
0.624
0.595
0.587
0.599
0.6
0.582
0.561
0.599
0.602
0.616
0.611
0.601
0.614
0.623
0.627
0.604
0.588
0.587
0.601
0.6
0.564
0.568
0.589
0.597
0.622
0.614
0.619
0.626
0.646
0.623
0.61
0.588
0.587
0.605
0.589
0.569
0.569
0.587
0.598
0.609
0.599
0.613
0.623
0.648
0.623
0.597
0.592
0.608
0.602
0.588
0.567
0.563
0.612
0.625
0.615
0.608
0.612
0.619
0.636
0.609
0.595
0.586
0.6
0.604
0.574
0.566
0.585
0.603
0.619
0.612
0.6
0.625
0.645
0.634
0.615
0.604
0.587
0.607
0.592
0.571
0.565
0.593
0.599
0.604
0.604
0.622
0.641
0.627
0.598
0.582
0.593
0.61
0.597
0.574
0.591
0.599
0.623
0.615
0.606
0.596
0.611
0.624
0.61
0.596
0.583
0.594
0.605
0.582
0.569
0.582
0.602
0.622
0.616
0.608
0.612
0.638
0.629
0.611
0.605
0.58
0.609
0.597
0.578
0.563
0.581
0.596
0.625
0.597
0.597
0.615
0.638
0.635
0.603
0.588
0.591
0.61
0.603
0.576
0.562
0.598
0.617
0.62
0.604
0.6
0.618
0.64
0.61
0.602
0.582
0.595
0.609
0.588
0.562
0.578
0.592
0.62
0.616
0.606
0.618
0.636
0.64
0.617
0.607
0.584
0.617
0.599
0.58
0.565
0.58
0.596
0.621
0.614
0.595
0.612
0.633
0.637
0.612
0.586
0.59
0.605
0.609
0.584
0.563
0.603
0.613
0.623
0.607
0.599
0.619
0.627
0.618
0.599
0.585
0.59
0.604
0.603
0.572
0.578
0.592
0.609
0.621
0.61
0.592
0.629
0.639
0.622
0.61
0.589
0.588
0.599
0.59
0.571
0.578
0.592
0.617
0.619
0.605
0.609
0.63
0.639
0.62
0.61
0.585
0.608
0.602
0.585
0.572
0.568
0.596
0.628
0.609
0.599
0.606
0.624
0.64
0.62
0.593
0.593
0.607
0.611
0.585
0.571
0.566
0.601
0.626
0.614
0.605
0.603
0.622
0.627
0.607
0.585
0.585
0.599
0.61
0.591
0.573
0.588
0.599
0.619
0.611
0.595
0.621
0.641
0.629
0.605
0.589
0.582
0.602
0.603
0.575
0.569
0.587
0.602
0.616
0.614
0.607
0.621
0.638
0.626
0.61
0.592
0.607
0.603
0.596
0.578
0.567
0.587
0.596
0.612
0.598
0.597
0.618
0.639
0.622
0.6
0.585
0.596
0.613
0.602
0.575
0.587
0.6
0.623
0.616
0.605
0.602
0.616
0.632
0.615
0.597
0.588
0.6
0.607
0.582
0.565
0.587
0.6
0.623
0.612
0.607
0.622
0.638
0.637
0.611
0.604
0.578
0.616
0.596
0.581
0.563
0.583
0.595
0.626
0.599
0.596
0.617
0.636
0.637
0.604
0.585
0.593
0.61
0.599
0.58
0.557
0.597
0.614
0.619
0.604
0.602
0.618
0.642
0.618
0.602
0.583
0.588
0.606
0.587
0.563
0.583
0.592
0.618
0.614
0.602
0.62
0.644
0.64
0.617
0.607
0.584
0.609
0.593
0.581
0.563
0.578
0.59
0.62
0.605
0.608
0.62
0.635
0.646
0.614
0.586
0.593
0.599
0.593
0.579
0.56
0.599
0.604
0.621
0.612
0.602
0.622
0.653
0.615
0.604
0.585
0.593
0.602
0.598
0.562
0.577
0.591
0.599
0.616
0.609
0.619
0.636
0.647
0.62
0.611
0.584
0.616
0.596
0.581
0.563
0.567
0.589
0.598
0.608
0.601
0.617
0.632
0.649
0.623
0.595
0.593
0.598
0.603
0.581
0.558
0.594
0.602
0.622
0.611
0.602
0.613
0.651
0.621
0.611
0.589
0.59
0.601
0.607
0.567
0.563
0.588
0.602
0.622
0.611
0.613
0.629
0.648
0.626
0.61
0.596
0.582
0.611
0.582
0.564
0.568
0.593
0.596
0.61
0.599
0.611
0.629
0.651
0.626
0.599
0.592
0.599
0.609
0.586
0.561
0.554
0.599
0.619
0.614
0.605
0.614
0.625
0.637
0.618
0.599
0.595
0.6
0.602
0.572
0.557
0.585
0.594
0.614
0.612
0.601
0.626
0.646
0.637
0.616
0.599
0.588
0.609
0.59
0.568
0.562
0.581
0.593
0.611
0.599
0.612
0.628
0.652
0.637
0.608
0.589
0.604
0.605
0.585
0.566
0.557
0.602
0.615
0.619
0.602
0.618
0.623
0.641
0.618
0.603
0.586
0.596
0.602
0.579
0.561
0.581
0.592
0.609
0.613
0.604
0.63
0.644
0.639
0.616
0.609
0.589
0.605
0.589
0.574
0.555
0.58
0.591
0.613
0.607
0.612
0.629
0.641
0.642
0.621
0.592
0.597
0.601
0.585
0.568
0.551
0.598
0.604
0.62
0.604
0.61
0.62
0.64
0.621
0.607
0.588
0.593
0.601
0.555
0.575
0.587
0.611
0.613
0.618
0.623
0.641
0.646
0.614
0.611
0.586
0.606
0.59
0.573
0.557
0.575
0.588
0.617
0.608
0.61
0.624
0.642
0.646
0.625
0.599
0.596
0.596
0.584
0.575
0.555
0.566
0.608
0.613
0.607
0.614
0.622
0.637
0.629
0.619
0.593
0.59
0.603
0.589
0.574
0.573
0.584
0.603
0.618
0.611
0.606
0.642
0.652
0.629
0.615
0.597
0.589
0.593
0.577
0.558
0.569
0.587
0.599
0.614
0.611
0.623
0.638
0.652
0.626
0.614
0.596
0.606
0.588
0.58
0.554
0.563
0.587
0.592
0.609
0.605
0.623
0.638
0.654
0.623
0.598
0.592
0.595
0.588
0.582
0.56
0.556
0.601
0.619
0.617
0.604
0.622
0.633
0.638
0.62
0.599
0.589
0.598
0.593
0.574
0.556
0.584
0.594
0.616
0.611
0.611
0.634
0.652
0.633
0.618
0.605
0.587
0.599
0.58
0.564
0.558
0.584
0.591
0.609
0.609
0.621
0.631
0.65
0.634
0.614
0.599
0.596
0.588
0.581
0.563
0.554
0.599
0.611
0.612
0.604
0.621
0.634
0.649
0.614
0.602
0.591
0.591
0.595
0.58
0.561
0.582
0.591
0.607
0.612
0.61
0.617
0.65
0.64
0.62
0.605
0.588
0.593
0.584
0.564
0.553
0.579
0.592
0.608
0.608
0.62
0.629
0.648
0.644
0.616
0.599
0.595
0.602
0.583
0.561
0.552
0.577
0.604
0.609
0.611
0.625
0.624
0.641
0.629
0.617
0.589
0.591
0.597
0.583
0.563
0.574
0.583
0.606
0.611
0.61
0.621
0.648
0.645
0.623
0.613
0.587
0.594
0.59
0.571
0.556
0.576
0.587
0.604
0.61
0.62
0.625
0.64
0.653
0.621
0.612
0.588
0.608
0.578
0.568
0.557
0.572
0.586
0.617
0.608
0.609
0.629
0.642
0.65
0.623
0.597
0.597
0.595
0.579
0.57
0.555
0.569
0.6
0.615
0.615
0.617
0.624
0.64
0.631
0.612
0.595
0.591
0.598
0.578
0.57
0.573
0.585
0.595
0.615
0.61
0.613
0.622
0.653
0.63
0.617
0.6
0.591
0.595
0.578
0.559
0.567
0.584
0.595
0.613
0.606
0.629
0.644
0.649
0.626
0.619
0.601
0.606
0.584
0.575
0.556
0.567
0.584
0.591
0.617
0.617
0.626
0.636
0.65
0.625
0.618
0.591
0.598
0.579
0.572
0.56
0.565
0.599
0.611
0.617
0.614
0.634
0.634
0.649
0.626
0.604
0.591
0.593
0.587
0.577
0.567
0.585
0.59
0.611
0.614
0.612
0.633
0.659
0.634
0.622
0.604
0.596
0.595
0.577
0.563
0.56
0.579
0.587
0.605
0.611
0.639
0.639
0.647
0.636
0.621
0.611
0.595
0.591
0.569
0.563
0.554
0.578
0.587
0.61
0.616
0.633
0.638
0.654
0.635
0.615
0.602
0.599
0.579
0.571
0.559
0.56
0.58
0.608
0.604
0.607
0.629
0.636
0.651
0.621
0.611
0.59
0.592
0.588
0.571
0.557
0.585
0.585
0.597
0.613
0.618
0.629
0.631
0.639
0.622
0.618
0.595
0.595
0.585
0.564
0.553
0.58
0.583
0.598
0.611
0.613
0.64
0.647
0.644
0.618
0.614
0.594
0.599
0.568
0.564
0.554
0.575
0.584
0.594
0.618
0.628
0.635
0.65
0.648
0.616
0.614
0.596
0.592
0.571
0.566
0.552
0.572
0.6
0.606
0.605
0.621
0.638
0.646
0.642
0.626
0.598
0.594
0.589
0.572
0.569
0.58
0.583
0.594
0.606
0.614
0.624
0.633
0.654
0.623
0.622
0.605
0.595
0.597
0.571
0.554
0.574
0.585
0.589
0.61
0.612
0.645
0.64
0.651
0.623
0.62
0.608
0.593
0.574
0.563
0.557
0.572
0.587
0.588
0.606
0.625
0.639
0.645
0.653
0.625
0.624
0.608
0.596
0.569
0.567
0.554
0.569
0.585
0.616
0.616
0.621
0.637
0.641
0.649
0.627
0.605
0.599
0.593
0.573
0.568
0.555
0.586
0.588
0.604
0.613
0.622
0.652
0.631
0.623
0.608
0.598
0.594
0.571
0.554
0.564
0.581
0.587
0.603
0.612
0.64
0.643
0.647
0.63
0.616
0.606
0.603
0.582
0.568
0.56
0.563
0.582
0.609
0.604
0.618
0.637
0.638
0.651
0.629
0.609
0.6
0.59
0.579
0.568
0.554
0.584
0.586
0.605
0.614
0.614
0.634
0.655
0.634
0.624
0.615
0.598
0.594
0.575
0.562
0.557
0.579
0.584
0.603
0.608
0.635
0.643
0.651
0.64
0.617
0.607
0.602
0.585
0.565
0.563
0.556
0.583
0.615
0.616
0.607
0.635
0.638
0.653
0.637
0.612
0.599
0.591
0.583
0.566
0.557
0.578
0.587
0.596
0.613
0.613
0.629
0.653
0.639
0.624
0.617
0.603
0.592
0.584
0.562
0.554
0.581
0.587
0.599
0.606
0.639
0.638
0.644
0.647
0.62
0.615
0.6
0.588
0.566
0.564
0.551
0.579
0.58
0.589
0.61
0.626
0.636
0.647
0.644
0.621
0.606
0.597
0.588
0.568
0.564
0.553
0.572
0.597
0.603
0.615
0.627
0.639
0.649
0.63
0.62
0.601
0.592
0.588
0.57
0.561
0.574
0.586
0.591
0.61
0.612
0.627
0.636
0.65
0.626
0.622
0.602
0.591
0.59
0.564
0.556
0.57
0.581
0.593
0.61
0.606
0.645
0.645
0.648
0.624
0.62
0.607
0.601
0.568
0.568
0.55
0.568
0.581
0.589
0.616
0.625
0.639
0.643
0.657
0.624
0.617
0.602
0.595
0.569
0.564
0.552
0.566
0.595
0.603
0.61
0.621
0.641
0.645
0.653
0.622
0.607
0.593
0.591
0.569
0.561
0.573
0.588
0.59
0.604
0.611
0.624
0.649
0.653
0.63
0.623
0.616
0.603
0.593
0.561
0.555
0.559
0.577
0.581
0.598
0.622
0.643
0.649
0.659
0.632
0.623
0.607
0.597
0.574
0.562
0.552
0.556
0.573
0.6
0.602
0.615
0.641
0.643
0.66
0.631
0.619
0.602
0.6
0.573
0.56
0.556
0.579
0.578
0.601
0.61
0.614
0.641
0.661
0.639
0.624
0.618
0.608
0.596
0.572
0.554
0.554
0.574
0.58
0.591
0.618
0.643
0.643
0.652
0.64
0.622
0.622
0.604
0.586
0.562
0.551
0.548
0.573
0.6
0.599
0.605
0.635
0.647
0.65
0.629
0.62
0.603
0.605
0.585
0.564
0.556
0.577
0.581
0.593
0.6
0.612
0.633
0.664
0.648
0.625
0.62
0.612
0.599
0.582
0.552
0.552
0.574
0.579
0.594
0.604
0.634
0.644
0.657
0.647
0.624
0.619
0.605
0.59
0.56
0.56
0.547
0.571
0.578
0.6
0.605
0.633
0.641
0.656
0.647
0.623
0.6
0.593
0.593
0.562
0.555
0.576
0.587
0.592
0.608
0.612
0.631
0.639
0.65
0.625
0.621
0.604
0.597
0.589
0.562
0.555
0.576
0.581
0.592
0.609
0.625
0.644
0.645
0.653
0.624
0.625
0.603
0.592
0.564
0.559
0.553
0.57
0.582
0.608
0.604
0.632
0.639
0.644
0.655
0.623
0.607
0.599
0.593
0.569
0.564
0.545
0.58
0.59
0.597
0.614
0.624
0.637
0.657
0.628
0.625
0.612
0.6
0.591
0.57
0.55
0.567
0.582
0.582
0.602
0.604
0.641
0.647
0.65
0.627
0.617
0.605
0.597
0.573
0.562
0.55
0.564
0.584
0.608
0.611
0.617
0.642
0.643
0.652
0.629
0.614
0.6
0.591
0.57
0.563
0.55
0.585
0.587
0.6
0.611
0.615
0.639
0.661
0.631
0.627
0.615
0.605
0.592
0.572
0.559
0.561
0.582
0.585
0.6
0.61
0.649
0.643
0.656
0.629
0.623
0.608
0.603
0.578
0.562
0.555
0.555
0.582
0.582
0.609
0.615
0.642
0.646
0.65
0.638
0.624
0.601
0.592
0.58
0.562
0.557
0.583
0.586
0.597
0.611
0.619
0.642
0.642
0.639
0.621
0.612
0.596
0.598
0.575
0.565
0.551
0.579
0.58
0.597
0.606
0.647
0.643
0.646
0.635
0.623
0.614
0.599
0.589
0.563
0.562
0.559
0.595
0.604
0.614
0.634
0.643
0.653
0.629
0.621
0.599
0.592
0.586
0.568
0.557
0.579
0.579
0.595
0.61
0.613
0.632
0.656
0.641
0.623
0.621
0.608
0.6
0.584
0.567
0.551
0.577
0.583
0.596
0.608
0.613
0.642
0.649
0.646
0.621
0.616
0.604
0.596
0.561
0.565
0.552
0.576
0.584
0.59
0.617
0.629
0.641
0.644
0.649
0.625
0.609
0.595
0.591
0.571
0.566
0.551
0.57
0.596
0.602
0.607
0.627
0.64
0.65
0.643
0.626
0.601
0.594
0.59
0.562
0.563
0.575
0.585
0.59
0.597
0.609
0.623
0.643
0.655
0.628
0.624
0.611
0.604
0.59
0.562
0.558
0.567
0.584
0.586
0.604
0.611
0.643
0.645
0.655
0.625
0.624
0.611
0.599
0.569
0.563
0.557
0.562
0.583
0.581
0.617
0.621
0.643
0.641
0.65
0.624
0.622
0.599
0.591
0.572
0.562
0.554
0.588
0.588
0.603
0.613
0.621
0.642
0.64
0.635
0.626
0.613
0.602
0.591
0.568
0.557
0.563
0.584
0.581
0.6
0.61
0.65
0.644
0.652
0.63
0.623
0.611
0.603
0.576
0.562
0.556
0.565
0.579
0.581
0.609
0.619
0.644
0.644
0.655
0.627
0.621
0.598
0.596
0.575
0.561
0.556
0.558
0.587
0.599
0.608
0.617
0.64
0.646
0.639
0.624
0.614
0.608
0.598
0.576
0.562
0.557
0.577
0.58
0.597
0.609
0.617
0.646
0.651
0.635
0.621
0.615
0.604
0.586
0.56
0.557
0.553
0.576
0.582
0.609
0.618
0.643
0.647
0.651
0.644
0.626
0.607
0.597
0.581
0.558
0.559
0.555
0.581
0.595
0.603
0.608
0.641
0.644
0.653
0.629
0.622
0.603
0.597
0.578
0.558
0.55
0.577
0.58
0.592
0.6
0.614
0.634
0.657
0.642
0.626
0.625
0.613
0.597
0.581
0.559
0.548
0.577
0.579
0.591
0.603
0.616
0.65
0.653
0.655
0.622
0.623
0.612
0.594
0.553
0.555
0.549
0.573
0.581
0.586
0.619
0.634
0.652
0.657
0.651
0.63
0.612
0.596
0.592
0.552
0.549
0.548
0.571
0.586
0.6
0.607
0.632
0.655
0.66
0.655
0.63
0.611
0.6
0.585
0.552
0.553
0.573
0.581
0.586
0.596
0.616
0.634
0.655
0.66
0.63
0.629
0.616
0.607
0.585
0.548
0.545
0.563
0.577
0.577
0.595
0.612
0.666
0.659
0.661
0.626
0.633
0.616
0.601
0.553
0.551
0.543
0.561
0.578
0.575
0.609
0.626
0.662
0.664
0.664
0.632
0.635
0.608
0.592
0.552
0.545
0.54
0.551
0.575
0.594
0.611
0.628
0.665
0.664
0.664
0.632
0.624
0.613
0.59
0.55
0.539
0.537
0.579
0.574
0.588
0.603
0.624
0.666
0.673
0.638
0.635
0.627
0.615
0.593
0.555
0.541
0.548
0.573
0.572
0.584
0.601
0.621
0.67
0.678
0.647
0.634
0.624
0.608
0.56
0.533
0.534
0.543
0.574
0.569
0.585
0.624
0.672
0.67
0.675
0.645
0.637
0.611
0.593
0.56
0.531
0.534
0.539
0.566
0.588
0.6
0.626
0.669
0.677
0.678
0.647
0.637
0.614
0.599
0.563
0.525
0.53
0.575
0.565
0.585
0.596
0.622
0.667
0.676
0.653
0.631
0.638
0.614
0.598
0.564
0.523
0.534
0.569
0.57
0.58
0.593
0.623
0.689
0.683
0.659
0.632
0.635
0.612
0.599
0.52
0.529
0.531
0.567
0.569
0.575
0.592
0.672
0.681
0.682
0.669
0.629
0.636
0.604
0.573
0.513
0.524
0.521
0.563
0.571
0.598
0.615
0.669
0.684
0.689
0.668
0.646
0.614
0.598
0.57
0.519
0.516
0.518
0.57
0.574
0.592
0.616
0.663
0.691
0.683
0.633
0.643
0.621
0.602
0.575
0.513
0.524
0.558
0.569
0.572
0.593
0.616
0.656
0.687
0.674
0.634
0.64
0.628
0.601
0.571
0.518
0.517
0.557
0.571
0.567
0.59
0.662
0.698
0.688
0.68
0.633
0.606
0.577
0.512
0.516
0.518
0.548
0.568
0.597
0.613
0.655
0.7
0.692
0.645
0.642
0.626
0.603
0.583
0.515
0.511
0.545
0.572
0.564
0.588
0.611
0.651
0.698
0.688
0.645
0.642
0.63
0.609
0.521
0.508
0.508
0.533
0.57
0.564
0.581
0.647
0.706
0.699
0.69
0.645
0.638
0.609
0.586
0.522
0.507
0.507
0.532
0.563
0.585
0.61
0.637
0.709
0.697
0.688
0.643
0.635
0.616
0.586
0.525
0.501
0.533
0.567
0.56
0.581
0.602
0.635
0.701
0.695
0.653
0.646
0.642
0.612
0.586
0.502
0.503
0.522
0.565
0.562
0.581
0.637
0.707
0.703
0.702
0.658
0.638
0.616
0.59
0.537
0.497
0.509
0.517
0.566
0.577
0.602
0.636
0.705
0.705
0.7
0.646
0.648
0.619
0.591
0.544
0.488
0.506
0.57
0.562
0.576
0.601
0.628
0.696
0.703
0.67
0.641
0.642
0.616
0.595
0.547
0.515
0.515
0.567
0.561
0.574
0.6
0.624
0.704
0.699
0.673
0.638
0.647
0.616
0.558
0.497
0.508
0.513
0.562
0.562
0.573
0.624
0.691
0.705
0.702
0.677
0.64
0.644
0.602
0.561
0.496
0.505
0.51
0.555
0.57
0.598
0.623
0.685
0.709
0.698
0.675
0.651
0.622
0.597
0.566
0.49
0.508
0.556
0.568
0.568
0.593
0.626
0.678
0.707
0.684
0.635
0.642
0.63
0.605
0.569
0.492
0.51
0.548
0.563
0.563
0.594
0.616
0.717
0.702
0.689
0.638
0.645
0.625
0.599
0.503
0.507
0.509
0.549
0.563
0.56
0.62
0.664
0.706
0.695
0.691
0.642
0.629
0.606
0.576
0.502
0.507
0.505
0.545
0.565
0.588
0.614
0.658
0.713
0.698
0.648
0.645
0.629
0.602
0.575
0.506
0.511
0.535
0.571
0.562
0.586
0.606
0.646
0.7
0.697
0.648
0.644
0.631
0.606
0.52
0.503
0.512
0.537
0.568
0.556
0.619
0.647
0.713
0.696
0.696
0.651
0.642
0.609
0.59
0.525
0.499
0.504
0.529
0.56
0.583
0.608
0.644
0.711
0.704
0.658
0.646
0.636
0.614
0.585
0.519
0.493
0.524
0.56
0.554
0.578
0.604
0.64
0.71
0.702
0.658
0.647
0.643
0.613
0.534
0.492
0.499
0.516
0.567
0.56
0.577
0.644
0.713
0.707
0.713
0.661
0.64
0.626
0.592
0.534
0.485
0.498
0.512
0.562
0.572
0.597
0.634
0.71
0.712
0.705
0.643
0.647
0.621
0.587
0.536
0.483
0.514
0.558
0.558
0.57
0.599
0.632
0.706
0.707
0.679
0.647
0.651
0.616
0.59
0.481
0.486
0.502
0.559
0.554
0.564
0.628
0.706
0.72
0.719
0.684
0.643
0.65
0.598
0.545
0.472
0.491
0.496
0.554
0.569
0.593
0.629
0.709
0.733
0.714
0.65
0.65
0.626
0.597
0.549
0.471
0.481
0.553
0.557
0.561
0.59
0.625
0.695
0.721
0.693
0.645
0.655
0.629
0.601
0.48
0.481
0.492
0.546
0.557
0.557
0.587
0.693
0.736
0.725
0.697
0.647
0.654
0.602
0.563
0.475
0.484
0.489
0.535
0.561
0.593
0.617
0.685
0.733
0.717
0.696
0.655
0.632
0.602
0.572
0.485
0.48
0.545
0.565
0.553
0.585
0.617
0.674
0.723
0.703
0.647
0.657
0.635
0.605
0.493
0.49
0.494
0.536
0.563
0.551
0.586
0.672
0.727
0.717
0.705
0.648
0.645
0.613
0.578
0.497
0.486
0.494
0.528
0.556
0.583
0.606
0.659
0.731
0.714
0.71
0.653
0.639
0.611
0.577
0.5
0.483
0.531
0.562
0.551
0.581
0.604
0.654
0.724
0.713
0.656
0.645
0.641
0.611
0.58
0.481
0.489
0.516
0.561
0.553
0.577
0.653
0.737
0.725
0.715
0.661
0.646
0.617
0.587
0.511
0.479
0.481
0.502
0.561
0.58
0.602
0.646
0.738
0.724
0.716
0.656
0.651
0.62
0.584
0.513
0.468
0.502
0.558
0.552
0.571
0.6
0.74
0.729
0.674
0.653
0.653
0.621
0.524
0.466
0.473
0.492
0.556
0.545
0.6
0.644
0.74
0.744
0.734
0.684
0.651
0.628
0.593
0.523
0.454
0.47
0.486
0.552
0.561
0.595
0.638
0.743
0.743
0.695
0.65
0.664
0.632
0.597
0.525
0.446
0.48
0.541
0.544
0.556
0.589
0.633
0.754
0.747
0.703
0.653
0.669
0.637
0.537
0.441
0.452
0.469
0.541
0.542
0.548
0.63
0.74
0.766
0.754
0.713
0.656
0.639
0.593
0.542
0.428
0.45
0.457
0.544
0.549
0.585
0.629
0.728
0.772
0.756
0.659
0.67
0.636
0.599
0.544
0.424
0.454
0.529
0.544
0.54
0.586
0.629
0.788
0.767
0.734
0.654
0.676
0.649
0.603
0.43
0.437
0.447
0.512
0.541
0.535
0.627
0.716
0.786
0.768
0.743
0.661
0.67
0.611
0.557
0.428
0.434
0.439
0.508
0.542
0.576
0.617
0.707
0.794
0.765
0.742
0.676
0.654
0.611
0.56
0.431
0.43
0.44
0.547
0.53
0.572
0.612
0.7
0.796
0.772
0.666
0.67
0.656
0.609
0.562
0.434
0.436
0.492
0.543
0.528
0.564
0.608
0.685
0.777
0.767
0.677
0.673
0.663
0.615
0.444
0.418
0.426
0.481
0.546
0.524
0.558
0.692
0.804
0.785
0.77
0.685
0.676
0.621
0.565
0.442
0.399
0.421
0.463
0.535
0.568
0.615
0.679
0.813
0.8
0.779
0.694
0.676
0.627
0.574
0.451
0.389
0.402
0.543
0.522
0.552
0.602
0.675
0.824
0.805
0.711
0.677
0.685
0.634
0.575
0.451
0.403
0.439
0.53
0.516
0.546
0.597
0.665
0.818
0.804
0.72
0.677
0.693
0.64
0.466
0.363
0.389
0.425
0.523
0.513
0.597
0.665
0.827
0.833
0.815
0.726
0.671
0.641
0.578
0.469
0.35
0.377
0.411
0.514
0.526
0.587
0.663
0.824
0.842
0.751
0.679
0.701
0.636
0.57
0.478
0.34
0.405
0.517
0.514
0.527
0.583
0.653
0.851
0.813
0.738
0.661
0.689
0.642
0.5
0.346
0.376
0.395
0.511
0.518
0.517
0.646
0.799
0.84
0.816
0.759
0.668
0.657
0.599
0.506
0.355
0.378
0.403
0.53
0.519
0.58
0.638
0.772
0.83
0.811
0.675
0.691
0.652
0.597
0.522
0.364
0.408
0.498
0.53
0.521
0.572
0.631
0.833
0.811
0.763
0.672
0.685
0.654
0.599
0.379
0.392
0.403
0.497
0.532
0.521
0.631
0.745
0.835
0.808
0.775
0.667
0.681
0.611
0.544
0.389
0.396
0.405
0.483
0.521
0.567
0.619
0.722
0.828
0.8
0.68
0.683
0.661
0.612
0.548
0.4
0.394
0.478
0.533
0.516
0.562
0.612
0.714
0.814
0.781
0.681
0.682
0.668
0.612
0.41
0.389
0.397
0.471
0.532
0.52
0.562
0.701
0.83
0.81
0.782
0.682
0.676
0.617
0.56
0.424
0.402
0.404
0.468
0.524
0.561
0.608
0.685
0.821
0.792
0.772
0.674
0.665
0.612
0.571
0.443
0.409
0.47
0.541
0.52
0.562
0.607
0.667
0.789
0.769
0.689
0.669
0.669
0.62
0.57
0.42
0.432
0.471
0.546
0.527
0.561
0.659
0.784
0.772
0.762
0.681
0.652
0.63
0.582
0.48
0.422
0.441
0.467
0.541
0.561
0.596
0.649
0.769
0.764
0.752
0.659
0.657
0.619
0.585
0.501
0.426
0.474
0.547
0.54
0.561
0.597
0.641
0.759
0.753
0.696
0.652
0.66
0.611
0.57
0.43
0.45
0.47
0.551
0.548
0.566
0.651
0.76
0.758
0.749
0.691
0.641
0.645
0.574
0.511
0.43
0.45
0.472
0.554
0.569
0.612
0.659
0.758
0.762
0.743
0.633
0.636
0.599
0.561
0.506
0.419
0.455
0.571
0.582
0.593
0.631
0.671
0.758
0.734
0.68
0.615
0.624
0.589
0.55
0.425
0.464
0.476
0.546
0.562
0.566
0.602
0.744
0.766
0.743
0.705
0.634
0.64
0.578
0.528
0.426
0.45
0.57
0.572
0.614
0.651
0.74
0.772
0.738
0.631
0.639
0.604
0.561
0.521
0.425
0.486
0.551
0.581
0.582
0.626
0.658
0.725
0.739
0.707
0.63
0.647
0.621
0.577
0.43
0.45
0.463
0.527
0.561
0.555
0.641
0.711
0.779
0.75
0.725
0.65
0.656
0.588
0.559
0.442
0.449
0.461
0.514
0.565
0.613
0.631
0.692
0.785
0.753
0.653
0.647
0.631
0.598
0.557
0.445
0.442
0.511
0.564
0.55
0.591
0.624
0.685
0.755
0.736
0.659
0.642
0.633
0.593
0.458
0.445
0.457
0.494
0.551
0.539
0.57
0.665
0.771
0.756
0.746
0.671
0.66
0.617
0.577
0.479
0.45
0.461
0.508
0.544
0.585
0.637
0.677
0.775
0.749
0.714
0.627
0.628
0.582
0.546
0.467
0.45
0.518
0.588
0.581
0.608
0.652
0.688
0.776
0.716
0.645
0.624
0.634
0.587
0.545
0.442
0.463
0.48
0.55
0.54
0.565
0.593
0.763
0.758
0.748
0.691
0.651
0.661
0.622
0.507
0.44
0.447
0.47
0.542
0.537
0.597
0.645
0.758
0.758
0.756
0.694
0.65
0.621
0.59
0.512
0.426
0.449
0.466
0.535
0.548
0.592
0.641
0.752
0.761
0.754
0.655
0.665
0.633
0.599
0.523
0.422
0.445
0.54
0.535
0.546
0.589
0.635
0.746
0.759
0.709
0.656
0.666
0.632
0.597
0.528
0.449
0.457
0.534
0.542
0.545
0.585
0.742
0.767
0.754
0.716
0.658
0.666
0.639
0.543
0.422
0.443
0.452
0.527
0.534
0.587
0.624
0.727
0.776
0.757
0.726
0.653
0.649
0.6
0.545
0.42
0.44
0.447
0.545
0.536
0.575
0.625
0.723
0.781
0.738
0.656
0.669
0.646
0.605
0.553
0.422
0.443
0.508
0.543
0.53
0.578
0.619
0.794
0.773
0.745
0.664
0.674
0.651
0.555
0.421
0.428
0.434
0.496
0.542
0.524
0.626
0.706
0.797
0.771
0.748
0.665
0.663
0.606
0.556
0.425
0.426
0.429
0.546
0.524
0.565
0.614
0.699
0.806
0.773
0.675
0.676
0.659
0.614
0.559
0.428
0.433
0.483
0.54
0.525
0.566
0.607
0.806
0.779
0.758
0.675
0.674
0.661
0.616
0.442
0.42
0.429
0.479
0.54
0.525
0.611
0.676
0.803
0.775
0.765
0.678
0.674
0.624
0.567
0.456
0.413
0.425
0.467
0.529
0.56
0.605
0.67
0.805
0.779
0.695
0.668
0.674
0.624
0.57
0.46
0.422
0.457
0.535
0.521
0.55
0.6
0.657
0.796
0.781
0.699
0.67
0.68
0.625
0.471
0.393
0.41
0.449
0.528
0.52
0.544
0.66
0.809
0.802
0.79
0.709
0.668
0.637
0.585
0.478
0.383
0.403
0.437
0.526
0.541
0.589
0.65
0.814
0.812
0.794
0.67
0.685
0.641
0.582
0.485
0.363
0.427
0.524
0.514
0.531
0.581
0.652
0.824
0.807
0.737
0.671
0.695
0.646
0.587
0.361
0.385
0.414
0.513
0.511
0.519
0.648
0.804
0.839
0.816
0.759
0.675
0.66
0.593
0.502
0.346
0.37
0.395
0.499
0.516
0.573
0.642
0.801
0.843
0.831
0.681
0.701
0.662
0.594
0.508
0.327
0.386
0.494
0.515
0.508
0.567
0.637
0.799
0.842
0.793
0.684
0.708
0.669
0.603
0.32
0.337
0.351
0.466
0.504
0.488
0.638
0.797
0.908
0.881
0.842
0.707
0.73
0.62
0.51
0.269
0.279
0.304
0.428
0.473
0.539
0.63
0.802
0.941
0.904
0.721
0.741
0.704
0.629
0.524
0.288
0.28
0.412
0.484
0.475
0.544
0.625
0.777
0.903
0.851
0.717
0.723
0.699
0.621
0.314
0.308
0.327
0.432
0.502
0.484
0.543
0.761
0.92
0.881
0.84
0.707
0.705
0.629
0.545
0.347
0.324
0.34
0.434
0.511
0.547
0.611
0.724
0.896
0.857
0.828
0.699
0.689
0.631
0.555
0.383
0.345
0.437
0.515
0.502
0.541
0.608
0.705
0.876
0.82
0.715
0.692
0.634
0.411
0.346
0.372
0.428
0.524
0.498
0.599
0.687
0.86
0.837
0.823
0.716
0.706
0.639
0.571
0.429
0.344
0.369
0.415
0.499
0.53
0.597
0.677
0.868
0.848
0.739
0.696
0.724
0.66
0.6
0.442
0.293
0.363
0.485
0.464
0.503
0.567
0.665
0.908
0.891
0.782
0.724
0.746
0.68
0.434
0.28
0.303
0.342
0.479
0.466
0.481
0.658
0.885
0.911
0.89
0.794
0.71
0.685
0.598
0.455
0.278
0.307
0.337
0.467
0.473
0.548
0.644
0.878
0.912
0.901
0.735
0.765
0.705
0.621
0.477
0.279
0.333
0.467
0.464
0.476
0.534
0.629
0.92
0.901
0.828
0.731
0.77
0.714
0.633
0.284
0.301
0.313
0.456
0.464
0.464
0.644
0.845
0.907
0.879
0.815
0.698
0.724
0.605
0.486
0.284
0.323
0.345
0.479
0.505
0.566
0.644
0.817
0.887
0.864
0.801
0.72
0.675
0.606
0.509
0.315
0.338
0.352
0.51
0.498
0.556
0.636
0.792
0.893
0.812
0.698
0.716
0.687
0.618
0.527
0.311
0.342
0.45
0.493
0.474
0.541
0.615
0.781
0.92
0.908
0.762
0.788
0.769
0.671
0.235
0.217
0.219
0.348
0.423
0.385
0.458
0.794
1.046
1.024
0.988
0.81
0.828
0.706
0.563
0.213
0.141
0.149
0.262
0.374
0.405
0.539
0.786
1.121
1.105
1.079
0.871
0.872
0.755
0.585
0.179
0.104
0.085
0.353
0.298
0.38
0.524
0.781
1.179
1.138
0.906
0.888
0.894
0.767
0.596
0.048
0.07
0.163
0.332
0.283
0.357
0.767
1.22
1.205
1.18
0.94
0.893
0.911
0.599
0.184
0.039
0.053
0.132
0.284
0.347
0.502
0.745
1.21
1.217
1.186
0.879
0.911
0.78
0.604
0.23
0.038
0.125
0.336
0.292
0.347
0.495
0.728
1.219
1.196
0.983
0.883
0.93
0.811
0.629
0.023
0.027
0.065
0.274
0.212
0.422
0.677
1.252
1.329
1.334
1.112
1.033
0.892
0.68
0.261
-0.019
-0.01
0.22
0.182
0.209
0.393
0.658
1.253
1.379
1.181
0.976
1.047
0.914
0.687
-0.052
-0.029
0.011
0.188
0.173
0.376
0.641
1.228
1.402
1.391
1.196
0.968
0.916
0.693
0.328
-0.045
-0.024
0.182
0.193
0.197
0.365
0.623
1.179
1.368
1.196
0.951
1.015
0.906
0.712
0.385
-0.028
0.018
0.193
0.214
0.188
0.617
1.141
1.391
1.372
1.214
0.955
1.01
0.722
0.413
-0.027
-0.027
0.008
0.243
0.227
0.379
0.608
1.089
1.374
1.226
0.938
0.988
0.902
0.722
0.443
-0.03
-0.003
0.182
0.251
0.215
0.37
1.063
1.414
1.387
1.27
0.967
1.007
0.938
0.47
-0.037
-0.032
-0.014
0.24
0.184
0.345
0.577
1.046
1.479
1.444
1.0
1.023
0.976
0.771
0.487
-0.033
-0.062
0.122
0.222
0.168
0.32
1.014
1.523
1.487
1.403
1.034
1.038
0.998
0.507
-0.026
-0.052
-0.051
0.201
0.15
0.284
0.529
0.962
1.544
1.511
1.072
1.042
1.034
0.835
0.541
0.019
-0.082
0.06
0.187
0.13
0.258
0.907
1.537
1.521
1.459
1.1
1.043
1.042
0.568
0.05
-0.058
-0.049
0.217
0.161
0.274
0.491
0.829
1.431
1.416
1.059
0.988
0.991
0.814
0.581
0.128
-0.028
0.096
0.286
0.23
0.318
0.785
1.322
1.318
1.264
0.993
0.935
0.975
0.613
0.158
-0.002
-0.017
0.075
0.246
0.32
0.511
0.766
1.288
1.273
0.996
0.88
0.924
0.785
0.606
0.23
0.011
0.097
0.307
0.271
0.323
0.488
1.244
1.283
1.28
1.063
0.93
1.005
0.865
0.255
-0.008
-0.013
0.045
0.204
0.254
0.42
0.684
1.28
1.407
1.397
0.967
1.034
0.886
0.674
0.276
-0.04
-0.014
0.209
0.188
0.218
0.405
1.289
1.453
1.445
1.227
0.979
1.049
0.905
0.308
-0.053
-0.044
-0.018
0.189
0.212
0.382
0.646
1.25
1.463
1.455
1.054
0.929
0.718
0.36
-0.074
-0.024
0.152
0.181
0.165
0.626
1.203
1.488
1.481
1.314
1.009
1.066
0.744
0.4
-0.059
-0.065
-0.036
0.181
0.162
0.34
0.593
1.158
1.494
1.355
1.011
1.073
0.968
0.755
0.442
-0.065
-0.069
0.129
0.177
0.152
0.323
0.567
1.493
1.485
1.374
1.029
1.067
0.981
0.487
-0.059
-0.049
-0.064
0.093
0.138
0.297
0.542
1.041
1.495
1.486
1.046
1.066
1.01
0.803
0.509
-0.025
-0.053
0.085
0.181
0.14
0.295
0.52
1.51
1.495
1.427
1.064
1.062
1.017
0.82
-0.013
-0.05
-0.058
0.076
0.117
0.275
0.506
0.934
1.505
1.5
1.453
1.064
1.031
0.832
0.563
0.038
-0.052
0.04
0.18
0.123
0.27
0.493
1.502
1.489
1.459
1.097
1.049
1.033
0.832
0.057
-0.053
-0.057
0.051
0.132
0.264
0.481
0.837
1.484
1.489
1.459
1.034
1.038
0.858
0.601
0.102
-0.054
0.007
0.192
0.135
0.251
0.465
0.799
1.498
1.472
1.15
1.029
1.046
0.864
0.115
-0.057
-0.054
0.007
0.177
0.249
0.447
0.764
1.432
1.493
1.48
1.022
1.056
0.88
0.628
0.15
-0.055
-0.019
0.199
0.14
0.223
0.436
0.727
1.497
1.485
1.21
1.012
1.055
0.889
0.65
-0.07
-0.055
-0.02
0.172
0.219
0.414
0.71
1.364
1.492
1.491
1.242
1.064
0.9
0.665
0.239
-0.059
-0.061
0.195
0.147
0.204
0.399
0.677
1.499
1.499
1.273
1.016
1.068
0.904
0.682
-0.078
-0.059
-0.034
0.152
0.195
0.378
0.657
1.268
1.497
1.501
1.312
1.071
0.925
0.705
0.349
-0.064
-0.055
0.134
0.166
0.183
0.378
0.631
1.215
1.498
1.335
1.016
1.063
0.932
0.721
0.386
-0.079
-0.052
0.128
0.179
0.169
0.355
1.167
1.497
1.506
1.367
1.031
1.065
0.947
0.436
-0.063
-0.056
-0.054
0.098
0.174
0.342
0.579
1.109
1.505
1.5
1.047
1.066
0.963
0.757
0.462
-0.051
-0.079
0.106
0.174
0.162
0.331
0.568
1.515
1.512
1.427
1.057
1.061
0.973
0.77
-0.051
-0.053
-0.063
0.087
0.144
0.324
0.548
1.006
1.516
1.517
1.446
1.061
0.986
0.797
0.513
-0.008
-0.054
0.056
0.177
0.147
0.307
0.53
1.518
1.521
1.47
1.091
1.049
1.004
0.803
0.01
-0.062
-0.057
0.065
0.18
0.298
0.514
0.899
1.503
1.513
1.474
1.053
1.019
0.821
0.564
0.051
-0.059
0.016
0.186
0.138
0.272
0.495
0.847
1.506
1.492
1.125
1.041
1.029
0.837
0.584
-0.075
-0.062
0.019
0.179
0.135
0.479
0.807
1.469
1.498
1.49
1.155
1.031
0.862
0.606
0.102
-0.07
-0.059
0.175
0.156
0.251
0.459
0.777
1.432
1.505
1.181
1.03
1.048
0.856
0.623
0.155
-0.057
-0.025
0.182
0.139
0.24
0.442
0.738
1.497
1.492
1.215
1.023
1.05
0.868
0.18
-0.064
-0.058
-0.025
0.161
0.233
0.429
0.708
1.37
1.494
1.501
1.24
1.066
0.885
0.663
0.234
-0.058
-0.054
0.177
0.152
0.208
0.411
0.676
1.322
1.502
1.277
1.016
1.06
0.902
0.68
0.277
-0.076
-0.024
0.149
0.154
0.197
0.662
1.281
1.499
1.5
1.306
1.018
1.063
0.7
0.334
-0.061
-0.063
-0.039
0.158
0.201
0.378
0.633
1.231
1.499
1.496
1.018
1.069
0.933
0.717
0.373
-0.057
-0.069
0.146
0.166
0.183
0.364
0.612
1.505
1.507
1.36
1.026
1.063
0.938
0.724
-0.074
-0.056
-0.056
0.123
0.173
0.355
0.588
1.13
1.5
1.503
1.385
1.062
0.955
0.746
0.447
-0.069
-0.054
0.089
0.182
0.157
0.339
0.575
1.061
1.502
1.409
1.041
1.059
0.969
0.766
0.486
-0.07
-0.056
0.081
0.187
0.152
0.558
1.014
1.499
1.502
1.434
1.051
1.047
0.782
0.502
-0.021
-0.069
-0.055
0.192
0.146
0.32
0.539
0.953
1.493
1.456
1.05
0.986
0.799
0.012
-0.061
-0.053
0.067
0.181
0.312
0.523
0.911
1.496
1.502
1.468
1.04
1.001
0.812
0.557
0.039
-0.051
0.027
0.194
0.144
0.292
0.501
0.865
1.507
1.476
1.124
1.035
1.01
0.82
0.583
-0.074
-0.06
0.015
0.18
0.145
0.491
0.811
1.463
1.495
1.498
1.151
1.03
0.827
0.59
0.098
-0.069
-0.058
0.179
0.149
0.27
0.475
0.777
1.428
1.51
1.184
1.029
1.029
0.839
0.62
0.158
-0.081
-0.007
0.169
0.162
0.263
0.455
1.4
1.506
1.506
1.226
1.023
1.043
0.849
0.175
-0.055
-0.054
-0.019
0.151
0.265
0.44
0.719
1.356
1.498
1.512
1.02
1.045
0.858
0.654
0.227
-0.053
-0.043
0.174
0.158
0.238
0.434
0.69
1.49
1.526
1.283
1.021
1.049
0.874
0.662
-0.066
-0.055
-0.047
0.143
0.231
0.417
0.665
1.276
1.503
1.502
1.031
1.053
0.886
0.68
0.325
-0.054
-0.068
0.16
0.167
0.209
0.396
0.647
1.496
1.512
1.351
1.03
1.055
0.9
0.686
-0.072
-0.055
-0.062
0.121
0.205
0.39
0.625
1.175
1.492
1.501
1.039
1.058
0.906
0.716
0.408
-0.058
-0.078
0.126
0.171
0.192
0.376
0.599
1.476
1.509
1.406
1.047
1.053
0.922
0.729
-0.062
-0.053
-0.067
0.093
0.179
0.369
0.587
1.068
1.48
1.5
1.063
1.046
0.941
0.74
0.478
-0.032
-0.055
0.091
0.182
0.176
0.352
0.564
1.483
1.501
1.438
1.063
1.051
0.952
0.759
-0.026
-0.046
-0.067
0.074
0.158
0.338
0.552
0.962
1.473
1.497
1.088
1.047
0.957
0.779
0.529
0.023
-0.079
0.06
0.18
0.169
0.328
0.53
1.465
1.481
1.464
1.097
1.038
0.974
0.55
0.036
-0.045
-0.074
0.04
0.164
0.325
0.518
0.858
1.448
1.482
3.489
3.175
1.036
0.149
0.261
0.234
-0.084
0.027
0.02
0.368
3.076
2.413
3.049
3.549
3.49
3.407
3.265
1.397
0.276
0.289
0.001
-0.016
-0.002
0.301
2.919
3.185
2.437
2.942
3.652
3.606
3.492
1.576
0.161
0.266
0.166
-0.034
0.033
0.055
0.249
2.722
2.43
2.773
3.54
3.545
3.413
3.297
0.256
0.264
0.315
0.004
-0.006
-0.005
0.201
2.582
3.175
2.639
2.701
3.494
3.411
3.3
1.982
0.123
0.282
0.386
-0.005
-0.023
-0.027
0.175
3.1
2.719
2.45
3.528
3.501
3.439
3.306
0.197
0.238
0.39
0.06
-0.023
0.046
0.17
2.175
3.15
2.722
2.39
3.554
3.405
3.311
2.412
0.217
0.302
0.042
-0.007
-0.017
0.018
0.154
3.242
2.938
2.301
3.525
3.532
3.391
2.569
0.167
0.22
0.473
0.058
-0.029
0.096
0.12
1.781
3.197
2.94
3.493
3.514
3.48
3.375
2.84
0.217
0.25
0.119
-0.062
0.007
0.053
0.079
3.241
2.997
2.18
3.501
3.602
3.453
2.934
0.25
0.224
0.512
0.005
-0.009
0.031
0.153
1.315
3.257
3.036
3.476
3.578
3.485
3.392
2.973
0.377
0.379
0.061
-0.04
-0.036
0.06
1.146
3.243
3.05
2.184
3.447
3.548
3.338
3.111
0.545
0.175
0.392
0.138
-0.03
0.027
0.116
0.939
3.205
3.116
3.38
3.493
3.481
3.34
3.18
0.68
0.315
0.179
-0.027
-0.009
0.038
0.668
3.188
3.174
2.167
3.247
3.568
3.495
3.193
0.874
0.183
0.414
0.26
-0.009
0.053
0.119
0.545
3.19
3.171
3.231
3.57
3.551
3.378
3.216
1.009
0.251
0.283
-0.022
-0.025
-0.01
0.39
3.128
3.218
2.229
3.059
3.585
3.492
3.225
1.224
0.283
0.287
0.286
0.0
0.031
0.103
0.397
3.028
3.198
2.349
3.569
3.479
3.354
3.246
1.457
0.207
0.346
0.017
-0.025
0.016
0.095
2.846
3.186
2.305
2.807
3.529
3.508
3.279
1.631
0.251
0.294
0.329
0.02
-0.033
0.065
0.185
2.745
3.13
2.495
3.557
3.517
3.376
1.828
0.254
0.38
0.01
0.007
-0.029
0.213
2.533
3.191
2.718
2.648
3.553
3.394
3.318
1.978
0.198
0.287
0.383
0.033
-0.029
0.069
0.173
2.288
3.187
2.446
3.472
3.555
3.457
3.309
2.126
0.155
0.404
0.067
-0.049
0.005
0.059
2.178
3.185
2.834
2.369
3.536
3.547
3.33
2.469
0.168
0.261
0.477
0.065
-0.033
0.024
0.173
1.916
3.237
2.847
3.537
3.575
3.415
3.322
2.571
0.174
0.227
0.1
-0.036
0.027
0.071
1.713
3.204
2.967
2.09
3.476
3.577
3.428
2.752
0.235
0.202
0.485
0.125
-0.054
0.092
0.16
1.534
3.122
3.074
2.123
3.597
3.444
3.36
2.848
0.231
0.265
0.408
-0.041
0.02
0.089
0.157
1.249
3.031
2.064
3.478
3.599
3.441
3.368
0.427
0.188
0.408
0.095
-0.044
-0.058
0.147
1.119
3.215
3.074
2.164
3.435
3.465
3.341
3.04
0.53
0.221
0.393
-0.026
-0.062
0.023
0.093
3.232
3.089
2.063
3.303
3.524
3.515
3.425
0.723
0.22
0.379
0.194
-0.017
-0.044
0.135
0.682
3.257
3.096
2.118
3.546
3.518
3.387
3.232
0.924
0.256
0.351
-0.02
-0.041
0.004
0.087
3.221
3.136
2.107
3.229
3.552
3.526
3.162
1.081
0.244
0.286
0.219
-0.01
0.095
0.084
0.425
3.063
3.192
2.191
3.584
3.459
3.379
3.243
1.227
0.254
0.278
0.039
-0.017
-0.011
0.078
2.966
3.184
2.419
3.073
3.528
3.517
3.281
1.505
0.216
0.264
0.328
-0.009
0.036
0.074
0.244
2.766
3.044
2.942
3.552
3.522
3.388
3.3
1.65
0.233
0.333
-0.028
-0.09
-0.009
0.071
2.571
3.166
2.563
2.824
3.529
3.559
3.324
1.865
0.232
0.271
0.368
0.008
0.012
0.066
0.174
2.443
3.187
2.639
3.536
3.501
3.43
3.302
2.185
0.179
0.255
0.029
0.011
-0.025
0.092
2.175
3.115
2.83
2.585
3.529
3.55
3.461
2.329
0.225
0.279
0.324
0.042
-0.042
0.044
0.148
2.06
3.113
2.766
2.462
3.56
3.41
3.32
2.622
0.203
0.25
0.045
-0.032
-0.03
-0.005
1.82
3.248
2.858
2.305
3.54
3.546
3.39
2.746
0.177
0.257
0.347
0.038
-0.047
0.056
0.151
1.616
3.19
2.971
2.236
3.531
3.457
3.346
2.843
0.261
0.26
0.438
-0.025
-0.023
0.02
0.101
3.261
2.967
2.175
3.5
3.564
3.422
3.361
0.338
0.189
0.411
0.071
-0.027
-0.047
0.135
1.137
3.206
2.967
2.066
3.482
3.478
3.32
3.016
0.437
0.242
0.463
0.094
-0.03
0.067
0.159
1.036
3.173
2.175
3.447
3.554
3.521
3.311
3.058
0.234
0.384
0.163
-0.044
0.019
0.031
0.772
3.181
3.095
1.996
3.328
3.584
3.323
3.097
0.747
0.21
0.328
0.143
-0.012
0.023
0.117
0.626
3.165
3.129
3.275
3.579
3.486
3.342
3.204
0.982
0.233
0.235
-0.011
-0.014
0.045
0.079
3.143
3.124
2.169
3.203
3.607
3.502
3.156
1.074
0.232
0.323
0.269
-0.014
0.017
0.052
0.322
3.021
3.094
2.187
3.569
3.465
3.411
3.229
1.28
0.234
0.335
0.012
-0.02
0.019
0.101
0.251
3.133
2.357
2.928
3.557
3.532
3.377
3.278
0.223
0.322
0.305
0.015
-0.023
0.09
0.207
2.758
3.186
2.391
2.732
3.499
3.402
3.284
1.667
0.253
0.254
0.303
-0.018
-0.001
0.096
0.198
2.59
2.412
2.636
3.57
3.477
3.366
3.301
1.91
0.283
0.376
0.046
-0.011
-0.041
0.201
2.372
3.159
2.605
2.578
3.515
3.42
3.329
2.094
0.199
0.286
0.376
0.02
-0.014
0.038
0.098
2.178
3.119
2.439
3.511
3.54
3.445
3.329
2.416
0.228
0.436
0.014
-0.018
-0.025
0.158
2.064
3.115
2.861
2.43
3.535
3.524
3.341
2.587
0.205
0.26
0.439
-0.005
-0.03
0.011
0.134
1.811
3.193
2.217
3.493
3.513
3.438
3.346
0.235
0.431
0.071
-0.048
-0.022
0.122
1.613
3.21
2.815
2.136
3.504
3.425
3.353
2.926
0.329
0.209
0.452
0.059
-0.041
0.011
0.102
1.411
3.192
2.128
3.517
3.536
3.432
3.277
2.97
0.283
0.416
0.092
-0.047
-0.041
0.134
1.155
3.206
3.029
2.03
3.444
3.46
3.38
3.0
0.442
0.233
0.488
-0.04
0.017
-0.002
0.098
1.014
3.048
2.111
3.447
3.584
3.456
3.361
0.626
0.286
0.385
0.125
-0.021
-0.009
0.099
0.655
3.274
3.027
2.049
3.59
3.472
3.399
3.112
0.728
0.22
0.209
-0.033
0.005
0.003
0.087
3.223
3.148
2.089
3.298
3.606
3.504
3.183
1.001
0.217
0.329
0.315
-0.03
0.031
0.13
0.533
3.084
3.156
2.128
3.538
3.498
3.393
3.233
1.112
0.218
0.343
0.006
-0.057
-0.007
0.121
0.415
3.119
2.253
3.024
3.531
3.551
3.377
3.224
0.201
0.318
0.402
-0.038
-0.074
0.096
0.379
2.978
3.17
2.337
2.964
3.535
3.403
3.216
1.341
0.261
0.267
0.359
-0.041
0.015
0.059
0.223
2.735
2.274
2.673
3.553
3.518
3.403
3.333
1.649
0.335
0.357
0.01
-0.017
-0.008
0.179
2.604
3.237
2.531
2.597
3.545
3.39
3.286
1.917
0.23
0.282
0.406
0.035
-0.01
0.077
0.188
2.456
3.134
2.439
3.534
3.536
3.443
3.312
2.016
0.24
0.428
0.063
-0.029
-0.047
0.074
2.281
3.038
2.718
2.263
3.553
3.515
3.295
2.271
0.173
0.266
0.468
0.036
-0.008
0.035
0.19
2.147
3.219
2.316
3.522
3.498
3.405
3.295
2.505
0.195
0.458
0.094
-0.052
0.0
0.085
1.901
3.201
2.872
2.024
3.517
3.59
3.372
2.607
0.155
0.225
0.551
0.028
-0.026
0.058
0.188
1.653
3.198
2.19
3.52
3.59
3.422
3.371
2.784
0.29
0.527
0.029
-0.027
-0.007
0.165
1.459
3.252
2.977
2.004
3.48
3.58
3.34
2.901
0.281
0.279
0.454
0.117
-0.021
0.056
0.12
1.252
3.221
3.001
3.451
3.522
3.434
3.383
3.043
0.406
0.379
0.232
-0.03
-0.046
0.04
1.074
3.208
3.086
2.06
3.378
3.549
3.326
3.1
0.572
0.217
0.414
0.195
-0.023
0.053
0.082
0.763
3.222
2.009
3.237
3.551
3.54
3.408
3.101
0.71
0.314
0.199
-0.012
-0.061
0.036
0.651
3.22
3.134
2.055
3.183
3.557
3.326
3.221
0.982
0.25
0.331
0.243
-0.028
0.092
0.099
0.505
3.156
2.147
2.991
3.562
3.498
3.397
3.226
0.201
0.306
0.263
0.006
-0.011
0.046
0.334
3.061
3.107
2.16
2.872
3.56
3.346
3.239
1.233
0.226
0.353
0.35
-0.019
0.021
0.142
0.332
2.975
2.277
2.861
3.573
3.517
3.393
3.258
1.46
0.269
0.443
0.014
-0.021
0.018
0.216
2.803
3.173
2.319
2.652
3.566
3.405
3.325
1.666
0.218
0.268
0.386
-0.032
0.009
0.043
0.254
2.617
2.547
2.67
3.537
3.537
3.411
3.317
0.158
0.278
0.423
0.026
-0.034
-0.006
0.145
2.43
3.217
2.617
2.402
3.53
3.421
3.316
2.058
0.211
0.263
0.423
-0.012
-0.013
0.028
0.17
2.323
2.717
2.235
3.565
3.536
3.36
3.285
0.22
0.248
0.487
-0.003
-0.019
0.028
0.151
2.147
3.175
2.771
2.133
3.511
3.439
3.299
2.494
0.167
0.208
0.458
-0.028
-0.02
0.023
0.182
3.203
2.796
2.017
3.51
3.566
3.438
3.242
0.204
0.234
0.499
0.068
-0.02
0.041
0.149
1.761
3.171
2.96
2.111
3.541
3.478
3.288
2.829
0.249
0.244
0.095
-0.035
-0.06
0.054
0.153
3.202
2.986
1.947
3.473
3.488
3.441
2.963
0.305
0.232
0.42
0.176
-0.049
0.068
0.147
1.261
3.219
2.984
1.884
3.586
3.473
3.318
2.981
0.372
0.193
0.48
-0.035
-0.019
0.03
0.141
3.203
3.111
2.06
3.39
3.576
3.429
3.383
0.52
0.269
0.162
0.004
0.003
0.08
0.838
3.203
3.066
3.297
3.531
3.504
3.407
3.067
0.681
0.207
0.22
-0.006
-0.084
0.052
0.7
3.177
3.117
2.171
3.217
3.544
3.518
3.18
0.892
0.145
0.321
0.313
-0.014
0.068
0.095
0.494
3.196
3.125
3.062
3.561
3.511
3.399
3.2
1.033
0.308
0.326
-0.022
-0.049
-0.037
0.422
3.14
3.162
2.139
2.972
3.581
3.409
3.202
1.236
0.226
0.298
0.389
-0.013
0.059
0.059
0.304
2.985
2.351
2.889
3.556
3.488
3.421
3.297
1.438
0.315
0.34
0.01
-0.005
0.027
0.284
2.887
3.189
2.316
2.671
3.542
3.414
3.24
1.59
0.197
0.288
0.36
0.021
-0.006
0.081
0.203
2.763
2.613
2.654
3.55
3.546
3.402
3.326
1.827
0.266
0.445
0.027
-0.01
-0.005
0.21
2.521
3.235
2.476
2.41
3.568
3.521
3.297
1.997
0.201
0.256
0.441
0.041
-0.062
0.053
0.168
2.314
3.189
2.682
3.553
3.493
3.433
3.345
2.26
0.552
1.646
1.289
1.827
1.694
1.784
1.908
2.209
2.245
2.047
3.499
3.558
3.411
3.368
2.401
0.208
0.452
0.005
-0.029
-0.057
0.125
1.955
3.191
2.02
1.651
1.418
1.14
1.106
1.041
0.987
1.04
1.079
0.881
-0.064
0.121
0.381
1.853
3.156
2.914
3.496
3.411
3.477
3.355
2.823
1.726
2.152
2.299
2.301
2.268
2.275
2.245
2.202
2.151
2.009
1.934
1.849
1.762
1.672
1.581
1.401
1.331
1.26
1.199
1.151
1.113
1.087
1.064
1.082
1.104
1.14
1.191
1.25
1.329
1.492
1.583
1.677
1.771
1.863
1.952
2.034
2.171
2.222
2.261
2.288
2.306
2.303
2.258
2.22
2.17
2.11
2.039
1.961
1.79
1.7
1.61
1.518
1.439
1.377
1.282
1.163
1.135
1.09
1.078
1.061
1.074
1.096
1.173
1.231
1.298
1.379
1.47
1.551
1.741
1.835
1.925
2.009
2.086
2.152
2.207
2.28
2.301
2.308
2.292
2.267
2.233
2.131
2.064
1.988
1.906
1.82
1.73
1.64
1.463
1.381
1.305
1.238
1.181
1.136
1.079
1.064
1.069
1.088
1.117
1.157
1.211
1.352
1.435
1.524
1.617
1.711
1.805
1.895
2.061
2.132
2.191
2.237
2.272
2.295
2.298
2.276
2.245
2.203
2.15
2.085
2.012
1.846
1.757
1.667
1.578
1.49
1.407
1.258
1.198
1.149
1.112
1.086
1.068
1.064
1.106
1.143
1.192
1.254
1.327
1.409
1.496
1.682
1.776
1.868
1.956
2.038
2.111
2.224
2.262
2.289
2.306
2.303
2.284
2.218
2.169
2.108
2.037
1.959
1.876
1.787
1.608
1.519
1.434
1.353
1.28
1.217
1.123
1.093
1.073
1.063
1.075
1.097
1.13
1.232
1.302
1.381
1.466
1.557
1.65
1.744
1.927
2.011
2.087
2.154
2.209
2.251
2.301
2.307
2.291
2.266
2.232
2.185
2.128
1.984
1.901
1.815
1.726
1.635
1.546
1.378
1.303
1.236
1.18
1.135
1.101
1.079
1.07
1.089
1.118
1.159
1.212
1.278
1.355
1.528
1.621
1.715
1.809
1.899
1.985
2.135
2.193
2.239
2.273
2.296
2.308
2.297
2.244
2.202
2.148
2.084
2.011
1.93
1.756
1.666
1.576
1.488
1.405
1.327
1.197
1.148
1.111
1.085
1.067
1.065
1.082
1.144
1.194
1.256
1.329
1.411
1.498
1.59
1.778
1.87
1.957
2.039
2.112
2.175
2.263
2.289
2.307
2.302
2.283
2.255
2.217
2.105
2.034
1.955
1.871
1.783
1.693
1.515
1.43
1.351
1.278
1.215
1.162
1.121
1.072
1.063
1.076
1.099
1.132
1.178
1.236
1.386
1.472
1.563
1.657
1.751
1.844
2.017
2.093
2.158
2.212
2.253
2.283
2.303
2.29
2.265
2.229
2.183
2.125
2.058
1.898
1.812
1.722
1.631
1.543
1.456
1.299
1.233
1.178
1.133
1.1
1.077
1.063
1.09
1.12
1.162
1.216
1.282
1.359
1.625
1.72
1.812
1.903
1.989
2.137
2.195
2.241
2.274
2.297
2.308
2.296
2.242
2.199
2.145
2.08
2.005
1.924
1.749
1.659
1.57
1.483
1.399
1.322
1.253
1.146
1.109
1.083
1.067
1.066
1.084
1.11
1.199
1.261
1.335
1.417
1.506
1.598
1.787
1.878
1.966
2.046
2.118
2.18
2.229
2.291
2.307
2.301
2.281
2.253
2.213
2.1
2.029
1.95
1.866
1.778
1.688
1.598
1.425
1.345
1.274
1.211
1.159
1.119
1.07
1.063
1.076
1.1
1.135
1.181
1.24
1.39
1.476
1.568
1.661
1.755
1.847
1.936
2.095
2.161
2.214
2.255
2.284
2.303
2.289
2.263
2.227
2.18
2.121
2.053
1.892
1.805
1.715
1.625
1.536
1.45
1.369
1.23
1.175
1.131
1.098
1.076
1.062
1.071
1.123
1.166
1.221
1.288
1.365
1.45
1.54
1.728
1.821
1.912
1.997
2.075
2.143
2.2
2.277
2.298
2.308
2.294
2.271
2.239
2.195
2.074
2.0
1.919
1.833
1.743
1.653
1.476
1.394
1.317
1.248
1.19
1.143
1.107
1.082
1.066
1.085
1.113
1.152
1.204
1.268
1.342
1.513
1.606
1.7
1.793
1.884
1.971
2.123
2.184
2.232
2.268
2.293
2.308
2.299
2.25
2.209
2.157
2.094
2.022
1.943
1.857
1.678
1.588
1.5
1.416
1.338
1.267
1.156
1.116
1.088
1.069
1.063
1.079
1.103
1.186
1.246
1.317
1.397
1.484
1.576
1.67
1.857
1.945
2.028
2.102
2.166
2.219
2.259
2.305
2.304
2.286
2.26
2.223
2.175
2.116
1.97
1.886
1.798
1.709
1.618
1.53
1.363
1.289
1.225
1.171
1.128
1.096
1.074
1.072
1.094
1.126
1.17
1.226
1.295
1.457
1.547
1.64
1.734
1.827
1.917
2.002
2.147
2.203
2.247
2.279
2.3
2.308
2.269
2.236
2.191
2.135
2.069
1.994
1.912
1.736
1.646
1.556
1.469
1.387
1.31
1.186
1.14
1.105
1.08
1.064
1.067
1.086
1.154
1.206
1.27
1.345
1.427
1.516
1.609
1.797
1.889
1.976
2.055
2.127
2.187
2.27
2.294
2.308
2.299
2.278
2.248
2.208
2.092
2.02
1.94
1.855
1.767
1.677
1.499
1.415
1.336
1.265
1.204
1.154
1.116
1.069
1.063
1.079
1.103
1.139
1.188
1.32
1.4
1.487
1.579
1.673
1.767
1.859
2.03
2.104
2.168
2.22
2.259
2.287
2.304
2.286
2.259
2.222
2.173
2.113
2.044
1.882
1.794
1.705
1.614
1.525
1.44
1.286
1.222
1.169
1.127
1.096
1.074
1.062
1.094
1.127
1.171
1.228
1.296
1.373
1.458
1.642
1.736
1.83
1.92
2.005
2.082
2.205
2.248
2.279
2.301
2.308
2.293
2.269
2.19
2.134
2.067
1.992
1.91
1.824
1.644
1.555
1.468
1.385
1.31
1.242
1.185
1.105
1.08
1.064
1.067
1.087
1.115
1.155
1.273
1.349
1.431
1.52
1.613
1.707
1.892
1.978
2.058
2.129
2.188
2.235
2.271
2.308
2.298
2.277
2.247
2.205
2.153
2.016
1.937
1.851
1.763
1.672
1.582
1.494
1.332
1.262
1.201
1.152
1.115
1.087
1.063
1.079
1.105
1.141
1.19
1.251
1.322
1.49
1.581
1.675
1.769
1.862
1.95
2.107
2.17
2.221
2.26
2.288
2.306
2.304
2.258
2.221
2.172
2.112
2.042
1.964
1.793
1.703
1.613
1.524
1.438
1.358
1.285
1.168
1.126
1.095
1.074
1.062
1.073
1.095
1.173
1.231
1.299
1.378
1.463
1.553
1.741
1.834
1.924
2.008
2.085
2.151
2.206
2.28
2.301
2.307
2.292
2.268
2.234
2.131
2.065
1.989
1.907
1.821
1.731
1.64
1.464
1.381
1.306
1.239
1.182
1.137
1.08
1.064
1.068
1.087
1.116
1.157
1.21
1.35
1.433
1.522
1.614
1.709
1.803
1.894
2.06
2.13
2.19
2.237
2.271
2.295
2.298
2.277
2.246
2.204
2.151
2.087
1.934
1.849
1.671
1.581
1.493
1.331
1.26
1.2
1.151
1.113
1.087
1.068
1.08
1.105
1.142
1.191
1.253
1.326
1.407
1.586
1.68
1.774
1.866
1.954
2.036
2.172
2.223
2.262
2.289
2.306
2.303
2.257
2.219
2.17
2.109
2.039
1.961
1.877
1.699
1.609
1.52
1.435
1.355
1.282
1.165
1.124
1.094
1.073
1.063
1.074
1.096
1.173
1.231
1.3
1.378
1.463
1.554
1.647
1.835
1.924
2.009
2.086
2.152
2.208
2.281
2.301
2.307
2.292
2.268
2.233
2.187
2.063
1.987
1.906
1.819
1.729
1.64
1.463
1.382
1.305
1.238
1.182
1.137
1.103
1.064
1.069
1.087
1.116
1.157
1.211
1.277
1.436
1.525
1.618
1.712
1.805
1.896
2.062
2.132
2.191
2.237
2.272
2.296
2.309
2.276
2.245
2.203
2.15
2.086
2.013
1.933
1.759
1.669
1.579
1.491
1.407
1.329
1.259
1.15
1.113
1.086
1.069
1.065
1.081
1.106
1.192
1.253
1.326
1.407
1.494
1.586
1.68
1.866
1.954
2.036
2.11
2.173
2.224
2.289
2.307
2.303
2.284
2.257
2.218
2.169
2.037
1.959
1.875
1.787
1.698
1.608
1.519
1.354
1.281
1.217
1.165
1.124
1.094
1.073
1.074
1.097
1.129
1.175
1.233
1.302
1.381
1.557
1.651
1.745
1.838
1.927
2.012
2.154
2.209
2.251
2.281
2.302
2.307
2.291
2.232
2.187
2.13
2.062
1.986
1.904
1.817
1.637
1.548
1.462
1.379
1.304
1.236
1.136
1.102
1.079
1.064
1.07
1.089
1.118
1.213
1.279
1.355
1.438
1.527
1.62
1.714
1.898
1.985
2.064
2.134
2.193
2.239
2.273
2.309
2.297
2.276
2.244
2.202
2.148
2.01
1.929
1.844
1.755
1.665
1.575
1.404
1.326
1.256
1.196
1.148
1.111
1.085
1.065
1.082
1.108
1.145
1.195
1.257
1.331
1.501
1.593
1.687
1.781
1.872
1.961
2.115
2.176
2.226
2.264
2.29
2.307
2.302
2.255
2.216
2.166
2.105
2.034
1.955
1.783
1.694
1.603
1.515
1.43
1.35
1.277
1.162
1.121
1.092
1.072
1.063
1.076
1.132
1.178
1.236
1.306
1.385
1.471
1.562
1.749
1.842
1.931
2.015
2.091
2.157
2.211
2.283
2.302
2.306
2.29
2.265
2.23
2.125
2.057
1.98
1.897
1.81
1.721
1.542
1.456
1.374
1.299
1.233
1.177
1.133
1.078
1.063
1.071
1.091
1.121
1.163
1.217
1.361
1.445
1.535
1.628
1.722
1.816
1.906
2.071
2.14
2.197
2.242
2.275
2.297
2.296
2.274
2.241
2.198
2.144
2.079
2.005
1.838
1.749
1.659
1.57
1.482
1.399
1.252
1.193
1.145
1.109
1.083
1.067
1.066
1.11
1.148
1.198
1.261
1.335
1.417
1.505
1.691
1.784
1.876
1.964
2.045
2.117
2.229
2.265
2.291
2.307
2.301
2.282
2.214
2.163
2.1
2.028
1.949
1.865
1.777
1.597
1.509
1.424
1.346
1.273
1.211
1.119
1.09
1.071
1.063
1.078
1.101
1.135
1.241
1.312
1.391
1.478
1.57
1.664
1.758
1.939
2.023
2.098
2.163
2.215
2.256
2.304
2.306
2.289
2.263
2.226
2.179
2.121
1.975
1.892
1.805
1.715
1.625
1.536
1.369
1.294
1.229
1.174
1.13
1.098
1.076
1.071
1.092
1.123
1.165
1.22
1.288
1.365
1.539
1.632
1.726
1.819
1.91
1.995
2.142
2.199
2.244
2.277
2.298
2.308
2.295
2.239
2.196
2.141
2.075
2.0
1.919
1.743
1.653
1.564
1.476
1.394
1.317
1.249
1.143
1.107
1.082
1.066
1.067
1.085
1.15
1.201
1.264
1.339
1.421
1.509
1.602
1.791
1.882
1.969
2.05
2.121
2.182
2.267
2.292
2.308
2.3
2.28
2.252
2.212
2.098
2.026
1.947
1.863
1.774
1.684
1.506
1.421
1.343
1.271
1.209
1.157
1.117
1.07
1.063
1.078
1.102
1.137
1.184
1.244
1.394
1.481
1.573
1.76
1.941
2.024
2.099
2.164
2.217
2.257
2.285
2.305
2.287
2.261
2.225
2.177
2.118
1.972
1.888
1.801
1.711
1.621
1.532
1.446
1.292
1.227
1.172
1.129
1.097
1.075
1.073
1.094
1.125
1.168
1.224
1.292
1.369
1.544
1.638
1.733
1.826
1.916
2.001
2.079
2.202
2.247
2.278
2.3
2.308
2.294
2.237
2.193
2.137
2.071
1.997
1.915
1.74
1.649
1.56
1.473
1.39
1.314
1.246
1.141
1.106
1.081
1.065
1.067
1.086
1.113
1.205
1.269
1.343
1.426
1.515
1.607
1.795
1.886
1.973
2.053
2.125
2.185
2.233
2.293
2.308
2.299
2.279
2.249
2.208
2.093
2.021
1.941
1.856
1.767
1.677
1.587
1.415
1.337
1.266
1.205
1.155
1.116
1.088
1.063
1.079
1.103
1.139
1.187
1.247
1.317
1.485
1.576
1.67
1.765
1.858
1.946
2.028
2.167
2.219
2.259
2.287
2.305
2.304
2.286
2.223
2.175
2.115
2.046
1.969
1.886
1.708
1.618
1.529
1.443
1.363
1.289
1.224
1.128
1.096
1.074
1.062
1.073
1.094
1.126
1.227
1.295
1.373
1.458
1.548
1.641
1.735
1.918
2.003
2.08
2.148
2.204
2.248
2.279
2.308
2.293
2.269
2.236
2.191
2.135
1.993
1.911
1.825
1.735
1.645
1.555
1.468
1.31
1.243
1.186
1.14
1.105
1.08
1.064
1.087
1.115
1.155
1.208
1.272
1.346
1.429
1.611
1.705
1.799
1.891
1.977
2.057
2.128
2.235
2.27
2.294
2.309
2.298
2.278
2.248
2.154
2.091
2.018
1.939
1.854
1.765
1.585
1.497
1.413
1.335
1.264
1.203
1.154
1.087
1.069
1.063
1.079
1.104
1.141
1.251
1.323
1.404
1.491
1.583
1.677
1.771
1.951
2.033
2.107
2.17
2.222
2.261
2.306
2.304
2.285
2.258
2.221
2.171
2.111
1.963
1.88
1.792
1.702
1.611
1.522
1.357
1.284
1.22
1.167
1.126
1.095
1.074
1.073
1.095
1.128
1.172
1.23
1.298
1.376
1.551
1.645
1.739
1.832
1.923
2.007
2.151
2.206
2.249
2.28
2.301
2.308
2.292
2.234
2.189
2.132
2.065
1.99
1.908
1.732
1.642
1.553
1.466
1.384
1.308
1.241
1.138
1.104
1.08
1.064
1.068
1.087
1.157
1.21
1.275
1.351
1.433
1.523
1.615
1.803
1.894
1.981
2.06
2.13
2.19
2.237
2.295
2.308
2.298
2.277
2.246
2.204
2.088
2.015
1.935
1.849
1.76
1.67
1.492
1.408
1.331
1.26
1.2
1.151
1.114
1.068
1.064
1.08
1.106
1.143
1.192
1.253
1.406
1.493
1.584
1.679
1.772
1.865
2.036
2.109
2.172
2.223
2.262
2.289
2.307
2.285
2.257
2.219
2.17
2.109
2.04
1.877
1.79
1.7
1.61
1.521
1.436
1.282
1.219
1.166
1.125
1.095
1.074
1.063
1.097
1.13
1.175
1.233
1.302
1.381
1.466
1.65
1.744
1.837
1.927
2.011
2.087
2.154
2.251
2.282
2.302
2.307
2.291
2.267
2.187
2.129
2.062
1.986
1.904
1.817
1.637
1.547
1.461
1.379
1.304
1.237
1.181
1.103
1.079
1.064
1.069
1.088
1.118
1.16
1.28
1.355
1.439
1.528
1.62
1.715
1.899
1.986
2.065
2.135
2.193
2.239
2.273
2.309
2.297
2.275
2.244
2.201
2.148
2.01
1.929
1.844
1.755
1.665
1.575
1.488
1.326
1.256
1.197
1.148
1.112
1.085
1.065
1.082
1.108
1.146
1.196
1.259
1.332
1.502
1.594
1.688
1.781
1.874
1.961
2.042
2.177
2.226
2.264
2.29
2.307
2.302
2.255
2.216
2.166
2.104
2.033
1.955
1.783
1.692
1.602
1.514
1.428
1.348
1.276
1.162
1.121
1.093
1.073
1.063
1.075
1.098
1.178
1.237
1.306
1.385
1.471
1.562
1.749
1.842
1.932
2.016
2.092
2.158
2.212
2.283
2.303
2.307
2.29
2.265
2.229
2.125
2.057
1.981
1.898
1.811
1.722
1.456
1.374
1.299
1.233
1.178
1.101
1.078
1.064
1.07
1.09
1.12
1.162
1.283
1.359
1.444
1.533
1.626
1.72
1.814
1.99
2.069
2.138
2.196
2.241
2.274
2.309
2.296
2.274
2.242
2.199
2.145
2.007
1.926
1.84
1.751
1.661
1.571
1.484
1.323
1.253
1.194
1.146
1.11
1.085
1.067
1.083
1.109
1.147
1.197
1.261
1.334
1.415
1.595
1.689
1.783
1.875
1.963
2.044
2.178
2.228
2.265
2.291
2.307
2.301
2.254
2.214
2.163
2.101
2.03
1.951
1.867
1.688
1.599
1.51
1.426
1.346
1.274
1.16
1.121
1.091
1.072
1.064
1.077
1.1
1.181
1.241
1.311
1.391
1.477
1.569
1.662
1.849
1.938
2.021
2.097
2.161
2.214
2.255
2.304
2.306
2.289
2.263
2.228
2.181
2.053
1.977
1.894
1.807
1.717
1.627
1.538
1.37
1.295
1.229
1.175
1.131
1.099
1.077
1.071
1.091
1.122
1.164
1.22
1.287
1.364
1.538
1.631
1.725
1.817
1.909
1.994
2.072
2.198
2.243
2.276
2.298
2.309
2.295
2.273
2.196
2.141
2.076
2.001
1.92
1.834
1.655
1.566
1.478
1.395
1.318
1.249
1.191
1.108
1.083
1.067
1.067
1.085
1.112
1.15
1.266
1.34
1.423
1.512
1.604
1.698
1.792
1.97
2.051
2.122
2.183
2.231
2.268
2.293
2.301
2.28
2.251
2.211
2.16
2.097
1.946
1.861
1.773
1.683
1.593
1.505
1.42
1.27
1.208
1.156
1.118
1.089
1.07
1.063
1.102
1.136
1.184
1.244
1.315
1.395
1.481
1.666
1.76
1.852
1.941
2.025
2.1
2.217
2.257
2.285
2.304
2.305
2.288
2.262
2.177
2.118
2.049
1.971
1.888
1.801
1.621
1.532
1.447
1.366
1.292
1.227
1.172
1.097
1.076
1.063
1.073
1.094
1.125
1.168
1.293
1.37
1.456
1.546
1.64
1.734
1.917
2.002
2.08
2.147
2.203
2.247
2.278
2.308
2.294
2.27
2.237
2.193
2.137
1.996
1.914
1.828
1.739
1.649
1.559
1.472
1.313
1.245
1.187
1.14
1.105
1.081
1.068
1.086
1.114
1.153
1.205
1.269
1.344
1.515
1.607
1.702
1.795
1.886
1.973
2.054
2.185
2.234
2.269
2.294
2.308
2.299
2.249
2.208
2.156
2.092
2.02
1.94
1.855
1.677
1.587
1.499
1.415
1.337
1.266
1.154
1.116
1.088
1.07
1.064
1.08
1.105
1.188
1.249
1.321
1.401
1.489
1.581
1.675
1.861
1.949
2.032
2.106
2.17
2.221
2.287
2.306
2.304
2.286
2.26
2.222
2.113
2.044
1.966
1.883
1.795
1.705
1.615
1.441
1.36
1.286
1.222
1.168
1.126
1.074
1.062
1.074
1.095
1.127
1.171
1.228
1.374
1.46
1.55
1.643
1.736
1.83
1.919
2.082
2.149
2.205
2.248
2.279
2.3
2.292
2.269
2.235
2.19
2.134
2.067
1.991
1.823
1.733
1.643
1.554
1.467
1.385
1.242
1.184
1.138
1.104
1.08
1.064
1.069
1.117
1.157
1.209
1.274
1.35
1.433
1.522
1.709
1.803
1.894
1.981
2.06
2.131
2.237
2.271
2.295
2.308
2.298
2.277
2.247
2.152
2.089
2.016
1.936
1.85
1.762
1.582
1.494
1.411
1.332
1.262
1.201
1.113
1.086
1.068
1.064
1.08
1.106
1.142
1.252
1.324
1.405
1.493
1.585
1.678
1.772
1.952
2.034
2.108
2.172
2.223
2.261
2.306
2.303
2.285
2.257
2.22
2.17
2.11
1.961
1.877
1.789
1.699
1.61
1.521
1.356
1.283
1.22
1.166
1.124
1.094
1.073
1.075
1.097
1.13
1.175
1.233
1.301
1.38
1.557
1.651
1.745
1.838
1.928
2.012
2.154
2.209
2.251
2.282
2.302
2.307
2.291
2.232
2.186
2.129
2.062
1.986
1.904
1.728
1.637
1.548
1.461
1.38
1.304
1.237
1.136
1.102
1.078
1.064
1.069
1.089
1.118
1.213
1.278
1.354
1.438
1.527
1.62
1.808
1.984
2.064
2.134
2.239
2.273
2.296
2.308
2.297
2.276
2.245
2.148
2.084
2.01
1.93
1.844
1.755
1.575
1.488
1.404
1.327
1.257
1.198
1.149
1.085
1.067
1.064
1.082
1.108
1.145
1.194
1.328
1.409
1.497
1.589
1.683
1.778
1.958
2.039
2.112
2.175
2.225
2.263
2.29
2.303
2.284
2.256
2.218
2.168
2.107
1.958
1.874
1.786
1.696
1.606
1.517
1.432
1.28
1.217
1.164
1.123
1.093
1.072
1.075
1.098
1.132
1.178
1.236
1.305
1.384
1.561
1.654
1.748
1.841
1.93
2.014
2.09
2.211
2.253
2.283
2.303
2.307
2.29
2.231
2.184
2.127
2.059
1.982
1.9
1.723
1.633
1.543
1.457
1.375
1.3
1.234
1.134
1.101
1.078
1.063
1.07
1.09
1.12
1.217
1.282
1.358
1.443
1.532
1.625
1.72
1.904
1.99
2.069
2.138
2.196
2.241
2.275
2.309
2.296
2.274
2.243
2.2
2.145
2.081
1.926
1.841
1.752
1.661
1.571
1.484
1.324
1.254
1.195
1.147
1.11
1.084
1.066
1.082
1.109
1.147
1.198
1.261
1.334
1.415
1.596
1.69
1.784
1.875
1.963
2.044
2.116
2.228
2.265
2.291
2.308
2.301
2.282
2.254
2.164
2.103
2.031
1.953
1.868
1.78
1.599
1.511
1.426
1.347
1.275
1.213
1.161
1.091
1.071
1.062
1.076
1.099
1.133
1.179
1.308
1.387
1.472
1.564
1.658
1.752
1.845
2.018
2.094
2.159
2.213
2.254
2.284
2.303
2.29
2.264
2.229
2.182
2.125
2.056
1.898
1.811
1.721
1.631
1.542
1.455
1.373
1.233
1.178
1.133
1.101
1.077
1.063
1.07
1.121
1.164
1.22
1.286
1.363
1.447
1.63
1.724
1.817
1.908
1.993
2.071
2.14
2.243
2.276
2.298
2.309
2.296
2.273
2.197
2.143
2.077
2.003
1.922
1.836
1.747
1.567
1.479
1.396
1.319
1.251
1.192
1.109
1.084
1.066
1.066
1.084
1.111
1.15
1.264
1.338
1.419
1.507
1.6
1.694
1.788
1.967
2.048
2.12
2.181
2.23
2.267
2.308
2.301
2.281
2.252
2.212
2.161
2.027
1.948
1.864
1.775
1.685
1.596
1.507
1.343
1.272
1.21
1.159
1.119
1.091
1.071
1.077
1.101
1.136
1.183
1.243
1.313
1.48
1.57
1.664
1.759
1.851
1.94
2.023
2.162
2.216
2.256
2.285
2.304
2.306
2.262
2.226
2.179
2.12
2.052
1.974
1.892
1.714
1.623
1.535
1.448
1.367
1.293
1.173
1.131
1.099
1.077
1.063
1.071
1.092
1.166
1.222
1.289
1.366
1.45
1.54
1.633
1.821
1.911
1.997
2.075
2.143
2.2
2.277
2.299
2.309
2.295
2.272
2.239
2.195
2.074
2.0
1.919
1.832
1.744
1.653
1.477
1.394
1.316
1.248
1.19
1.143
1.108
1.066
1.066
1.084
1.112
1.151
1.202
1.266
1.424
1.512
1.604
1.698
1.792
1.884
2.051
2.122
2.183
2.231
2.268
2.293
2.308
2.28
2.251
2.211
2.159
2.097
2.025
1.861
1.773
1.682
1.593
1.504
1.419
1.269
1.208
1.157
1.118
1.09
1.071
1.063
1.102
1.137
1.184
1.244
1.315
1.395
1.481
1.666
1.761
1.853
1.942
2.025
2.1
2.165
2.258
2.286
2.305
2.305
2.288
2.262
2.177
2.118
2.048
1.971
1.888
1.801
1.622
1.533
1.447
1.366
1.291
1.226
1.172
1.098
1.076
1.063
1.072
1.093
1.124
1.167
1.291
1.369
1.454
1.544
1.637
1.731
1.915
2.0
2.077
2.145
2.202
2.246
2.278
2.309
2.294
2.271
2.238
2.194
2.138
1.998
1.916
1.83
1.741
1.651
1.561
1.474
1.314
1.246
1.188
1.142
1.107
1.082
1.067
1.085
1.113
1.152
1.204
1.268
1.343
1.514
1.606
1.7
1.794
1.885
1.972
2.053
2.185
2.233
2.269
2.294
2.309
2.3
2.25
2.209
2.157
2.094
2.021
1.942
1.769
1.679
1.589
1.501
1.338
1.205
1.155
1.117
1.089
1.07
1.064
1.079
1.139
1.188
1.248
1.32
1.401
1.488
1.673
1.767
1.86
1.948
2.031
2.105
2.169
2.259
2.287
2.306
2.305
2.286
2.26
2.174
2.114
2.045
1.967
1.884
1.796
1.706
1.527
1.441
1.361
1.287
1.222
1.169
1.096
1.075
1.063
1.073
1.094
1.126
1.17
1.295
1.373
1.458
1.548
1.641
1.734
1.828
2.003
2.08
2.148
2.204
2.247
2.279
2.308
2.293
2.27
2.236
2.191
2.135
2.068
1.911
1.825
1.735
1.645
1.556
1.469
1.31
1.243
1.185
1.139
1.105
1.081
1.065
1.087
1.115
1.154
1.207
1.272
1.347
1.43
1.612
1.706
1.8
1.891
1.978
2.058
2.188
2.235
2.27
2.295
2.309
2.299
2.278
2.207
2.155
2.092
2.019
1.939
1.854
1.766
1.586
1.498
1.414
1.335
1.264
1.203
1.115
1.087
1.07
1.064
1.08
1.104
1.14
1.188
1.321
1.401
1.488
1.579
1.673
1.767
1.948
2.031
2.105
2.169
2.221
2.26
2.287
2.304
2.286
2.26
2.222
2.173
2.113
2.043
1.882
1.794
1.705
1.614
1.526
1.441
1.286
1.222
1.168
1.126
1.096
1.075
1.063
1.096
1.128
1.172
1.229
1.298
1.376
1.462
1.646
1.74
1.833
1.923
2.008
2.085
2.207
2.249
2.28
2.301
2.308
2.293
2.269
2.19
2.133
2.066
1.991
1.909
1.822
1.643
1.553
1.467
1.384
1.309
1.241
1.184
1.104
1.08
1.064
1.069
1.088
1.116
1.156
1.274
1.35
1.433
1.522
1.614
1.709
1.893
1.98
2.06
2.13
2.19
2.237
2.271
2.309
2.298
2.277
2.247
2.205
2.152
2.088
1.934
1.849
1.76
1.67
1.58
1.493
1.409
1.261
1.2
1.151
1.113
1.086
1.068
1.065
1.107
1.143
1.192
1.253
1.326
1.407
1.495
1.681
1.775
1.867
1.955
2.037
2.111
2.174
2.262
2.289
2.307
2.303
2.285
2.257
2.17
2.109
2.039
1.961
1.877
1.789
1.699
1.52
1.435
1.355
1.282
1.218
1.165
1.124
1.073
1.063
1.075
1.097
1.13
1.175
1.233
1.38
1.466
1.557
1.65
1.744
1.837
1.926
2.088
2.154
2.209
2.251
2.282
2.302
2.307
2.267
2.232
2.187
2.129
2.061
1.985
1.816
1.726
1.636
1.547
1.46
1.379
1.304
1.18
1.135
1.102
1.079
1.064
1.07
1.09
1.16
1.214
1.28
1.356
1.44
1.529
1.623
1.811
1.901
1.987
2.066
2.135
2.194
2.24
2.297
2.309
2.297
2.275
2.244
2.202
2.148
2.011
1.93
1.844
1.755
1.665
1.575
1.404
1.326
1.257
1.196
1.148
1.111
1.084
1.065
1.082
1.108
1.146
1.195
1.257
1.33
1.5
1.592
1.686
1.779
1.871
1.959
2.041
2.176
2.226
2.264
2.29
2.307
2.302
2.283
2.217
2.166
2.105
2.034
1.955
1.871
1.783
1.603
1.514
1.429
1.35
1.278
1.215
1.121
1.092
1.072
1.063
1.076
1.099
1.132
1.178
1.305
1.384
1.47
1.561
1.655
1.75
1.932
2.015
2.092
2.158
2.212
2.253
2.283
2.307
2.29
2.266
2.231
2.184
2.126
2.059
1.9
1.813
1.724
1.633
1.544
1.458
1.376
1.235
1.178
1.134
1.1
1.077
1.063
1.07
1.12
1.162
1.217
1.282
1.359
1.443
1.533
1.72
1.813
1.903
1.989
2.068
2.137
2.196
2.275
2.298
2.309
2.296
2.274
2.243
2.145
2.08
2.006
1.925
1.839
1.75
1.66
1.483
1.399
1.323
1.254
1.195
1.147
1.109
1.066
1.066
1.083
1.11
1.148
1.199
1.261
1.416
1.505
1.596
1.691
1.785
1.877
1.964
2.118
2.18
2.229
2.266
2.292
2.308
2.301
2.254
2.214
2.164
2.102
2.03
1.952
1.779
1.689
1.599
1.511
1.426
1.347
1.275
1.16
1.12
1.09
1.071
1.063
1.076
1.1
1.181
1.24
1.31
1.389
1.476
1.566
1.66
1.847
2.019
2.095
2.16
2.255
2.284
2.304
2.306
2.289
2.264
2.228
2.123
2.054
1.977
1.894
1.807
1.717
1.626
1.451
1.37
1.296
1.231
1.176
1.132
1.099
1.062
1.07
1.091
1.122
1.164
1.219
1.285
1.446
1.536
1.629
1.724
1.817
1.908
2.072
2.141
2.198
2.243
2.276
2.298
2.309
2.273
2.241
2.198
2.144
2.078
2.004
1.923
1.748
1.658
1.568
1.481
1.398
1.321
1.252
1.145
1.109
1.083
1.066
1.066
1.083
1.111
1.201
1.264
1.338
1.42
1.508
1.601
1.695
1.88
1.967
2.048
2.12
2.181
2.23
2.267
2.308
2.301
2.281
2.252
2.212
2.161
2.027
1.948
1.863
1.775
1.684
1.594
1.506
1.343
1.271
1.209
1.159
1.119
1.09
1.07
1.077
1.102
1.137
1.184
1.244
1.314
1.394
1.572
1.666
1.76
1.853
1.942
2.025
2.164
2.217
2.257
2.286
2.305
2.305
2.262
2.226
2.178
2.119
2.05
1.973
1.89
1.714
1.623
1.534
1.448
1.367
1.293
1.173
1.13
1.098
1.076
1.062
1.071
1.093
1.167
1.223
1.291
1.368
1.452
1.542
1.636
1.823
1.913
1.998
2.076
2.144
2.201
2.278
2.299
2.308
2.294
2.271
2.238
2.194
2.073
1.998
1.917
1.831
1.741
1.651
1.474
1.391
1.315
1.247
1.189
1.142
1.107
1.065
1.066
1.085
1.112
1.152
1.203
1.267
1.423
1.511
1.604
1.698
1.792
1.883
2.052
2.123
2.184
2.232
2.268
2.294
2.309
2.28
2.251
2.211
2.159
2.096
2.024
1.86
1.772
1.682
1.592
1.504
1.419
1.34
1.207
1.157
1.118
1.089
1.07
1.063
1.078
1.138
1.186
1.246
1.318
1.398
1.484
1.576
1.764
1.856
1.945
2.027
2.102
2.166
2.218
2.287
2.305
2.305
2.287
2.261
2.224
2.176
2.047
1.97
1.887
1.799
1.709
1.619
1.443
1.363
1.289
1.225
1.171
1.128
1.097
1.062
1.072
1.093
1.125
1.169
1.225
1.292
1.454
1.544
1.638
1.732
1.825
1.916
2.001
2.146
2.203
2.246
2.278
2.3
2.309
2.294
2.237
2.193
2.137
2.071
1.997
1.915
1.829
1.649
1.56
1.473
1.389
1.313
1.245
1.142
1.106
1.082
1.065
1.067
1.085
1.113
1.153
1.27
1.345
1.428
1.516
1.608
1.703
1.888
1.975
2.055
2.125
2.186
2.234
2.269
2.309
2.299
2.279
2.249
2.209
2.157
2.093
1.942
1.857
1.768
1.678
1.588
1.499
1.415
1.266
1.205
1.154
1.116
1.089
1.07
1.063
1.103
1.139
1.187
1.248
1.319
1.399
1.486
1.671
1.765
1.858
1.946
2.029
2.104
2.168
2.259
2.287
2.306
2.305
2.287
2.26
2.174
2.114
2.045
1.968
1.884
1.797
1.707
1.528
1.443
1.361
1.288
1.223
1.17
1.127
1.075
1.063
1.073
1.095
1.127
1.172
1.229
1.376
1.462
1.552
1.645
1.74
1.833
1.923
2.084
2.151
2.206
2.249
2.281
2.301
2.308
2.269
2.235
2.19
2.133
2.066
1.991
1.823
1.733
1.643
1.553
1.466
1.384
1.308
1.184
1.138
1.104
1.081
1.065
1.068
1.087
1.155
1.209
1.273
1.349
1.431
1.52
1.613
1.801
1.892
1.979
2.059
2.13
2.189
2.236
2.295
2.309
2.299
2.278
2.248
2.206
2.153
2.016
1.936
1.851
1.762
1.672
1.583
1.411
1.332
1.262
1.201
1.152
1.114
1.087
1.064
1.08
1.105
1.142
1.191
1.253
1.325
1.406
1.585
1.679
1.773
1.865
1.954
2.036
2.172
2.223
2.262
2.289
2.307
2.304
2.285
2.22
2.171
2.111
2.04
1.963
1.879
1.791
1.611
1.522
1.436
1.356
1.283
1.219
1.166
1.094
1.074
1.063
1.075
1.097
1.129
1.174
1.301
1.38
1.465
1.556
1.649
1.742
1.836
2.01
2.087
2.153
2.208
2.251
2.282
2.308
2.292
2.268
2.233
2.187
2.13
2.062
1.904
1.817
1.728
1.549
1.38
1.304
1.237
1.181
1.136
1.103
1.08
1.07
1.089
1.118
1.159
1.213
1.279
1.355
1.529
1.622
1.716
1.809
1.9
1.986
2.065
2.193
2.239
2.273
2.296
2.309
2.298
2.245
2.203
2.149
2.085
2.012
1.931
1.757
1.667
1.577
1.489
1.405
1.328
1.257
1.149
1.112
1.085
1.068
1.065
1.082
1.107
1.194
1.257
1.33
1.411
1.499
1.59
1.778
1.87
1.958
2.04
2.113
2.175
2.226
2.29
2.307
2.303
2.284
2.256
2.217
2.106
2.035
1.956
1.872
1.784
1.694
1.516
1.431
1.351
1.279
1.215
1.163
1.122
1.073
1.063
1.076
1.099
1.132
1.178
1.237
1.386
1.473
1.564
1.657
1.751
1.844
2.017
2.093
2.159
2.212
2.254
2.283
2.303
2.29
2.265
2.23
2.183
2.126
2.058
1.982
1.812
1.722
1.632
1.543
1.457
1.375
1.233
1.177
1.133
1.101
1.078
1.064
1.071
1.091
1.161
1.216
1.283
1.359
1.443
1.532
1.625
1.813
1.903
1.99
2.068
2.138
2.196
2.275
2.298
2.309
2.297
2.275
2.243
2.2
2.08
2.006
1.925
1.839
1.75
1.66
1.571
1.4
1.323
1.254
1.194
1.146
1.11
1.067
1.066
1.084
1.11
1.148
1.199
1.262
1.335
1.506
1.599
1.692
1.786
1.878
1.966
2.119
2.18
2.23
2.266
2.292
2.308
2.302
2.254
2.214
2.163
2.101
2.03
1.951
1.866
1.688
1.599
1.51
1.425
1.346
1.274
1.211
1.119
1.091
1.071
1.063
1.077
1.101
1.135
1.24
1.31
1.39
1.477
1.568
1.661
1.847
1.936
2.02
2.095
2.161
2.214
2.255
2.304
2.306
2.289
2.264
2.228
2.181
2.053
1.977
1.894
1.806
1.717
1.627
1.537
1.37
1.296
1.23
1.175
1.131
1.099
1.063
1.072
1.092
1.122
1.164
1.219
1.286
1.448
1.538
1.631
1.725
1.819
1.909
1.994
2.141
2.199
2.244
2.276
2.298
2.309
2.273
2.241
2.198
2.143
2.078
2.004
1.922
1.747
1.657
1.568
1.481
1.397
1.32
1.192
1.144
1.108
1.083
1.066
1.066
1.084
1.15
1.201
1.264
1.338
1.42
1.509
1.601
1.789
1.88
1.967
2.048
2.121
2.182
2.267
2.292
2.308
2.301
2.281
2.252
2.212
2.099
2.026
1.947
1.862
1.774
1.684
1.506
1.421
1.343
1.271
1.209
1.158
1.118
1.07
1.063
1.078
1.102
1.137
1.184
1.243
1.395
1.481
1.573
1.667
1.761
1.854
2.026
2.1
2.165
2.218
2.258
2.286
2.305
2.288
2.262
2.226
2.178
2.119
2.051
1.89
1.803
1.713
1.623
1.534
1.448
1.293
1.228
1.173
1.129
1.097
1.076
1.063
1.093
1.125
1.168
1.223
1.291
1.368
1.453
1.636
1.73
1.824
1.913
1.999
2.077
2.202
2.246
2.278
2.3
2.309
2.294
2.271
2.194
2.139
2.072
1.997
1.916
1.829
1.649
1.56
1.473
1.391
1.315
1.247
1.189
1.106
1.081
1.065
1.067
1.086
1.113
1.153
1.267
1.342
1.424
1.513
1.606
1.7
1.886
1.973
2.053
2.124
2.185
2.233
2.269
2.309
2.3
2.28
2.251
2.21
2.158
2.024
1.944
1.859
1.771
1.681
1.591
1.502
1.34
1.268
1.207
1.156
1.117
1.088
1.063
1.078
1.103
1.139
1.187
1.247
1.317
1.484
1.576
1.67
1.764
1.856
1.945
2.027
2.166
2.219
2.259
2.287
2.305
2.305
2.261
2.224
2.176
2.117
2.047
1.97
1.799
1.709
1.618
1.529
1.444
1.363
1.289
1.171
1.128
1.096
1.075
1.063
1.073
1.094
1.17
1.226
1.293
1.371
1.456
1.547
1.734
1.828
1.918
2.003
2.08
2.148
2.204
2.279
2.3
2.308
2.294
2.271
2.237
2.137
2.071
1.996
1.914
1.828
1.739
1.648
1.472
1.389
1.313
1.245
1.187
1.141
1.081
1.064
1.067
1.086
1.115
1.155
1.208
1.348
1.431
1.52
1.613
1.706
1.978
2.057
2.128
2.188
2.235
2.271
2.309
2.299
2.278
2.248
2.207
2.154
2.018
1.938
1.852
1.764
1.673
1.583
1.496
1.334
1.263
1.203
1.153
1.115
1.087
1.063
1.079
1.105
1.142
1.19
1.251
1.323
1.49
1.582
1.676
1.77
1.863
1.951
2.033
2.171
2.222
2.261
2.289
2.306
2.304
2.259
2.221
2.172
2.112
2.042
1.965
1.881
1.704
1.613
1.525
1.439
1.359
1.286
1.168
1.126
1.095
1.074
1.062
1.074
1.096
1.173
1.231
1.299
1.378
1.463
1.553
1.647
1.834
1.924
2.008
2.085
2.152
2.207
2.281
2.302
2.308
2.292
2.268
2.234
2.132
2.065
1.989
1.907
1.82
1.731
1.64
1.464
1.382
1.306
1.239
1.183
1.138
1.104
1.064
1.069
1.088
1.118
1.159
1.212
1.277
1.436
1.525
1.618
1.712
1.806
1.897
1.984
2.133
2.192
2.238
2.273
2.297
2.309
2.277
2.246
2.204
2.15
2.086
2.013
1.932
1.759
1.669
1.579
1.491
1.407
1.329
1.259
1.151
1.113
1.086
1.068
1.064
1.081
1.108
1.195
1.258
1.33
1.412
1.499
1.591
1.685
1.871
1.959
2.04
2.113
2.175
2.226
2.29
2.307
2.303
2.284
2.256
2.217
2.167
2.035
1.957
1.873
1.785
1.694
1.604
1.515
1.351
1.278
1.215
1.163
1.123
1.093
1.073
1.075
1.098
1.133
1.179
1.237
1.306
1.385
1.561
1.655
1.749
1.842
1.932
2.016
2.092
2.212
2.253
2.283
2.304
2.307
2.291
2.23
2.184
2.126
2.058
1.982
1.899
1.813
1.633
1.544
1.457
1.375
1.3
1.234
1.134
1.101
1.078
1.063
1.07
1.09
1.12
1.217
1.284
1.36
1.444
1.534
1.627
1.721
1.905
1.991
2.069
2.138
2.196
2.242
2.298
2.309
2.296
2.274
2.243
2.2
2.145
2.007
1.926
1.84
1.751
1.661
1.571
1.4
1.322
1.253
1.194
1.146
1.11
1.085
1.065
1.083
1.109
1.148
1.199
1.262
1.335
1.505
1.597
1.691
1.785
1.877
1.964
2.118
2.18
2.229
2.266
2.292
2.308
2.282
2.253
2.214
2.163
2.101
2.03
1.951
1.779
1.689
1.599
1.511
1.426
1.346
1.212
1.161
1.121
1.092
1.072
1.063
1.077
1.135
1.182
1.242
1.313
1.393
1.48
1.571
1.758
1.851
1.94
2.023
2.098
2.163
2.256
2.285
2.304
2.306
2.289
2.263
2.227
2.121
2.052
1.975
1.892
1.805
1.715
1.536
1.45
1.368
1.294
1.229
1.174
1.131
1.077
1.063
1.072
1.092
1.122
1.165
1.221
1.364
1.449
1.538
1.631
1.725
1.819
1.995
2.073
2.142
2.199
2.244
2.277
2.299
2.296
2.273
2.24
2.196
2.141
2.075
1.92
1.834
1.745
1.655
1.566
1.478
1.395
1.25
1.191
1.144
1.108
1.083
1.067
1.067
1.111
1.15
1.202
1.265
1.339
1.422
1.603
1.696
1.79
1.882
1.969
2.05
2.122
2.231
2.268
2.293
2.309
2.301
2.281
2.212
2.161
2.099
2.027
1.948
1.863
1.684
1.595
1.506
1.421
1.342
1.27
1.209
1.118
1.09
1.071
1.064
1.078
1.101
1.136
1.244
1.314
1.394
1.481
1.572
1.665
1.759
1.941
2.024
2.099
2.164
2.217
2.257
2.305
2.306
2.289
2.262
2.226
2.178
2.05
1.973
1.89
1.802
1.712
1.623
1.534
1.367
1.292
1.227
1.172
1.13
1.098
1.064
1.073
1.094
1.124
1.168
1.224
1.293
1.455
1.546
1.639
1.733
1.826
1.916
2.001
2.146
2.203
2.247
2.279
2.3
2.309
2.271
2.238
2.194
2.138
2.073
1.997
1.916
1.741
1.65
1.561
1.473
1.391
1.314
1.188
1.141
1.106
1.082
1.066
1.068
1.086
1.152
1.205
1.269
1.343
1.426
1.514
1.607
1.794
1.886
1.973
2.053
2.125
2.185
2.269
2.294
2.308
2.3
2.28
2.25
2.157
2.094
2.021
1.942
1.857
1.769
1.679
1.501
1.338
1.267
1.205
1.117
1.089
1.07
1.065
1.08
1.104
1.14
1.249
1.321
1.401
1.489
1.58
1.674
1.768
1.949
2.032
2.106
2.169
2.221
2.26
2.306
2.304
2.287
2.26
2.223
2.174
2.114
1.967
1.884
1.796
1.706
1.616
1.527
1.361
1.287
1.222
1.169
1.127
1.096
1.075
1.074
1.095
1.127
1.171
1.227
1.296
1.374
1.549
1.642
1.736
1.829
1.92
2.004
2.149
2.205
2.249
2.28
2.301
2.309
2.293
2.236
2.19
2.134
2.067
1.992
1.91
1.734
1.644
1.554
1.468
1.386
1.31
1.242
1.139
1.105
1.081
1.065
1.069
1.088
1.156
1.209
1.274
1.349
1.433
1.522
1.615
1.802
1.894
1.98
2.06
2.131
2.19
2.237
2.295
2.309
2.299
2.278
2.247
2.206
2.09
2.017
1.937
1.852
1.763
1.673
1.583
1.411
1.333
1.262
1.201
1.152
1.114
1.087
1.064
1.081
1.106
1.142
1.191
1.252
1.324
1.493
1.584
1.678
1.772
1.864
1.952
2.034
2.172
2.223
2.262
2.289
2.307
2.304
2.285
2.221
2.171
2.111
2.04
1.962
1.878
1.7
1.61
1.522
1.436
1.357
1.283
1.22
1.124
1.094
1.074
1.063
1.075
1.097
1.13
1.232
1.301
1.38
1.466
1.557
1.651
1.745
1.927
2.011
2.088
2.154
2.209
2.252
2.282
2.308
2.292
2.268
2.233
2.187
2.13
2.063
1.905
1.818
1.729
1.639
1.55
1.463
1.305
1.238
1.181
1.136
1.102
1.079
1.064
1.089
1.118
1.159
1.212
1.278
1.354
1.438
1.62
1.713
1.807
1.898
1.984
2.063
2.133
2.239
2.273
2.296
2.309
2.298
2.276
2.203
2.15
2.085
2.012
1.931
1.845
1.756
1.577
1.489
1.406
1.328
1.259
1.199
1.112
1.085
1.068
1.065
1.082
1.109
1.146
1.257
1.33
1.412
1.5
1.592
1.686
1.781
1.96
2.042
2.115
2.177
2.227
2.265
2.307
2.302
2.284
2.256
2.217
2.167
2.036
1.958
1.873
1.785
1.695
1.605
1.517
1.352
1.279
1.216
1.163
1.122
1.093
1.072
1.076
1.099
1.132
1.178
1.236
1.305
1.471
1.562
1.655
1.749
1.842
1.931
2.015
2.157
2.211
2.253
2.283
2.303
2.307
2.266
2.231
2.184
2.127
2.058
1.982
1.899
1.722
1.632
1.543
1.457
1.375
1.301
1.179
1.134
1.1
1.078
1.063
1.071
1.091
1.163
1.217
1.283
1.36
1.444
1.534
1.627
1.815
1.906
1.991
2.07
2.139
2.197
2.276
2.298
2.309
2.296
2.274
2.243
2.145
2.08
2.006
1.926
1.84
1.751
1.661
1.484
1.4
1.323
1.254
1.195
1.147
1.11
1.067
1.065
1.083
1.11
1.148
1.199
1.334
1.416
1.504
1.597
1.69
1.784
1.876
2.044
2.117
2.179
2.228
2.266
2.292
2.302
2.282
2.254
2.215
2.164
2.102
2.031
1.867
1.779
1.688
1.598
1.51
1.426
1.275
1.212
1.161
1.121
1.091
1.071
1.063
1.1
1.134
1.181
1.239
1.309
1.388
1.475
1.66
1.754
1.847
1.936
2.019
2.095
2.214
2.255
2.284
2.304
2.307
2.29
2.265
2.182
2.124
2.055
1.979
1.897
1.809
1.63
1.54
1.454
1.373
1.298
1.232
1.177
1.1
1.077
1.063
1.071
1.091
1.122
1.22
1.286
1.363
1.448
1.537
1.631
1.725
1.908
1.994
2.072
2.14
2.198
2.244
2.298
2.309
2.296
2.273
2.241
2.198
2.143
2.003
1.922
1.836
1.747
1.656
1.567
1.396
1.319
1.251
1.193
1.145
1.109
1.083
1.066
1.085
1.112
1.151
1.202
1.265
1.338
1.509
1.601
1.696
1.79
1.882
1.969
2.122
2.183
2.232
2.268
2.293
2.308
2.301
2.252
2.212
2.161
2.099
2.027
1.948
1.775
1.685
1.595
1.507
1.422
1.343
1.272
1.159
1.119
1.09
1.071
1.063
1.077
1.136
1.184
1.244
1.315
1.394
1.481
1.572
1.76
1.852
1.941
2.099
2.164
2.257
2.286
2.305
2.306
2.288
2.262
2.178
2.119
2.05
1.973
1.89
1.802
1.713
1.533
1.447
1.366
1.292
1.227
1.173
1.13
1.076
1.062
1.071
1.093
1.124
1.167
1.223
1.367
1.451
1.541
1.634
1.729
1.822
1.913
2.076
2.144
2.201
2.245
2.278
2.3
2.295
2.272
2.239
2.195
2.14
2.074
1.999
1.832
1.743
1.653
1.563
1.476
1.393
1.317
1.19
1.143
1.108
1.083
1.065
1.067
1.085
1.152
1.204
1.268
1.342
1.424
1.513
1.605
1.793
1.885
1.971
2.052
2.123
2.184
2.232
2.294
2.309
2.301
2.28
2.251
2.211
2.097
2.025
1.945
1.86
1.771
1.681
1.591
1.418
1.34
1.268
1.207
1.157
1.118
1.09
1.063
1.078
1.102
1.138
1.186
1.245
1.316
1.482
1.574
1.668
1.762
1.855
1.943
2.101
2.166
2.218
2.258
2.287
2.306
2.306
2.262
2.225
2.177
2.118
2.049
1.971
1.801
1.712
1.622
1.532
1.446
1.365
1.226
1.172
1.13
1.098
1.076
1.063
1.072
1.125
1.169
1.225
1.293
1.37
1.455
1.545
1.733
1.826
1.916
2.001
2.078
2.146
2.247
2.279
2.3
2.309
2.294
2.271
2.238
2.138
2.072
1.997
1.916
1.83
1.74
1.56
1.473
1.39
1.314
1.246
1.188
1.142
1.082
1.065
1.067
1.085
1.113
1.153
1.205
1.343
1.426
1.514
1.607
1.701
1.795
1.973
2.054
2.125
2.186
2.234
2.269
2.294
2.3
2.28
2.25
2.209
2.157
2.094
1.942
1.857
1.769
1.679
1.589
1.501
1.417
1.267
1.206
1.156
1.117
1.089
1.07
1.064
1.103
1.139
1.187
1.248
1.32
1.4
1.487
1.672
1.766
1.859
1.947
2.03
2.104
2.168
2.259
2.288
2.306
2.305
2.287
2.261
2.175
2.115
2.046
1.969
1.885
1.798
1.708
1.528
1.442
1.362
1.288
1.224
1.17
1.128
1.076
1.063
1.073
1.094
1.125
1.17
1.226
1.372
1.457
1.547
1.64
1.734
1.828
1.917
2.08
2.148
2.204
2.248
2.279
2.301
2.294
2.271
2.237
2.192
2.135
2.069
1.994
1.826
1.737
1.647
1.558
1.471
1.388
1.312
1.186
1.141
1.106
1.082
1.066
1.068
1.086
1.155
1.207
1.272
1.347
1.43
1.519
1.611
1.799
1.89
1.977
2.057
2.128
2.187
2.235
2.295
2.309
2.3
2.279
2.249
2.208
2.093
2.02
1.94
1.855
1.767
1.676
1.586
1.414
1.335
1.264
1.204
1.154
1.116
1.088
1.065
1.08
1.104
1.141
1.189
1.25
1.322
1.49
1.581
1.674
1.769
1.861
1.95
2.032
2.17
2.221
2.261
2.288
2.307
2.305
2.286
2.222
2.172
2.112
2.042
1.965
1.881
1.794
1.614
1.525
1.44
1.359
1.285
1.221
1.126
1.096
1.075
1.064
1.074
1.096
1.128
1.173
1.299
1.377
1.463
1.554
1.647
1.741
1.834
2.008
2.085
2.152
2.207
2.25
2.281
2.308
2.293
2.269
2.235
2.19
2.133
2.067
1.909
1.822
1.733
1.643
1.553
1.466
1.384
1.24
1.184
1.138
1.104
1.08
1.065
1.069
1.117
1.157
1.21
1.276
1.351
1.434
1.524
1.71
1.804
1.895
1.981
2.061
2.131
2.191
2.272
2.296
2.309
2.298
2.277
2.247
2.151
2.087
2.014
1.934
1.849
1.76
1.67
1.493
1.409
1.331
1.261
1.2
1.151
1.114
1.069
1.065
1.082
1.107
1.143
1.193
1.255
1.409
1.497
1.589
1.683
1.776
1.868
1.957
2.112
2.174
2.225
2.263
2.29
2.307
2.285
2.257
2.219
2.169
2.109
2.039
1.96
1.788
1.699
1.609
1.52
1.435
1.354
1.281
1.165
1.124
1.094
1.074
1.064
1.076
1.097
1.175
1.234
1.303
1.382
1.467
1.558
1.651
1.838
1.928
2.012
2.088
2.155
2.21
2.252
2.303
2.308
2.292
2.267
2.233
2.186
2.061
1.985
1.902
1.815
1.726
1.636
1.547
1.304
1.237
1.18
1.135
1.079
1.064
1.071
1.09
1.119
1.161
1.215
1.357
1.441
1.531
1.624
1.718
1.811
1.902
2.067
2.137
2.195
2.241
2.274
2.297
2.298
2.276
2.244
2.202
2.148
2.084
2.01
1.844
1.755
1.665
1.575
1.487
1.403
1.256
1.196
1.148
1.111
1.085
1.068
1.066
1.109
1.146
1.196
1.259
1.332
1.414
1.501
1.686
1.78
1.872
1.96
2.042
2.115
2.227
2.265
2.291
2.308
2.302
2.283
2.256
2.166
2.104
2.033
1.954
1.87
1.782
1.602
1.514
1.429
1.349
1.277
1.214
1.162
1.092
1.072
1.064
1.077
1.1
1.134
1.238
1.309
1.388
1.475
1.566
1.66
1.754
1.935
2.019
2.094
2.16
2.214
2.255
2.284
2.307
2.29
2.265
2.229
2.183
2.125
2.057
1.897
1.81
1.721
1.631
1.542
1.455
1.298
1.232
1.177
1.132
1.1
1.077
1.063
1.091
1.122
1.163
1.218
1.285
1.361
1.446
1.628
1.722
1.815
1.906
1.992
2.071
2.14
2.243
2.276
2.298
2.309
2.296
2.274
2.242
2.144
2.079
2.004
1.924
1.838
1.748
1.569
1.481
1.398
1.322
1.253
1.193
1.145
1.084
1.067
1.067
1.084
1.111
1.149
1.199
1.336
1.418
1.506
1.599
1.693
1.787
1.879
2.047
2.119
2.181
2.23
2.267
2.292
2.308
2.282
2.254
2.214
2.163
2.102
2.03
1.952
1.779
1.689
1.599
1.511
1.426
1.346
1.212
1.16
1.12
1.091
1.071
1.063
1.077
1.135
1.182
1.241
1.311
1.391
1.477
1.568
1.756
1.849
1.937
2.021
2.096
2.162
2.256
2.285
2.304
2.306
2.289
2.264
2.228
2.122
2.053
1.976
1.893
1.806
1.716
1.537
1.451
1.37
1.296
1.23
1.175
1.131
1.076
1.063
1.073
1.093
1.124
1.167
1.222
1.366
1.451
1.54
1.634
1.728
1.822
1.997
2.075
2.144
2.201
2.246
2.278
2.3
2.295
2.273
2.24
2.197
2.141
2.076
1.92
1.834
1.745
1.655
1.565
1.478
1.318
1.249
1.191
1.143
1.108
1.082
1.066
1.085
1.113
1.152
1.203
1.266
1.34
1.423
1.604
1.697
1.791
1.883
1.97
2.05
2.183
2.232
2.268
2.293
2.309
2.301
2.281
2.211
2.16
2.097
2.025
1.946
1.861
1.682
1.592
1.504
1.42
1.341
1.27
1.208
1.118
1.089
1.07
1.063
1.078
1.102
1.137
1.244
1.315
1.395
1.482
1.573
1.667
1.853
1.943
2.026
2.1
2.165
2.218
2.258
2.305
2.306
2.288
2.262
2.226
2.178
2.05
1.974
1.89
1.803
1.713
1.623
1.534
1.367
1.293
1.228
1.173
1.13
1.098
1.063
1.072
1.093
1.125
1.168
1.224
1.292
1.454
1.544
1.637
1.731
1.825
1.914
1.999
2.145
2.202
2.246
2.278
2.3
2.309
2.271
2.238
2.194
2.139
2.073
1.998
1.916
1.74
1.65
1.56
1.473
1.391
1.315
1.189
1.142
1.107
1.082
1.065
1.067
1.086
1.154
1.206
1.27
1.344
1.427
1.516
1.608
1.797
1.888
1.975
2.055
2.127
2.187
2.27
2.295
2.309
2.3
2.279
2.25
2.157
2.094
2.022
1.942
1.857
1.769
1.679
1.501
1.416
1.338
1.267
1.206
1.155
1.088
1.069
1.064
1.08
1.104
1.141
1.19
1.322
1.403
1.49
1.582
1.676
1.77
1.862
2.033
2.106
2.17
2.222
2.261
2.288
2.304
2.286
2.259
2.222
2.173
2.113
1.965
1.881
1.793
1.703
1.613
1.524
1.439
1.285
1.221
1.168
1.127
1.095
1.074
1.062
1.096
1.128
1.172
1.23
1.298
1.376
1.46
1.645
1.739
1.833
1.923
2.007
2.084
2.207
2.25
2.281
2.302
2.309
2.293
2.235
2.19
2.134
2.067
1.991
1.91
1.823
1.644
1.554
1.467
1.385
1.309
1.242
1.139
1.105
1.08
1.064
1.068
1.088
1.116
1.211
1.276
1.351
1.434
1.524
1.616
1.711
1.895
1.981
2.131
2.19
2.272
2.296
2.309
2.298
2.277
2.247
2.205
2.088
2.016
1.935
1.85
1.761
1.671
1.492
1.409
1.331
1.261
1.201
1.151
1.114
1.068
1.064
1.081
1.106
1.144
1.193
1.254
1.407
1.494
1.586
1.68
1.774
1.867
2.037
2.111
2.173
2.224
2.263
2.29
2.307
2.285
2.258
2.22
2.17
2.109
2.039
1.877
1.79
1.7
1.61
1.521
1.435
1.355
1.219
1.166
1.125
1.094
1.074
1.063
1.097
1.13
1.176
1.234
1.303
1.382
1.468
1.652
1.746
1.839
1.928
2.012
2.088
2.155
2.252
2.282
2.303
2.308
2.292
2.267
2.187
2.129
2.062
1.986
1.904
1.817
1.637
1.547
1.461
1.379
1.304
1.237
1.181
1.103
1.079
1.064
1.07
1.089
1.119
1.161
1.281
1.356
1.44
1.529
1.622
1.716
1.81
1.987
2.067
2.136
2.194
2.24
2.274
2.297
2.298
2.276
2.244
2.202
2.148
2.083
2.01
1.844
1.755
1.665
1.576
1.488
1.404
1.257
1.197
1.149
1.112
1.086
1.068
1.065
1.108
1.146
1.196
1.258
1.331
1.413
1.501
1.687
1.781
1.873
1.961
2.042
2.115
2.177
2.265
2.291
2.308
2.303
2.283
2.256
2.217
2.106
2.035
1.956
1.872
1.784
1.694
1.515
1.43
1.35
1.278
1.215
1.163
1.122
1.073
1.063
1.076
1.098
1.132
1.178
1.237
1.385
1.471
1.562
1.655
1.75
1.843
1.932
2.092
2.158
2.212
2.254
2.284
2.304
2.308
2.266
2.231
2.184
2.126
2.058
1.981
1.812
1.723
1.633
1.544
1.457
1.376
1.3
1.178
1.134
1.101
1.079
1.064
1.07
1.12
1.162
1.217
1.283
1.36
1.444
1.534
1.721
1.814
1.905
1.991
2.069
2.138
2.196
2.275
2.298
2.31
2.297
2.275
2.243
2.146
2.081
2.008
1.927
1.841
1.752
1.662
1.484
1.401
1.323
1.254
1.195
1.147
1.085
1.068
1.066
1.083
1.109
1.147
1.198
1.334
1.415
1.503
1.595
1.688
1.783
1.962
2.044
2.117
2.179
2.228
2.265
2.291
2.303
2.283
2.255
2.215
2.165
2.103
1.953
1.869
1.78
1.691
1.6
1.512
1.427
1.275
1.213
1.161
1.121
1.092
1.073
1.077
1.099
1.133
1.18
1.239
1.309
1.389
1.566
1.66
1.754
1.847
1.936
2.019
2.095
2.214
2.255
2.285
2.304
2.307
2.29
2.229
2.183
2.124
2.056
1.98
1.897
1.721
1.63
1.541
1.455
1.373
1.298
1.232
1.133
1.1
1.078
1.064
1.071
1.091
1.121
1.219
1.286
1.362
1.446
1.536
1.628
1.816
1.907
1.993
2.071
2.14
2.198
2.243
2.299
2.309
2.296
2.274
2.242
2.198
2.078
2.004
1.923
1.837
1.748
1.658
1.568
1.398
1.321
1.252
1.193
1.146
1.11
1.067
1.067
1.084
1.111
1.149
1.201
1.264
1.421
1.51
1.602
1.696
1.79
1.881
1.969
2.121
2.182
2.231
2.267
2.293
2.309
2.282
2.253
2.213
2.162
2.1
2.028
1.949
1.777
1.687
1.597
1.508
1.424
1.344
1.21
1.159
1.119
1.091
1.072
1.064
1.078
1.136
1.183
1.243
1.313
1.393
1.48
1.57
1.758
1.85
1.94
2.023
2.098
2.163
2.257
2.286
2.305
2.307
2.289
2.263
2.227
2.12
2.051
1.974
1.891
1.803
1.714
1.535
1.45
1.368
1.294
1.228
1.174
1.099
1.077
1.064
1.073
1.094
1.124
1.167
1.291
1.368
1.453
1.544
1.637
1.731
1.824
2.0
2.078
2.145
2.202
2.246
2.278
2.309
2.295
2.272
2.239
2.196
2.14
2.074
1.918
1.832
1.743
1.653
1.563
1.476
1.316
1.248
1.189
1.142
1.107
1.082
1.066
1.086
1.113
1.152
1.204
1.268
1.343
1.425
1.606
1.7
1.793
1.885
1.972
2.052
2.185
2.233
2.269
2.294
2.309
2.301
2.28
2.21
2.158
2.095
2.023
1.943
1.859
1.68
1.59
1.502
1.418
1.339
1.156
1.117
1.089
1.07
1.064
1.08
1.139
1.187
1.247
1.319
1.4
1.487
1.578
1.767
1.859
1.947
2.03
2.104
2.168
2.259
2.287
2.306
2.305
2.288
2.261
2.224
2.116
2.047
1.97
1.886
1.799
1.709
1.53
1.444
1.363
1.289
1.225
1.17
1.127
1.075
1.063
1.074
1.095
1.127
1.17
1.227
1.373
1.458
1.548
1.641
1.735
1.828
2.003
2.081
2.148
2.204
2.248
2.279
2.301
2.294
2.271
2.237
2.193
2.136
2.069
1.912
1.825
1.736
1.646
1.557
1.47
1.388
1.244
1.186
1.14
1.105
1.081
1.065
1.088
1.116
1.156
1.208
1.273
1.348
1.432
1.614
1.708
1.802
1.893
1.979
2.059
2.13
2.237
2.271
2.295
2.309
2.299
2.279
2.207
2.154
2.091
2.019
1.939
1.853
1.765
1.585
1.497
1.413
1.334
1.264
1.203
1.153
1.087
1.069
1.064
1.08
1.106
1.142
1.19
1.323
1.404
1.491
1.583
1.676
1.77
1.862
2.033
2.107
2.171
2.222
2.261
2.289
2.307
2.286
2.259
2.221
2.172
2.112
2.042
1.88
1.792
1.702
1.612
1.523
1.438
1.358
1.221
1.168
1.125
1.095
1.074
1.063
1.075
1.13
1.174
1.232
1.3
1.379
1.464
1.555
1.744
1.837
1.926
2.01
2.087
2.154
2.209
2.282
2.302
2.308
2.292
2.268
2.234
2.132
2.064
1.989
1.907
1.82
1.731
1.64
1.465
1.382
1.307
1.24
1.183
1.137
1.103
1.064
1.069
1.089
1.118
1.159
1.212
1.277
1.436
1.525
1.618
1.712
1.805
1.896
1.982
2.133
2.192
2.238
2.273
2.296
2.309
2.277
2.246
2.204
2.151
2.087
2.014
1.933
1.758
1.668
1.578
1.491
1.407
1.329
1.2
1.151
1.113
1.086
1.068
1.065
1.082
1.145
1.195
1.256
1.328
1.41
1.498
1.59
1.778
1.87
1.958
2.04
2.113
2.176
2.264
2.291
2.308
2.303
2.284
2.257
2.168
2.107
2.037
1.959
1.875
1.787
1.697
1.518
1.433
1.353
1.28
1.217
1.164
1.093
1.073
1.063
1.075
1.098
1.132
1.177
1.305
1.383
1.469
1.56
1.654
1.748
1.841
2.014
2.089
2.156
2.211
2.253
2.283
2.308
2.291
2.267
2.232
2.185
2.128
2.06
1.901
1.814
1.724
1.634
1.545
1.459
1.302
1.236
1.18
1.135
1.102
1.078
1.063
1.09
1.12
1.162
1.216
1.282
1.358
1.441
1.624
1.719
1.813
1.904
1.989
2.068
2.196
2.242
2.275
2.298
2.31
2.297
2.275
2.201
2.147
2.083
2.009
1.929
1.843
1.664
1.574
1.487
1.403
1.326
1.256
1.148
1.111
1.085
1.067
1.065
1.083
1.109
1.198
1.261
1.334
1.415
1.504
1.596
1.69
1.875
1.963
2.044
2.116
2.179
2.228
2.292
2.308
2.302
2.283
2.255
2.216
2.165
2.032
1.954
1.869
1.781
1.69
1.6
1.427
1.347
1.276
1.213
1.162
1.121
1.092
1.063
1.076
1.1
1.134
1.181
1.239
1.309
1.474
1.565
1.659
1.754
1.847
1.936
2.095
2.16
2.214
2.255
