1.214
1.28
1.357
1.44
1.622
1.716
1.81
1.901
1.987
2.066
2.136
2.241
2.275
2.298
2.311
2.299
2.278
2.204
2.151
2.086
2.012
1.932
1.847
1.757
1.578
1.491
1.407
1.329
1.259
1.199
1.114
1.087
1.069
1.067
1.084
1.11
1.147
1.26
1.333
1.415
1.503
1.595
1.689
1.783
1.963
2.045
2.117
2.179
2.229
2.266
2.31
2.304
2.285
2.257
2.218
2.168
2.107
1.958
1.873
1.785
1.695
1.605
1.516
1.351
1.279
1.216
1.163
1.123
1.094
1.074
1.078
1.1
1.133
1.179
1.238
1.308
1.387
1.564
1.657
1.751
1.844
1.933
2.018
2.16
2.214
2.255
2.285
2.305
2.309
2.292
2.232
2.185
2.127
2.059
1.983
1.9
1.723
1.633
1.544
1.458
1.376
1.301
1.235
1.135
1.102
1.08
1.065
1.073
1.093
1.165
1.22
1.286
1.363
1.448
1.538
1.631
1.818
1.909
1.994
2.073
2.142
2.199
2.277
2.3
2.311
2.298
2.276
2.244
2.201
2.082
2.007
1.927
1.841
1.751
1.661
1.484
1.4
1.323
1.254
1.195
1.147
1.111
1.068
1.067
1.085
1.111
1.149
1.2
1.263
1.419
1.507
1.598
1.692
1.786
1.877
2.047
2.119
2.181
2.23
2.268
2.293
2.31
2.284
2.256
2.216
2.165
2.103
2.032
1.868
1.78
1.69
1.6
1.511
1.427
1.276
1.213
1.161
1.121
1.092
1.073
1.064
1.102
1.136
1.182
1.241
1.312
1.391
1.478
1.663
1.757
1.85
1.939
2.022
2.098
2.216
2.257
2.286
2.306
2.308
2.292
2.266
2.184
2.125
2.057
1.98
1.898
1.811
1.63
1.541
1.455
1.374
1.299
1.232
1.177
1.101
1.078
1.064
1.073
1.093
1.124
1.166
1.288
1.365
1.45
1.539
1.633
1.727
1.91
1.996
2.074
2.143
2.2
2.245
2.278
2.31
2.298
2.275
2.243
2.199
2.144
2.004
1.923
1.836
1.747
1.657
1.568
1.481
1.321
1.252
1.193
1.145
1.109
1.084
1.068
1.086
1.113
1.151
1.202
1.265
1.339
1.51
1.602
1.697
1.791
1.882
1.969
2.05
2.184
2.232
2.269
2.294
2.31
2.303
2.255
2.215
2.163
2.101
2.03
1.951
1.778
1.688
1.598
1.51
1.425
1.346
1.274
1.16
1.12
1.091
1.072
1.064
1.079
1.103
1.185
1.244
1.315
1.395
1.482
1.573
1.76
1.853
1.942
2.025
2.1
2.165
2.218
2.287
2.307
2.307
2.29
2.264
2.228
2.121
2.052
1.892
1.804
1.715
1.535
1.45
1.369
1.295
1.23
1.175
1.099
1.077
1.064
1.074
1.095
1.126
1.169
1.292
1.37
1.454
1.544
1.638
1.732
1.826
2.001
2.079
2.147
2.204
2.248
2.28
2.31
2.296
2.274
2.241
2.197
2.141
2.075
1.919
1.833
1.744
1.654
1.564
1.477
1.317
1.249
1.191
1.144
1.108
1.083
1.067
1.087
1.115
1.154
1.206
1.27
1.344
1.515
1.607
1.702
1.795
1.886
1.973
2.054
2.186
2.234
2.27
2.295
2.311
2.302
2.252
2.212
2.16
2.098
2.025
1.945
1.86
1.681
1.591
1.503
1.419
1.34
1.27
1.157
1.118
1.09
1.071
1.064
1.08
1.104
1.187
1.247
1.318
1.398
1.485
1.577
1.671
1.858
1.946
2.029
2.104
2.168
2.22
2.26
2.307
2.307
2.289
2.263
2.227
2.179
2.05
1.973
1.89
1.803
1.713
1.622
1.533
1.367
1.293
1.228
1.173
1.13
1.098
1.076
1.074
1.095
1.127
1.172
1.228
1.296
1.373
1.548
1.642
1.736
1.829
1.919
2.004
2.081
2.205
2.249
2.281
2.302
2.31
2.295
2.272
2.194
2.138
2.072
1.997
1.915
1.829
1.649
1.559
1.472
1.39
1.314
1.246
1.188
1.107
1.082
1.066
1.069
1.088
1.116
1.156
1.273
1.348
1.431
1.52
1.613
1.707
1.801
1.979
2.059
2.13
2.19
2.237
2.273
2.297
2.301
2.28
2.25
2.21
2.157
2.094
1.942
1.857
1.768
1.678
1.588
1.5
1.416
1.267
1.206
1.156
1.117
1.089
1.07
1.065
1.106
1.142
1.191
1.252
1.323
1.404
1.491
1.677
1.771
1.863
1.951
2.033
2.107
2.223
2.262
2.29
2.308
2.306
2.288
2.223
2.175
2.115
2.045
1.967
1.883
1.795
1.615
1.526
1.441
1.36
1.287
1.223
1.128
1.097
1.075
1.063
1.074
1.097
1.129
1.23
1.298
1.376
1.461
1.551
1.645
1.739
1.923
2.008
2.085
2.152
2.208
2.25
2.303
2.31
2.295
2.271
2.238
2.192
2.136
1.994
1.912
1.826
1.737
1.646
1.557
1.387
1.311
1.244
1.187
1.141
1.106
1.082
1.069
1.089
1.118
1.158
1.211
1.277
1.352
1.523
1.616
1.71
1.804
1.895
1.982
2.132
2.191
2.238
2.274
2.297
2.311
2.301
2.249
2.208
2.155
2.091
2.018
1.938
1.764
1.673
1.583
1.495
1.412
1.333
1.263
1.154
1.116
1.088
1.07
1.065
1.081
1.143
1.192
1.253
1.325
1.406
1.493
1.584
1.772
1.865
1.954
2.036
2.11
2.173
2.263
2.291
2.309
2.306
2.288
2.261
2.223
2.113
2.044
1.966
1.882
1.795
1.705
1.526
1.44
1.359
1.286
1.222
1.169
1.127
1.075
1.064
1.075
1.098
1.13
1.175
1.233
1.381
1.466
1.557
1.65
1.744
1.838
2.011
2.087
2.154
2.209
2.252
2.283
2.304
2.294
2.27
2.235
2.19
2.133
2.066
1.909
1.822
1.732
1.642
1.552
1.465
1.383
1.241
1.184
1.139
1.105
1.081
1.065
1.089
1.118
1.159
1.212
1.278
1.353
1.436
1.617
1.712
1.806
1.897
1.984
2.063
2.193
2.24
2.274
2.298
2.311
2.301
2.279
2.207
2.153
2.09
2.016
1.936
1.851
1.673
1.583
1.495
1.411
1.332
1.262
1.202
1.115
1.088
1.07
1.065
1.082
1.108
1.145
1.256
1.329
1.41
1.498
1.589
1.683
1.87
1.958
2.039
2.113
2.175
2.226
2.264
2.309
2.305
2.286
2.259
2.221
2.171
2.04
1.962
1.878
1.79
1.7
1.61
1.521
1.355
1.283
1.219
1.166
1.125
1.096
1.064
1.076
1.098
1.131
1.177
1.234
1.303
1.467
1.558
1.651
1.745
1.838
1.928
2.013
2.156
2.211
2.253
2.284
2.304
2.31
2.269
2.235
2.189
2.131
2.064
1.988
1.906
1.73
1.64
1.551
1.464
1.382
1.306
1.183
1.138
1.104
1.081
1.066
1.071
1.09
1.161
1.215
1.281
1.356
1.53
1.717
1.81
1.901
1.987
2.066
2.136
2.241
2.275
2.299
2.311
2.3
2.278
2.205
2.152
2.087
2.014
1.934
1.848
1.76
1.579
1.491
1.407
1.33
1.26
1.2
1.151
1.087
1.07
1.067
1.083
1.109
1.146
1.259
1.331
1.412
1.5
1.592
1.685
1.779
1.96
2.041
2.115
2.177
2.227
2.265
2.31
2.305
2.286
2.258
2.219
2.169
2.108
1.959
1.875
1.787
1.697
1.607
1.519
1.353
1.28
1.217
1.165
1.124
1.094
1.074
1.077
1.1
1.133
1.18
1.238
1.309
1.388
1.565
1.659
1.753
1.846
1.935
2.019
2.16
2.214
2.255
2.285
2.305
2.309
2.292
2.232
2.186
2.129
2.06
1.984
1.901
1.725
1.635
1.545
1.459
1.377
1.302
1.235
1.135
1.102
1.08
1.065
1.072
1.091
1.121
1.218
1.284
1.36
1.444
1.534
1.626
1.72
1.905
1.991
2.07
2.139
2.198
2.243
2.276
2.311
2.299
2.277
2.245
2.202
2.148
2.009
1.928
1.842
1.753
1.663
1.574
1.486
1.325
1.256
1.196
1.148
1.112
1.086
1.069
1.085
1.11
1.148
1.199
1.262
1.335
1.417
1.598
1.691
1.785
1.877
1.965
2.046
2.119
2.23
2.267
2.293
2.31
2.304
2.285
2.256
2.167
2.106
2.034
1.956
1.871
1.783
1.603
1.515
1.43
1.35
1.277
1.214
1.163
1.093
1.073
1.065
1.078
1.101
1.135
1.181
1.31
1.39
1.476
1.567
1.66
1.754
1.847
2.02
2.096
2.161
2.215
2.256
2.286
2.305
2.292
2.267
2.231
2.184
2.125
2.057
1.897
1.81
1.721
1.63
1.542
1.456
1.374
1.233
1.178
1.134
1.101
1.079
1.065
1.094
1.124
1.166
1.221
1.288
1.365
1.45
1.633
1.727
1.821
1.911
1.997
2.075
2.143
2.245
2.279
2.301
2.311
2.298
2.275
2.2
2.145
2.08
2.006
1.924
1.838
1.749
1.57
1.482
1.399
1.322
1.253
1.193
1.11
1.085
1.068
1.068
1.086
1.113
1.151
1.265
1.339
1.422
1.51
1.601
1.696
1.789
1.969
2.05
2.122
2.183
2.232
2.269
2.31
2.303
2.283
2.255
2.215
2.163
2.029
1.95
1.865
1.777
1.687
1.596
1.508
1.345
1.274
1.211
1.16
1.12
1.092
1.065
1.08
1.104
1.138
1.185
1.245
1.316
1.483
1.575
1.669
1.763
1.856
1.944
2.027
2.167
2.219
2.259
2.288
2.307
2.308
2.265
2.228
2.18
2.121
2.053
1.976
1.892
1.715
1.625
1.537
1.45
1.369
1.294
1.174
1.131
1.099
1.077
1.064
1.074
1.095
1.169
1.224
1.292
1.37
1.455
1.544
1.637
1.824
1.915
2.0
2.078
2.146
2.203
2.28
2.301
2.31
2.296
2.274
2.241
2.197
2.075
2.0
1.919
1.832
1.743
1.653
1.476
1.394
1.317
1.249
1.191
1.144
1.108
1.067
1.069
1.087
1.115
1.153
1.205
1.343
1.426
1.514
1.607
1.702
1.795
1.887
2.054
2.126
2.187
2.235
2.271
2.296
2.302
2.282
2.253
2.213
2.161
2.099
2.027
1.862
1.774
1.684
1.594
1.506
1.421
1.271
1.209
1.158
1.119
1.091
1.072
1.065
1.105
1.14
1.188
1.247
1.319
1.399
1.487
1.672
1.765
1.858
1.946
2.029
2.104
2.221
2.261
2.289
2.307
2.307
2.289
2.263
2.178
2.118
2.049
1.971
1.887
1.8
1.62
1.531
1.445
1.365
1.291
1.226
1.173
1.097
1.076
1.064
1.075
1.096
1.128
1.227
1.295
1.373
1.458
1.549
1.642
1.737
1.92
2.005
2.082
2.15
2.206
2.25
2.281
2.31
2.296
2.272
2.239
2.194
2.139
1.997
1.916
1.829
1.74
1.649
1.56
1.39
1.314
1.247
1.189
1.142
1.107
1.082
1.069
1.088
1.117
1.157
1.209
1.274
1.348
1.52
1.613
1.707
1.8
1.892
1.978
2.129
2.189
2.237
2.272
2.297
2.311
2.301
2.251
2.21
2.157
2.094
2.021
1.941
1.676
1.587
1.499
1.415
1.337
1.205
1.155
1.116
1.089
1.07
1.065
1.107
1.143
1.192
1.253
1.324
1.405
1.493
1.679
1.773
1.865
1.953
2.036
2.109
2.173
2.263
2.291
2.308
2.306
2.288
2.261
2.174
2.114
2.044
1.967
1.883
1.796
1.705
1.526
1.441
1.36
1.287
1.223
1.169
1.096
1.075
1.064
1.076
1.098
1.131
1.176
1.302
1.381
1.466
1.557
1.65
1.745
1.838
2.011
2.088
2.154
2.21
2.252
2.283
2.31
2.294
2.27
2.235
2.19
2.133
1.99
1.908
1.82
1.731
1.64
1.551
1.465
1.307
1.241
1.184
1.139
1.104
1.08
1.07
1.09
1.119
1.16
1.214
1.28
1.355
1.528
1.621
1.715
1.809
1.9
1.986
2.065
2.194
2.241
2.275
2.298
2.311
2.3
2.278
2.205
2.152
2.088
2.015
1.935
1.849
1.67
1.58
1.493
1.409
1.331
1.261
1.201
1.115
1.087
1.069
1.065
1.082
1.108
1.146
1.257
1.33
1.411
1.499
1.591
1.685
1.779
1.958
2.04
2.113
2.176
2.227
2.265
2.292
2.305
2.286
2.258
2.22
2.17
2.109
2.039
1.876
1.788
1.698
1.608
1.519
1.434
1.282
1.219
1.166
1.125
1.095
1.074
1.064
1.076
1.133
1.178
1.236
1.305
1.384
1.469
1.56
1.748
1.842
1.931
2.015
2.092
2.158
2.254
2.285
2.305
2.31
2.293
2.268
2.234
2.13
2.062
1.986
1.904
1.817
1.728
1.638
1.462
1.38
1.305
1.238
1.182
1.137
1.104
1.065
1.071
1.091
1.121
1.162
1.217
1.359
1.442
1.532
1.625
1.719
1.813
1.903
2.068
2.138
2.196
2.242
2.276
2.299
2.299
2.277
2.246
2.203
2.15
2.085
2.011
1.845
1.756
1.665
1.575
1.488
1.404
1.257
1.198
1.15
1.113
1.087
1.069
1.066
1.109
1.147
1.197
1.259
1.332
1.413
1.501
1.687
1.781
1.874
1.961
2.043
2.116
2.228
2.266
2.293
2.31
2.305
2.286
2.257
2.168
2.107
2.037
1.958
1.874
1.787
1.606
1.518
1.432
1.352
1.28
1.217
1.165
1.094
1.074
1.064
1.077
1.1
1.134
1.239
1.309
1.388
1.474
1.565
1.659
1.753
1.935
2.019
2.094
2.16
2.214
2.256
2.286
2.309
2.292
2.267
2.232
2.185
2.127
1.983
1.901
1.814
1.724
1.633
1.544
1.376
1.301
1.235
1.179
1.135
1.103
1.079
1.071
1.091
1.121
1.164
1.218
1.284
1.361
1.533
1.627
1.721
1.814
1.905
1.992
2.139
2.198
2.243
2.277
2.3
2.311
2.299
2.245
2.202
2.148
2.083
2.009
1.929
1.754
1.664
1.574
1.487
1.403
1.326
1.256
1.149
1.112
1.086
1.069
1.067
1.084
1.11
1.199
1.262
1.336
1.418
1.506
1.598
1.786
1.878
1.965
2.046
2.119
2.181
2.23
2.294
2.31
2.304
2.284
2.256
2.217
2.105
2.034
1.955
1.871
1.783
1.692
1.602
1.428
1.349
1.277
1.214
1.163
1.123
1.074
1.064
1.078
1.101
1.135
1.182
1.24
1.39
1.476
1.566
1.66
1.754
1.847
2.021
2.096
2.162
2.215
2.256
2.286
2.306
2.292
2.267
2.231
2.184
2.125
2.057
1.898
1.811
1.721
1.631
1.542
1.456
1.374
1.233
1.178
1.134
1.102
1.079
1.065
1.072
1.123
1.165
1.22
1.288
1.364
1.449
1.631
1.725
1.819
1.91
1.995
2.073
2.142
2.245
2.278
2.301
2.311
2.298
2.276
2.201
2.146
2.081
2.007
1.926
1.839
1.751
1.57
1.483
1.4
1.322
1.253
1.194
1.111
1.085
1.069
1.068
1.085
1.111
1.15
1.264
1.338
1.42
1.508
1.6
1.694
1.788
1.967
2.048
2.121
2.182
2.232
2.268
2.31
2.304
2.284
2.255
2.215
2.164
2.03
1.952
1.867
1.779
1.689
1.599
1.511
1.347
1.274
1.212
1.161
1.121
1.092
1.073
1.079
1.102
1.137
1.185
1.245
1.316
1.396
1.574
1.762
1.854
1.943
2.101
2.166
2.218
2.259
2.287
2.307
2.29
2.265
2.229
2.181
2.122
2.054
1.976
1.806
1.717
1.626
1.537
1.451
1.37
1.229
1.175
1.132
1.1
1.078
1.065
1.074
1.124
1.167
1.223
1.291
1.368
1.452
1.542
1.729
1.822
1.913
1.998
2.077
2.145
2.247
2.279
2.301
2.311
2.297
2.274
2.242
2.142
2.076
2.002
1.92
1.834
1.745
1.566
1.479
1.396
1.319
1.25
1.192
1.145
1.084
1.068
1.069
1.086
1.113
1.152
1.204
1.342
1.425
1.514
1.606
1.7
1.794
1.973
2.053
2.125
2.185
2.234
2.27
2.295
2.303
2.283
2.253
2.214
2.162
2.1
1.949
1.864
1.775
1.685
1.595
1.507
1.343
1.271
1.209
1.159
1.119
1.091
1.072
1.08
1.104
1.139
1.186
1.246
1.318
1.398
1.484
1.669
1.763
1.855
1.945
2.027
2.102
2.22
2.26
2.288
2.307
2.308
2.29
2.264
2.179
2.119
2.05
1.973
1.889
1.802
1.712
1.533
1.448
1.367
1.293
1.227
1.173
1.13
1.078
1.065
1.075
1.096
1.127
1.17
1.227
1.373
1.458
1.549
1.642
1.736
1.829
1.919
2.082
2.149
2.205
2.249
2.281
2.302
2.296
2.273
2.24
2.195
2.139
2.073
1.998
1.83
1.741
1.651
1.562
1.474
1.391
1.315
1.189
1.142
1.107
1.083
1.067
1.07
1.088
1.155
1.207
1.272
1.347
1.43
1.518
1.61
1.798
1.89
1.976
2.057
2.128
2.188
2.272
2.296
2.311
2.302
2.281
2.251
2.211
2.095
2.022
1.942
1.858
1.769
1.679
1.501
1.417
1.338
1.268
1.206
1.156
1.117
1.071
1.066
1.082
1.106
1.142
1.19
1.251
1.403
1.491
1.583
1.677
1.771
1.863
2.033
2.108
2.171
2.223
2.262
2.29
2.308
2.289
2.262
2.225
2.176
2.117
2.047
1.886
1.798
1.708
1.618
1.529
1.444
1.289
1.224
1.17
1.128
1.097
1.076
1.064
1.098
1.13
1.174
1.231
1.299
1.378
1.463
1.647
1.741
1.834
1.924
2.008
2.086
2.208
2.251
2.282
2.303
2.31
2.295
2.271
2.192
2.135
2.068
1.992
1.91
1.823
1.644
1.554
1.468
1.386
1.31
1.243
1.186
1.105
1.081
1.066
1.07
1.09
1.118
1.159
1.277
1.352
1.436
1.525
1.618
1.712
1.898
1.983
2.063
2.133
2.193
2.24
2.274
2.31
2.301
2.28
2.249
2.207
2.154
2.018
1.938
1.852
1.764
1.673
1.584
1.412
1.334
1.264
1.203
1.153
1.115
1.088
1.066
1.082
1.108
1.145
1.194
1.255
1.328
1.496
1.588
1.682
1.775
1.868
1.956
2.112
2.175
2.226
2.264
2.291
2.309
2.305
2.259
2.221
2.172
2.111
2.041
1.962
1.79
1.7
1.61
1.522
1.436
1.356
1.284
1.167
1.126
1.095
1.075
1.064
1.077
1.099
1.178
1.235
1.304
1.383
1.469
1.559
1.748
1.841
1.931
2.015
2.091
2.157
2.212
2.284
2.304
2.31
2.294
2.269
2.235
2.131
2.064
1.988
1.906
1.819
1.73
1.55
1.463
1.382
1.306
1.239
1.183
1.137
1.08
1.065
1.071
1.091
1.12
1.161
1.215
1.356
1.44
1.529
1.622
1.716
1.81
1.901
2.066
2.136
2.195
2.241
2.275
2.299
2.3
2.278
2.247
2.205
2.151
2.087
1.932
1.846
1.757
1.667
1.577
1.49
1.406
1.259
1.199
1.151
1.113
1.086
1.069
1.066
1.109
1.147
1.196
1.258
1.331
1.412
1.592
1.686
1.781
1.872
1.96
2.042
2.115
2.228
2.266
2.292
2.309
2.305
2.286
2.22
2.17
2.109
2.039
1.96
1.876
1.788
1.608
1.52
1.434
1.355
1.282
1.219
1.124
1.094
1.074
1.064
1.077
1.1
1.134
1.238
1.308
1.386
1.473
1.564
1.657
1.751
1.933
2.017
2.093
2.159
2.214
2.255
2.305
2.309
2.293
2.268
2.232
2.186
2.061
1.984
1.901
1.814
1.724
1.459
1.377
1.302
1.236
1.18
1.136
1.103
1.064
1.072
1.092
1.122
1.164
1.219
1.361
1.445
1.535
1.628
1.722
1.816
1.907
2.071
2.14
2.198
2.244
2.277
2.3
2.298
2.276
2.244
2.202
2.148
2.083
2.009
1.843
1.754
1.664
1.574
1.486
1.403
1.256
1.197
1.149
1.112
1.086
1.068
1.067
1.111
1.149
1.2
1.263
1.336
1.418
1.506
1.692
1.786
1.878
1.965
2.046
2.119
2.23
2.268
2.294
2.31
2.304
2.284
2.256
2.166
2.104
2.033
1.954
1.869
1.781
1.601
1.512
1.427
1.348
1.276
1.214
1.163
1.093
1.073
1.064
1.078
1.101
1.136
1.241
1.31
1.389
1.475
1.567
1.661
1.755
1.937
2.021
2.097
2.162
2.216
2.257
2.286
2.309
2.292
2.267
2.231
2.184
2.126
1.982
1.899
1.812
1.722
1.632
1.543
1.456
1.3
1.234
1.179
1.135
1.102
1.079
1.064
1.093
1.123
1.166
1.222
1.288
1.365
1.449
1.632
1.726
1.82
1.91
1.995
2.073
2.142
2.245
2.278
2.3
2.311
2.298
2.275
2.244
2.145
2.08
2.006
1.925
1.838
1.749
1.569
1.481
1.399
1.322
1.253
1.194
1.147
1.085
1.068
1.067
1.085
1.112
1.151
1.202
1.338
1.42
1.508
1.6
1.694
1.788
1.88
2.048
2.121
2.182
2.232
2.268
2.294
2.31
2.284
2.255
2.216
2.165
2.103
2.031
1.868
1.78
1.69
1.6
1.511
1.427
1.347
1.213
1.162
1.122
1.093
1.073
1.064
1.078
1.137
1.184
1.244
1.314
1.394
1.48
1.571
1.759
1.852
1.94
2.023
2.099
2.164
2.258
2.287
2.306
2.308
2.291
2.265
2.229
2.124
2.055
1.978
1.895
1.808
1.718
1.538
1.452
1.371
1.297
1.231
1.176
1.133
1.078
1.064
1.072
1.093
1.124
1.167
1.223
1.366
1.451
1.54
1.633
1.728
1.821
1.997
2.076
2.144
2.202
2.246
2.279
2.301
2.298
2.275
2.242
2.199
2.144
2.078
1.923
1.837
1.748
1.658
1.568
1.481
1.321
1.252
1.193
1.146
1.11
1.085
1.068
1.085
1.113
1.152
1.203
1.267
1.342
1.424
1.604
1.698
1.793
1.884
1.971
2.052
2.124
2.233
2.27
2.295
2.31
2.303
2.283
2.214
2.163
2.1
2.028
1.949
1.865
1.686
1.595
1.507
1.422
1.343
1.272
1.21
1.12
1.092
1.073
1.065
1.079
1.103
1.138
1.246
1.317
1.396
1.483
1.574
1.667
1.855
1.943
2.027
2.102
2.166
2.219
2.259
2.307
2.308
2.291
2.264
2.228
2.18
2.052
1.975
1.891
1.804
1.715
1.624
1.535
1.368
1.294
1.229
1.175
1.132
1.1
1.078
1.074
1.094
1.126
1.17
1.226
1.294
1.371
1.547
1.64
1.734
1.827
1.917
2.003
2.08
2.204
2.248
2.28
2.302
2.311
2.296
2.273
2.196
2.141
2.075
2.0
1.919
1.832
1.653
1.563
1.475
1.393
1.316
1.248
1.19
1.108
1.084
1.067
1.069
1.087
1.115
1.154
1.207
1.346
1.428
1.517
1.608
1.703
1.797
1.975
2.056
2.127
2.188
2.235
2.271
2.296
2.302
2.282
2.252
2.211
2.159
2.096
2.023
1.859
1.77
1.681
1.591
1.503
1.418
1.268
1.207
1.157
1.118
1.091
1.072
1.066
1.081
1.141
1.19
1.251
1.323
1.403
1.491
1.583
1.77
1.863
1.951
2.033
2.107
2.171
2.262
2.289
2.308
2.307
2.289
2.262
2.225
2.116
2.047
1.97
1.886
1.798
1.709
1.618
1.444
1.363
1.288
1.224
1.171
1.128
1.098
1.065
1.075
1.096
1.128
1.172
1.229
1.298
1.461
1.551
1.644
1.738
1.832
1.922
2.084
2.151
2.207
2.25
2.282
2.303
2.31
2.272
2.238
2.193
2.136
2.07
1.994
1.913
1.737
1.646
1.558
1.471
1.388
1.312
1.244
1.141
1.106
1.082
1.067
1.07
1.088
1.117
1.209
1.275
1.35
1.433
1.523
1.615
1.894
1.98
2.061
2.131
2.19
2.273
2.297
2.311
2.301
2.281
2.25
2.21
2.094
2.021
1.941
1.856
1.768
1.678
1.499
1.415
1.337
1.266
1.205
1.155
1.117
1.071
1.066
1.082
1.107
1.143
1.191
1.253
1.406
1.493
1.584
1.678
1.772
1.864
1.953
2.109
2.173
2.224
2.263
2.29
2.309
2.288
2.261
2.223
2.174
2.113
2.043
1.965
1.793
1.704
1.613
1.525
1.44
1.359
1.286
1.168
1.127
1.097
1.076
1.065
1.076
1.098
1.175
1.232
1.302
1.38
1.466
1.557
1.65
1.838
1.927
2.012
2.088
2.155
2.21
2.252
2.304
2.31
2.295
2.27
2.236
2.191
2.067
1.991
1.909
1.823
1.733
1.643
1.553
1.384
1.309
1.241
1.184
1.139
1.105
1.081
1.071
1.09
1.119
1.16
1.213
1.279
1.354
1.526
1.619
1.713
1.807
1.898
1.984
2.134
2.193
2.24
2.274
2.298
2.311
2.3
2.248
2.206
2.153
2.088
2.015
1.934
1.76
1.67
1.58
1.493
1.409
1.331
1.261
1.151
1.114
1.088
1.07
1.067
1.084
1.146
1.195
1.257
1.33
1.412
1.5
1.592
1.78
1.871
1.96
2.041
2.115
2.177
2.265
2.292
2.309
2.305
2.286
2.259
2.22
2.11
2.039
1.961
1.877
1.789
1.699
1.521
1.436
1.355
1.282
1.218
1.165
1.124
1.075
1.064
1.077
1.1
1.133
1.178
1.236
1.384
1.471
1.561
1.654
1.748
1.841
1.93
2.091
2.157
2.212
2.254
2.284
2.304
2.293
2.269
2.234
2.188
2.13
2.062
1.986
1.816
1.727
1.637
1.547
1.461
1.38
1.238
1.181
1.136
1.103
1.08
1.065
1.072
1.121
1.162
1.215
1.282
1.358
1.442
1.531
1.625
1.812
1.903
1.989
2.068
2.138
2.196
2.276
2.299
2.311
2.299
2.278
2.247
2.204
2.086
2.013
1.932
1.847
1.758
1.668
1.578
1.407
1.329
1.259
1.199
1.15
1.113
1.069
1.067
1.084
1.11
1.148
1.198
1.26
1.333
1.503
1.595
1.689
1.783
1.874
1.962
2.117
2.179
2.229
2.267
2.293
2.31
2.304
2.257
2.218
2.168
2.106
2.035
1.956
1.872
1.694
1.604
1.515
1.43
1.351
1.279
1.216
1.123
1.093
1.074
1.065
1.078
1.101
1.135
1.239
1.309
1.388
1.475
1.566
1.66
1.754
1.936
2.02
2.096
2.161
2.215
2.256
2.305
2.309
2.292
2.268
2.232
2.185
2.127
1.983
1.901
1.813
1.724
1.634
1.544
1.458
1.302
1.235
1.179
1.135
1.102
1.079
1.065
1.093
1.123
1.166
1.22
1.287
1.363
1.447
1.63
1.724
1.817
1.908
1.993
2.072
2.141
2.244
2.277
2.3
2.311
2.298
2.276
2.244
2.146
2.081
2.007
1.926
1.84
1.75
1.57
1.483
1.4
1.323
1.254
1.195
1.147
1.085
1.068
1.068
1.086
1.113
1.151
1.202
1.338
1.421
1.509
1.602
1.696
1.79
1.882
2.05
2.122
2.183
2.233
2.269
2.294
2.31
2.284
2.255
2.216
2.164
2.102
2.031
1.952
1.78
1.689
1.599
1.511
1.426
1.347
1.213
1.161
1.121
1.092
1.072
1.065
1.079
1.138
1.185
1.244
1.314
1.394
1.48
1.572
1.76
1.852
1.941
2.024
2.099
2.165
2.217
2.287
2.306
2.308
2.291
2.265
2.229
2.182
2.055
1.977
1.894
1.807
1.717
1.627
1.538
1.37
1.296
1.231
1.176
1.133
1.1
1.078
1.073
1.094
1.125
1.167
1.223
1.289
1.366
1.541
1.634
1.729
1.822
1.913
1.998
2.076
2.202
2.247
2.279
2.301
2.311
2.297
2.242
2.199
2.144
2.078
2.004
1.923
1.837
1.658
1.568
1.481
1.398
1.321
1.253
1.194
1.11
1.085
1.067
1.068
1.086
1.114
1.153
1.268
1.342
1.424
1.513
1.605
1.699
1.793
1.972
2.052
2.124
2.185
2.234
2.27
2.295
2.303
2.282
2.253
2.213
2.162
2.1
1.948
1.863
1.684
1.594
1.506
1.343
1.272
1.21
1.16
1.12
1.091
1.072
1.08
1.105
1.14
1.187
1.247
1.318
1.485
1.576
1.67
1.765
1.858
1.946
2.029
2.168
2.22
2.26
2.289
2.307
2.307
2.263
2.227
2.179
2.12
2.051
1.973
1.89
1.713
1.623
1.534
1.448
1.367
1.293
1.174
1.131
1.099
1.077
1.064
1.074
1.095
1.171
1.227
1.295
1.372
1.457
1.547
1.64
1.828
1.918
2.003
2.08
2.148
2.205
2.28
2.302
2.31
2.296
2.273
2.24
2.195
2.074
1.999
1.917
1.831
1.741
1.651
1.474
1.391
1.315
1.247
1.19
1.143
1.108
1.067
1.069
1.088
1.116
1.156
1.208
1.273
1.43
1.518
1.611
1.705
1.799
1.891
2.058
2.129
2.189
2.237
2.272
2.297
2.311
2.281
2.251
2.21
2.158
2.095
2.023
1.943
1.77
1.68
1.59
1.501
1.417
1.339
1.207
1.157
1.118
1.09
1.071
1.065
1.081
1.106
1.19
1.251
1.323
1.404
1.491
1.582
1.676
1.863
1.951
2.033
2.107
2.171
2.222
2.29
2.308
2.307
2.289
2.262
2.224
2.176
2.046
1.969
1.885
1.797
1.708
1.617
1.442
1.362
1.289
1.224
1.171
1.129
1.098
1.076
1.075
1.096
1.129
1.174
1.23
1.298
1.376
1.551
1.644
1.739
1.832
1.922
2.007
2.152
2.207
2.25
2.282
2.303
2.311
2.295
2.238
2.193
2.136
2.07
1.995
1.913
1.827
1.648
1.558
1.471
1.388
1.312
1.245
1.188
1.107
1.083
1.067
1.07
1.088
1.117
1.157
1.276
1.351
1.434
1.523
1.615
1.709
1.895
1.981
2.06
2.131
2.19
2.238
2.273
2.311
2.301
2.28
2.25
2.209
2.156
2.02
1.94
1.855
1.766
1.676
1.586
1.498
1.335
1.265
1.204
1.155
1.117
1.09
1.066
1.081
1.106
1.143
1.192
1.253
1.325
1.492
1.584
1.678
1.772
1.864
1.953
2.036
2.173
2.224
2.263
2.29
2.309
2.307
2.261
2.223
2.174
2.114
2.044
1.966
1.882
1.705
1.615
1.526
1.441
1.36
1.287
1.17
1.128
1.097
1.076
1.065
1.076
1.097
1.175
1.232
1.301
1.38
1.465
1.555
1.649
1.836
1.926
2.01
2.087
2.154
2.209
2.283
2.304
2.31
2.295
2.271
2.237
2.135
2.068
1.992
1.91
1.824
1.735
1.644
1.467
1.385
1.309
1.242
1.185
1.14
1.082
1.067
1.071
1.089
1.118
1.159
1.212
1.353
1.436
1.525
1.617
1.711
1.805
1.896
2.063
2.133
2.192
2.239
2.274
2.298
2.301
2.28
2.249
2.207
2.154
2.09
1.937
1.852
1.763
1.673
1.583
1.495
1.411
1.263
1.202
1.154
1.116
1.089
1.071
1.067
1.108
1.144
1.194
1.255
1.328
1.409
1.589
1.682
1.776
1.868
1.956
2.039
2.112
2.226
2.264
2.291
2.309
2.306
2.287
2.222
2.173
2.112
2.042
1.964
1.881
1.793
1.613
1.524
1.438
1.358
1.284
1.221
1.127
1.096
1.076
1.065
1.077
1.099
1.131
1.234
1.303
1.382
1.467
1.558
1.651
1.745
1.928
2.012
2.089
2.156
2.211
2.253
2.304
2.31
2.294
2.27
2.235
2.189
2.064
1.988
1.906
1.82
1.73
1.64
1.551
1.383
1.307
1.24
1.184
1.139
1.105
1.081
1.072
1.091
1.12
1.162
1.216
1.282
1.358
1.531
1.625
1.718
1.812
1.903
1.989
2.137
2.196
2.242
2.276
2.299
2.312
2.278
2.247
2.205
2.151
2.087
2.013
1.933
1.759
1.669
1.579
1.491
1.407
1.329
1.199
1.151
1.114
1.087
1.07
1.067
1.084
1.146
1.196
1.258
1.331
1.412
1.5
1.591
1.779
1.871
1.959
2.041
2.114
2.177
2.265
2.292
2.309
2.305
2.286
2.259
2.22
2.108
2.038
1.959
1.875
1.787
1.697
1.519
1.434
1.354
1.282
1.218
1.166
1.125
1.075
1.066
1.078
1.1
1.133
1.179
1.237
1.386
1.473
1.563
1.751
1.933
2.017
2.093
2.159
2.213
2.255
2.285
2.31
2.293
2.268
2.233
2.188
2.13
1.986
1.903
1.817
1.727
1.637
1.547
1.461
1.304
1.237
1.181
1.136
1.103
1.08
1.066
1.092
1.122
1.163
1.217
1.284
1.361
1.444
1.626
1.72
1.814
1.904
1.99
2.069
2.139
2.243
2.277
2.3
2.311
2.299
2.277
2.203
2.148
2.083
2.009
1.928
1.843
1.754
1.574
1.487
1.403
1.326
1.257
1.197
1.149
1.086
1.07
1.068
1.085
1.112
1.149
1.2
1.336
1.418
1.507
1.599
1.693
1.787
1.878
2.047
2.12
2.181
2.23
2.267
2.294
2.31
2.285
2.257
2.217
2.167
2.105
2.034
1.871
1.783
1.693
1.603
1.515
1.43
1.35
1.215
1.163
1.122
1.093
1.073
1.065
1.079
1.136
1.182
1.241
1.311
1.391
1.477
1.568
1.756
1.848
1.937
2.021
2.097
2.162
2.257
2.286
2.306
2.308
2.291
2.266
2.184
2.125
2.056
1.979
1.897
1.809
1.72
1.541
1.455
1.374
1.299
1.233
1.177
1.133
1.079
1.065
1.074
1.094
1.125
1.167
1.289
1.366
1.451
1.541
1.634
1.728
1.822
1.997
2.076
2.144
2.201
2.246
2.279
2.311
2.298
2.275
2.243
2.199
2.145
2.08
1.924
1.838
1.749
1.659
1.569
1.482
1.322
1.253
1.194
1.146
1.11
1.085
1.068
1.086
1.114
1.152
1.203
1.266
1.34
1.422
1.603
1.696
1.79
1.882
1.969
2.05
2.184
2.232
2.269
2.295
2.31
2.303
2.283
2.215
2.163
2.101
2.029
1.95
1.865
1.686
1.596
1.508
1.424
1.345
1.274
1.212
1.121
1.092
1.073
1.065
1.08
1.103
1.138
1.244
1.315
1.395
1.481
1.573
1.667
1.761
1.943
2.026
2.101
2.166
2.219
2.259
2.287
2.308
2.291
2.265
2.229
2.182
2.123
2.054
1.894
1.807
1.718
1.627
1.538
1.452
1.297
1.231
1.176
1.132
1.1
1.078
1.065
1.074
1.126
1.169
1.225
1.292
1.369
1.454
1.544
1.731
1.824
1.914
1.999
2.077
2.146
2.247
2.279
2.301
2.311
2.297
2.274
2.241
2.142
2.076
2.001
1.92
1.833
1.744
1.654
1.477
1.395
1.318
1.25
1.192
1.145
1.109
1.067
1.069
1.088
1.115
1.155
1.207
1.27
1.427
1.516
1.608
1.703
1.797
1.888
1.975
2.127
2.187
2.235
2.271
2.296
2.311
2.282
2.253
2.212
2.16
2.098
2.026
1.946
1.773
1.683
1.593
1.504
1.42
1.342
1.271
1.158
1.119
1.09
1.072
1.065
1.08
1.105
1.188
1.249
1.32
1.4
1.487
1.578
1.672
1.858
1.947
2.029
2.104
2.168
2.221
2.26
2.307
2.307
2.289
2.263
2.226
2.178
2.049
1.972
1.888
1.8
1.71
1.62
1.532
1.365
1.292
1.227
1.173
1.13
1.098
1.076
1.075
1.096
1.128
1.171
1.227
1.295
1.372
1.548
1.641
1.735
1.829
1.919
2.004
2.081
2.205
2.249
2.281
2.302
2.311
2.296
2.273
2.196
2.14
2.073
1.999
1.917
1.831
1.742
1.562
1.475
1.392
1.316
1.248
1.19
1.108
1.083
1.067
1.069
1.088
1.116
1.156
1.209
1.348
1.43
1.52
1.612
1.706
1.8
1.977
2.058
2.129
2.189
2.237
2.272
2.296
2.301
2.281
2.251
2.21
2.158
2.095
2.022
1.857
1.768
1.678
1.588
1.5
1.416
1.338
1.206
1.157
1.118
1.09
1.071
1.065
1.081
1.143
1.191
1.252
1.324
1.404
1.492
1.583
1.771
1.864
1.952
2.035
2.109
2.172
2.263
2.29
2.309
2.307
2.288
2.261
2.224
2.115
2.045
1.968
1.885
1.797
1.707
1.617
1.442
1.362
1.289
1.224
1.171
1.129
1.098
1.064
1.075
1.097
1.13
1.174
1.232
1.3
1.463
1.554
1.647
1.741
1.834
1.924
2.008
2.152
2.208
2.251
2.282
2.303
2.31
2.295
2.237
2.192
2.136
2.069
1.994
1.911
1.645
1.555
1.469
1.386
1.31
1.186
1.141
1.106
1.082
1.066
1.07
1.118
1.158
1.211
1.276
1.351
1.434
1.523
1.709
1.803
1.895
1.982
2.061
2.131
2.191
2.273
2.298
2.311
2.301
2.28
2.25
2.155
2.092
2.019
1.94
1.855
1.766
1.676
1.498
1.414
1.335
1.265
1.205
1.155
1.089
1.07
1.065
1.082
1.107
1.144
1.193
1.326
1.407
1.495
1.586
1.68
1.775
1.866
2.036
2.11
2.173
2.224
2.264
2.291
2.309
2.288
2.261
2.223
2.174
2.113
2.043
1.882
1.794
1.704
1.613
1.524
1.439
1.359
1.222
1.169
1.127
1.097
1.076
1.064
1.076
1.13
1.175
1.232
1.301
1.379
1.464
1.554
1.742
1.835
1.925
2.01
2.087
2.154
2.209
2.283
2.304
2.31
2.295
2.271
2.236
2.134
2.068
1.992
1.91
1.824
1.734
1.555
1.468
1.385
1.31
1.243
1.186
1.141
1.082
1.066
1.07
1.09
1.119
1.16
1.214
1.355
1.439
1.528
1.621
1.715
1.808
1.985
2.065
2.135
2.194
2.24
2.275
2.299
2.3
2.279
2.248
2.206
2.153
2.089
1.936
1.85
1.762
1.671
1.581
1.493
1.409
1.262
1.201
1.153
1.115
1.089
1.07
1.083
1.109
1.146
1.196
1.258
1.33
1.411
1.59
1.685
1.778
1.871
1.959
2.041
2.114
2.227
2.265
2.292
2.31
2.306
2.286
2.22
2.17
2.109
2.039
1.96
1.876
1.789
1.609
1.52
1.435
1.355
1.282
1.219
1.126
1.096
1.075
1.065
1.078
1.1
1.134
1.238
1.309
1.388
1.474
1.565
1.658
1.752
1.935
2.018
2.094
2.16
2.214
2.256
2.285
2.309
2.292
2.268
2.233
2.186
2.129
1.984
1.902
1.815
1.725
1.635
1.546
1.459
1.302
1.236
1.18
1.136
1.103
1.08
1.066
1.091
1.121
1.163
1.218
1.284
1.36
1.444
1.625
1.72
1.813
1.904
1.99
2.069
2.139
2.243
2.277
2.3
2.311
2.299
2.277
2.246
2.148
2.084
2.01
1.929
1.844
1.755
1.575
1.488
1.404
1.326
1.257
1.197
1.15
1.087
1.07
1.067
1.084
1.11
1.148
1.199
1.262
1.417
1.505
1.597
1.691
1.785
1.877
2.045
2.118
2.18
2.229
2.267
2.293
2.31
2.285
2.257
2.218
2.168
2.106
2.036
1.957
1.784
1.695
1.605
1.516
1.431
1.35
1.216
1.164
1.123
1.094
1.075
1.065
1.078
1.101
1.181
1.24
1.31
1.389
1.475
1.566
1.659
1.847
1.936
2.02
2.096
2.161
2.215
2.286
2.306
2.309
2.292
2.267
2.231
2.185
2.058
1.982
1.899
1.812
