1.122
1.208
1.268
1.339
1.418
1.504
1.594
1.687
1.87
1.957
2.038
2.112
2.176
2.229
2.296
2.32
2.318
2.301
2.274
2.237
2.189
2.064
1.987
1.901
1.817
1.729
1.638
1.468
1.385
1.314
1.249
1.195
1.151
1.117
1.078
1.087
1.104
1.134
1.176
1.229
1.293
1.449
1.538
1.629
1.721
1.813
1.904
2.068
2.139
2.198
2.247
2.285
2.307
2.312
2.289
2.259
2.218
2.166
2.1
2.031
1.87
1.781
1.693
1.604
1.517
1.433
1.284
1.223
1.173
1.135
1.106
1.086
1.078
1.115
1.149
1.197
1.253
1.321
1.399
1.483
1.664
1.758
1.846
1.935
2.021
2.097
2.218
2.262
2.293
2.314
2.323
2.307
2.284
2.204
2.149
2.084
2.009
1.759
1.666
1.578
1.492
1.409
1.333
1.267
1.162
1.125
1.099
1.082
1.08
1.098
1.162
1.209
1.27
1.341
1.422
1.508
1.598
1.783
1.875
1.963
2.044
2.116
2.18
2.232
2.302
2.317
2.317
2.298
2.272
2.233
2.125
2.056
1.979
1.896
1.81
1.723
1.546
1.461
1.382
1.311
1.244
1.189
1.147
1.091
1.078
1.088
1.111
1.14
1.184
1.239
1.379
1.463
1.551
1.644
1.736
1.828
1.999
2.079
2.148
2.207
2.252
2.286
2.311
2.311
2.289
2.26
2.217
2.164
2.102
1.949
1.866
1.779
1.689
1.601
1.514
1.432
1.285
1.225
1.173
1.136
1.105
1.086
1.095
1.115
1.149
1.199
1.257
1.324
1.405
1.579
1.671
1.764
1.858
1.946
2.026
2.102
2.223
2.264
2.296
2.314
2.318
2.301
2.274
2.194
2.137
2.069
1.995
1.914
1.829
1.65
1.562
1.477
1.394
1.323
1.257
1.202
1.115
1.095
1.079
1.083
1.102
1.131
1.17
1.286
1.358
1.44
1.527
1.62
1.708
1.804
1.979
2.06
2.131
2.192
2.241
2.28
2.305
2.316
2.294
2.268
2.228
2.178
2.117
1.971
1.888
1.798
1.712
1.622
1.535
1.451
1.301
1.236
1.185
1.142
1.112
1.089
1.077
1.11
1.139
1.183
1.24
1.303
1.38
1.464
1.645
1.737
1.83
1.922
2.003
2.081
2.148
2.253
2.285
2.311
2.319
2.308
2.283
2.254
2.155
2.093
2.018
1.938
1.854
1.766
1.589
1.502
1.42
1.341
1.272
1.216
1.166
1.1
1.083
1.079
1.093
1.119
1.156
1.204
1.335
1.413
1.499
1.589
1.679
1.774
1.864
2.034
2.107
2.173
2.226
2.268
2.298
2.321
2.304
2.28
2.243
2.198
2.142
2.074
1.919
1.832
1.745
1.655
1.567
1.481
1.327
1.259
1.202
1.157
1.122
1.096
1.08
1.102
1.13
1.169
1.22
1.282
1.355
1.437
1.615
1.708
1.8
1.89
1.977
2.057
2.19
2.24
2.281
2.308
2.321
2.314
2.267
2.228
2.177
2.115
2.045
1.968
1.886
1.71
1.621
1.534
1.45
1.374
1.299
1.183
1.139
1.109
1.089
1.077
1.085
1.111
1.185
1.241
1.307
1.384
1.467
1.556
1.647
1.834
1.92
2.004
2.08
2.151
2.208
2.289
2.311
2.322
2.31
2.288
2.256
2.214
2.099
2.022
1.945
1.86
1.772
1.685
1.509
1.428
1.349
1.279
1.219
1.172
1.131
1.084
1.078
1.091
1.114
1.155
1.196
1.259
1.406
1.491
1.581
1.674
1.766
1.857
2.028
2.104
2.168
2.223
2.262
2.298
2.316
2.302
2.277
2.242
2.194
2.137
2.068
1.913
1.826
1.74
1.65
1.562
1.477
1.322
1.253
1.201
1.155
1.119
1.095
1.08
1.101
1.13
1.171
1.224
1.287
1.357
1.439
1.618
1.709
1.804
1.889
1.976
2.058
2.191
2.24
2.277
2.304
2.321
2.316
2.297
2.229
2.18
2.117
2.049
1.971
1.889
1.711
1.625
1.537
1.453
1.374
1.303
1.239
1.144
1.111
1.09
1.077
1.086
1.109
1.185
1.24
1.305
1.382
1.465
1.554
1.645
1.831
1.92
2.004
2.081
2.15
2.208
2.254
2.314
2.323
2.308
2.286
2.253
2.21
2.089
2.017
1.938
1.852
1.766
1.676
1.588
1.419
1.343
1.272
1.213
1.161
1.125
1.083
1.08
1.095
1.121
1.157
1.206
1.265
1.414
1.499
1.59
1.682
1.774
1.864
2.035
2.11
2.174
2.226
2.267
2.299
2.317
2.305
2.279
2.243
2.197
2.14
2.073
1.916
1.831
1.742
1.654
1.566
1.481
1.397
1.259
1.201
1.157
1.121
1.096
1.08
1.083
1.128
1.168
1.218
1.278
1.353
1.435
1.612
1.707
1.798
1.889
1.976
2.055
2.127
2.239
2.277
2.304
2.32
2.317
2.294
2.229
2.178
2.118
2.048
1.97
1.889
1.799
1.623
1.536
1.453
1.372
1.301
1.239
1.141
1.11
1.09
1.078
1.088
1.109
1.143
1.309
1.385
1.468
1.558
1.743
1.833
1.918
2.008
2.084
2.152
2.209
2.288
2.311
2.323
2.308
2.29
2.256
2.214
2.097
2.023
1.944
1.859
1.773
1.685
1.509
1.426
1.349
1.279
1.221
1.17
1.131
1.084
1.079
1.092
1.116
1.153
1.201
1.261
1.407
1.493
1.582
1.676
1.768
1.858
2.03
2.104
2.17
2.223
2.267
2.295
2.32
2.302
2.277
2.243
2.196
2.138
2.072
1.915
1.832
1.742
1.653
1.565
1.479
1.324
1.255
1.204
1.154
1.122
1.095
1.08
1.1
1.128
1.167
1.221
1.279
1.354
1.435
1.614
1.704
1.798
1.888
1.972
2.054
2.188
2.24
2.276
2.303
2.322
2.317
2.3
2.232
2.184
2.126
2.055
1.975
1.896
1.721
1.63
1.543
1.46
1.379
1.306
1.244
1.146
1.113
1.091
1.078
1.088
1.11
1.14
1.233
1.299
1.376
1.459
1.547
1.64
1.732
1.915
1.998
2.077
2.145
2.205
2.252
2.286
2.32
2.31
2.288
2.256
2.214
2.159
2.022
1.943
1.859
1.77
1.682
1.594
1.507
1.346
1.279
1.219
1.172
1.131
1.102
1.084
1.094
1.119
1.153
1.203
1.26
1.33
1.407
1.583
1.674
1.767
1.857
1.944
2.027
2.103
2.223
2.266
2.295
2.317
2.322
2.305
2.28
2.199
2.141
2.076
2.0
1.918
1.836
1.657
1.569
1.484
1.402
1.328
1.26
1.202
1.122
1.097
1.08
1.084
1.099
1.127
1.165
1.277
1.351
1.431
1.518
1.61
1.702
1.794
1.972
2.053
2.125
2.187
2.238
2.276
2.303
2.316
2.294
2.268
2.229
2.178
2.116
1.971
1.887
1.801
1.712
1.623
1.535
1.372
1.3
1.234
1.185
1.142
1.11
1.09
1.09
1.109
1.141
1.185
1.24
1.306
1.382
1.553
1.648
1.736
1.83
1.919
2.001
2.082
2.208
2.253
2.287
2.31
2.322
2.311
2.257
2.214
2.161
2.095
2.024
1.944
1.77
1.681
1.594
1.508
1.425
1.348
1.28
1.171
1.132
1.103
1.084
1.077
1.095
1.115
1.198
1.258
1.329
1.407
1.493
1.583
1.769
1.86
1.947
2.03
2.105
2.17
2.223
2.294
2.317
2.319
2.302
2.277
2.241
2.135
2.069
1.994
1.913
1.826
1.738
1.649
1.476
1.395
1.32
1.258
1.198
1.152
1.095
1.08
1.082
1.102
1.13
1.171
1.223
1.36
1.44
1.527
1.619
1.711
1.804
1.893
2.058
2.131
2.192
2.241
2.279
2.305
2.316
2.296
2.268
2.229
2.178
2.118
2.05
1.886
1.802
1.711
1.623
1.536
1.452
1.301
1.238
1.187
1.143
1.111
1.09
1.078
1.106
1.141
1.185
1.238
1.304
1.381
1.464
1.644
1.736
1.83
1.919
2.002
2.081
2.207
2.253
2.288
2.309
2.323
2.307
2.254
2.211
2.156
2.092
2.019
1.94
1.854
1.678
1.59
1.504
1.424
1.346
1.276
1.168
1.128
1.102
1.084
1.078
1.095
1.121
1.204
1.262
1.334
1.412
1.498
1.589
1.677
1.865
1.953
2.032
2.108
2.173
2.227
2.296
2.317
2.321
2.305
2.278
2.243
2.197
2.075
1.997
1.913
1.833
1.741
1.653
1.478
1.4
1.325
1.259
1.2
1.156
1.121
1.08
1.084
1.1
1.13
1.167
1.22
1.281
1.436
1.523
1.615
1.707
1.801
1.889
2.056
2.129
2.19
2.238
2.278
2.306
2.316
2.294
2.265
2.225
2.173
2.112
2.042
1.88
1.794
1.706
1.616
1.529
1.448
1.296
1.233
1.18
1.138
1.11
1.088
1.078
1.112
1.145
1.188
1.245
1.313
1.388
1.472
1.653
1.745
1.839
1.922
2.012
2.087
2.212
2.257
2.289
2.313
2.324
2.31
2.288
2.214
2.159
2.096
2.023
1.943
1.857
1.682
1.595
1.508
1.426
1.35
1.279
1.22
1.133
1.103
1.084
1.079
1.095
1.119
1.198
1.259
1.329
1.408
1.493
1.583
1.676
1.859
1.947
2.029
2.104
2.17
2.223
2.298
2.315
2.32
2.276
2.239
2.133
2.065
1.99
1.908
1.823
1.733
1.557
1.474
1.391
1.318
1.25
1.195
1.149
1.094
1.079
1.084
1.103
1.131
1.174
1.225
1.361
1.443
1.531
1.622
1.716
1.805
1.98
2.062
2.134
2.194
2.241
2.279
2.305
2.315
2.295
2.267
2.227
2.177
2.116
1.967
1.883
1.795
1.711
1.62
1.533
1.449
1.298
1.236
1.185
1.141
1.111
1.089
1.089
1.11
1.142
1.186
1.241
1.308
1.383
1.556
1.645
1.741
1.832
1.924
2.007
2.084
2.209
2.254
2.286
2.311
2.324
2.309
2.252
2.209
2.154
2.089
2.016
1.936
1.853
1.675
1.586
1.499
1.419
1.343
1.274
1.165
1.129
1.101
1.083
1.079
1.097
1.122
1.207
1.266
1.338
1.418
1.504
1.593
1.685
1.869
1.955
2.039
2.112
2.177
2.229
2.269
2.317
2.321
2.302
2.277
2.241
2.194
2.067
1.992
1.911
1.826
1.735
1.648
1.56
1.394
1.321
1.255
1.2
1.153
1.119
1.095
1.082
1.104
1.13
1.17
1.221
1.288
1.36
1.529
1.621
1.714
1.804
1.896
1.98
2.061
2.193
2.242
2.279
2.304
2.321
2.315
2.293
2.224
2.172
2.112
2.041
1.962
1.88
1.703
1.614
1.528
1.445
1.366
1.293
1.231
1.139
1.108
1.087
1.077
1.088
1.111
1.144
1.244
1.312
1.388
1.472
1.563
1.651
1.744
1.923
2.011
2.087
2.154
2.212
2.255
2.289
2.322
2.308
2.286
2.254
2.211
2.157
2.092
1.935
1.854
1.765
1.677
1.589
1.503
1.345
1.275
1.217
1.166
1.129
1.101
1.083
1.096
1.123
1.157
1.207
1.267
1.337
1.416
1.592
1.685
1.778
1.87
1.955
2.038
2.176
2.229
2.269
2.298
2.316
2.318
2.298
2.236
2.187
2.126
2.06
1.983
1.901
1.727
1.637
1.55
1.463
1.385
1.313
1.246
1.144
1.116
1.092
1.078
1.086
1.105
1.136
1.232
1.296
1.37
1.452
1.54
1.632
1.817
1.903
1.991
2.069
2.14
2.199
2.246
2.307
2.322
2.314
2.294
2.265
2.224
2.114
2.036
1.962
1.878
1.792
1.703
1.614
1.443
1.366
1.294
1.233
1.181
1.139
1.088
1.078
1.091
1.114
1.147
1.19
1.252
1.395
1.479
1.567
1.66
1.754
1.846
1.936
2.093
2.16
2.215
2.258
2.291
2.313
2.305
2.28
2.245
2.201
2.143
2.078
1.922
1.836
1.749
1.659
1.572
1.487
1.407
1.262
1.201
1.158
1.122
1.097
1.081
1.081
1.127
1.167
1.216
1.279
1.352
1.432
1.608
1.704
1.795
1.884
1.97
2.051
2.124
2.235
2.274
2.302
2.319
2.317
2.299
2.234
2.185
2.128
2.057
1.979
1.897
1.81
1.633
1.545
1.462
1.381
1.31
1.245
1.147
1.115
1.092
1.079
1.088
1.106
1.137
1.235
1.302
1.375
1.458
1.546
1.638
1.731
1.914
1.998
2.076
2.145
2.204
2.253
2.307
2.323
2.311
2.289
2.255
2.213
2.158
2.024
1.942
1.858
1.771
1.683
1.594
1.424
1.349
1.278
1.217
1.17
1.13
1.103
1.078
1.093
1.118
1.155
1.2
1.26
1.329
1.493
1.583
1.675
1.768
1.859
1.944
2.103
2.169
2.223
2.263
2.296
2.317
2.321
2.279
2.245
2.199
2.139
2.078
2.0
1.83
1.744
1.656
1.568
1.482
1.401
1.261
1.204
1.158
1.121
1.097
1.08
1.083
1.125
1.169
1.22
1.283
1.355
1.436
1.524
1.706
1.799
1.891
1.976
2.055
2.128
2.239
2.278
2.306
2.321
2.311
2.294
2.265
2.174
2.11
2.042
1.963
1.88
1.794
1.616
1.529
1.445
1.367
1.295
1.234
1.178
1.109
1.088
1.077
1.089
1.112
1.145
1.19
1.312
1.388
1.473
1.559
1.654
1.748
1.926
2.008
2.087
2.155
2.212
2.256
2.289
2.322
2.31
2.287
2.255
2.212
2.157
2.023
1.939
1.854
1.769
1.679
1.591
1.423
1.346
1.276
1.217
1.168
1.084
1.079
1.098
1.123
1.157
1.205
1.265
1.414
1.5
1.591
1.683
1.776
1.867
2.036
2.11
2.175
2.229
2.271
2.297
2.317
2.3
2.274
2.236
2.189
2.129
2.061
1.902
1.816
1.728
1.639
1.551
1.467
1.386
1.247
1.193
1.148
1.116
1.093
1.078
1.105
1.136
1.177
1.23
1.294
1.369
1.45
1.631
1.721
1.812
1.902
1.989
2.069
2.138
2.246
2.283
2.308
2.321
2.314
2.293
2.222
2.171
2.11
2.037
1.957
1.874
1.701
1.611
1.524
1.438
1.362
1.291
1.231
1.138
1.107
1.087
1.076
1.09
1.112
1.146
1.248
1.314
1.393
1.477
1.565
1.657
1.752
1.932
2.015
2.091
2.159
2.214
2.258
2.314
2.321
2.304
2.283
2.247
2.202
2.146
2.005
1.924
1.84
1.752
1.662
1.574
1.405
1.332
1.264
1.205
1.157
1.123
1.097
1.08
1.098
1.126
1.166
1.215
1.275
1.348
1.515
1.604
1.699
1.791
1.881
1.968
2.048
2.185
2.234
2.274
2.302
2.319
2.318
2.298
2.235
2.187
2.127
2.058
1.982
1.896
1.814
1.636
1.549
1.465
1.385
1.311
1.247
1.149
1.115
1.092
1.079
1.087
1.107
1.137
1.178
1.297
1.373
1.455
1.543
1.635
1.728
1.91
1.995
2.073
2.143
2.201
2.248
2.285
2.323
2.309
2.286
2.257
2.214
2.16
2.097
1.945
1.862
1.775
1.685
1.596
1.509
1.353
1.282
1.216
1.17
1.131
1.104
1.085
1.094
1.118
1.154
1.199
1.259
1.329
1.406
1.493
1.674
1.766
1.856
1.945
2.03
2.103
2.223
2.265
2.297
2.316
2.321
2.305
2.246
2.2
2.144
2.076
2.003
1.922
1.834
1.658
1.57
1.484
1.405
1.329
1.262
1.16
1.123
1.097
1.081
1.082
1.103
1.129
1.218
1.276
1.352
1.433
1.521
1.61
1.704
1.886
1.975
2.054
2.126
2.188
2.238
2.304
2.319
2.313
2.298
2.268
2.229
2.179
2.049
1.973
1.889
1.802
1.714
1.624
1.453
1.373
1.3
1.238
1.184
1.144
1.11
1.077
1.087
1.11
1.141
1.184
1.239
1.307
1.464
1.553
1.646
1.737
1.826
1.921
2.08
2.149
2.206
2.253
2.287
2.31
2.311
2.287
2.256
2.213
2.16
2.096
2.018
1.857
1.771
1.68
1.593
1.506
1.424
1.279
1.219
1.168
1.13
1.103
1.084
1.079
1.12
1.156
1.204
1.261
1.333
1.412
1.498
1.681
1.772
1.866
1.952
2.032
2.108
2.227
2.268
2.296
2.317
2.318
2.298
2.275
2.19
2.13
2.063
1.988
1.904
1.818
1.64
1.553
1.468
1.388
1.313
1.248
1.193
1.116
1.093
1.079
1.085
1.104
1.135
1.177
1.293
1.368
1.45
1.539
1.629
1.724
1.902
1.991
2.069
2.139
2.199
2.246
2.28
2.322
2.314
2.293
2.263
2.223
2.172
2.038
1.959
1.876
1.79
1.699
1.611
1.44
1.363
1.29
1.232
1.179
1.138
1.107
1.078
1.094
1.114
1.148
1.191
1.249
1.316
1.478
1.566
1.658
1.752
1.843
1.934
2.091
2.16
2.217
2.259
2.292
2.313
2.322
2.283
2.249
2.204
2.149
2.083
2.009
1.844
1.755
1.666
1.577
1.492
1.41
1.334
1.205
1.159
1.123
1.098
1.082
1.081
1.125
1.164
1.213
1.274
1.345
1.425
1.512
1.696
1.787
1.875
1.964
2.046
2.119
2.182
2.272
2.3
2.321
2.317
2.299
2.272
2.185
2.126
2.052
1.981
1.897
1.81
1.633
1.546
1.461
1.382
1.309
1.245
1.191
1.114
1.092
1.077
1.086
1.106
1.138
1.179
1.296
1.371
1.455
1.542
1.633
1.728
1.823
1.994
2.073
2.143
2.202
2.249
2.283
2.323
2.31
2.286
2.258
2.215
2.161
2.025
1.946
1.862
1.775
1.685
1.597
1.51
1.353
1.282
1.221
1.17
1.131
1.104
1.077
1.093
1.118
1.153
1.2
1.26
1.329
1.492
1.581
1.672
1.767
1.856
1.948
2.03
2.223
2.266
2.296
2.316
2.306
2.281
2.247
2.201
2.145
2.078
2.003
1.833
1.748
1.66
1.572
1.486
1.405
1.262
1.207
1.158
1.124
1.098
1.081
1.083
1.126
1.164
1.212
1.275
1.346
1.428
1.514
1.697
1.79
1.881
1.967
2.05
2.121
2.236
2.274
2.301
2.32
2.316
2.294
2.229
2.178
2.118
2.047
1.97
1.888
1.801
1.623
1.535
1.454
1.374
1.301
1.239
1.139
1.111
1.09
1.077
1.087
1.11
1.142
1.241
1.307
1.383
1.467
1.556
1.648
1.741
1.919
2.006
2.082
2.151
2.21
2.256
2.311
2.323
2.311
2.288
2.256
2.212
2.158
2.021
1.942
1.857
1.769
1.681
1.592
1.422
1.346
1.279
1.219
1.17
1.131
1.102
1.08
1.096
1.124
1.157
1.202
1.265
1.332
1.5
1.59
1.682
1.775
1.867
1.954
2.037
2.175
2.226
2.268
2.299
2.317
2.318
2.275
2.238
2.191
2.135
2.065
1.989
1.907
1.732
1.644
1.556
1.472
1.391
1.319
1.248
1.15
1.117
1.093
1.079
1.085
1.105
1.136
1.23
1.297
1.37
1.452
1.539
1.632
1.724
1.905
1.991
2.071
2.14
2.2
2.246
2.283
2.324
2.314
2.295
2.264
2.224
2.174
2.043
1.961
1.88
1.793
1.704
1.614
1.528
1.367
1.295
1.232
1.18
1.139
1.109
1.088
1.092
1.114
1.147
1.191
1.247
1.314
1.392
1.564
1.656
1.748
1.842
1.931
2.014
2.091
2.214
2.261
2.289
2.313
2.321
2.307
2.28
2.202
2.146
2.079
2.006
1.926
1.839
1.663
1.575
1.49
1.409
1.332
1.264
1.205
1.125
1.098
1.081
1.079
1.098
1.125
1.163
1.272
1.344
1.425
1.511
1.598
1.694
1.875
1.963
2.043
2.118
2.181
2.233
2.272
2.32
2.318
2.3
2.273
2.236
2.188
2.06
1.983
1.898
1.814
1.724
1.637
1.55
1.384
1.312
1.247
1.191
1.148
1.115
1.078
1.088
1.105
1.135
1.174
1.229
1.296
1.451
1.539
1.631
1.726
1.816
1.907
1.992
2.14
2.199
2.245
2.282
2.307
2.323
2.289
2.258
2.216
2.164
2.1
2.028
1.865
1.778
1.688
1.6
1.513
1.431
1.352
1.221
1.172
1.131
1.105
1.085
1.078
1.092
1.151
1.199
1.257
1.326
1.404
1.489
1.67
1.763
1.853
1.941
2.024
2.1
2.166
2.265
2.294
2.317
2.322
2.307
2.282
2.203
2.146
2.081
2.005
1.925
1.84
1.751
1.575
1.49
1.408
1.332
1.265
1.208
1.124
1.098
1.081
1.083
1.1
1.124
1.166
1.277
1.346
1.427
1.513
1.605
1.697
1.79
1.968
2.049
2.121
2.184
2.237
2.276
2.319
2.315
2.297
2.268
2.23
2.18
2.05
1.974
1.891
1.804
1.714
1.626
1.539
1.376
1.303
1.238
1.187
1.137
1.112
1.09
1.086
1.108
1.141
1.182
1.237
1.302
1.378
1.549
1.64
1.733
1.828
1.914
2.0
2.146
2.205
2.251
2.286
2.309
2.322
2.289
2.257
2.215
2.165
2.099
2.028
1.949
1.774
1.685
1.597
1.511
1.428
1.352
1.221
1.172
1.133
1.104
1.085
1.079
1.092
1.154
1.197
1.257
1.325
1.406
1.491
1.58
1.767
1.858
1.945
2.027
2.104
2.169
2.262
2.296
2.312
2.321
2.301
2.278
2.241
2.136
2.069
1.994
1.912
1.827
1.738
1.561
1.477
1.395
1.321
1.253
1.198
1.155
1.095
1.08
1.083
1.102
1.13
1.169
1.222
1.358
1.439
1.526
1.617
1.709
1.802
1.973
2.058
2.129
2.191
2.24
2.277
2.304
2.318
2.297
2.27
2.231
2.181
2.121
1.974
1.89
1.804
1.714
1.627
1.54
1.376
1.304
1.241
1.187
1.145
1.112
1.091
1.09
1.112
1.145
1.186
1.244
1.31
1.387
1.559
1.653
1.747
1.839
1.925
2.012
2.087
2.212
2.256
2.291
2.311
2.322
2.307
2.25
2.206
2.15
2.085
2.01
1.931
1.758
1.668
1.58
1.413
1.335
1.209
1.16
1.124
1.1
1.083
1.081
1.097
1.161
1.21
1.273
1.342
1.423
1.508
1.693
1.78
1.875
1.96
2.043
2.116
2.18
2.271
2.299
2.319
2.319
2.301
2.273
2.187
2.127
2.059
1.982
1.901
1.812
1.723
1.548
1.463
1.383
1.311
1.245
1.193
1.115
1.093
1.079
1.089
1.106
1.135
1.178
1.296
1.372
1.454
1.542
1.634
1.729
1.818
1.995
2.072
2.142
2.201
2.249
2.28
2.322
2.308
2.288
2.256
2.215
2.161
2.024
1.944
1.861
1.773
1.685
1.596
1.509
1.351
1.281
1.22
1.169
1.132
1.104
1.085
1.093
1.118
1.154
1.2
1.259
1.327
1.492
1.582
1.673
1.767
1.855
1.946
2.027
2.168
2.223
2.266
2.296
2.315
2.321
2.305
2.246
2.2
2.142
2.077
2.004
1.92
1.747
1.658
1.57
1.484
1.403
1.329
1.263
1.158
1.123
1.097
1.08
1.083
1.1
1.131
1.219
1.283
1.354
1.435
1.522
1.614
1.706
1.89
1.975
2.057
2.128
2.189
2.237
2.28
2.32
2.314
2.295
2.266
2.226
2.175
2.113
1.965
1.884
1.797
1.707
1.618
1.531
1.447
1.295
1.234
1.18
1.14
1.111
1.088
1.077
1.112
1.144
1.19
1.244
1.311
1.388
1.472
1.654
1.744
1.838
1.927
2.009
2.086
2.211
2.256
2.29
2.312
2.322
2.309
2.288
2.214
2.159
2.097
2.02
1.943
1.856
1.767
1.594
1.508
1.425
1.347
1.277
1.218
1.13
1.103
1.085
1.079
1.095
1.12
1.159
1.2
1.33
1.411
1.496
1.586
1.679
1.771
1.95
2.033
2.107
2.173
2.226
2.268
2.298
2.318
2.303
2.275
2.239
2.191
2.132
1.99
1.907
1.823
1.733
1.644
1.557
1.39
1.315
1.251
1.197
1.152
1.117
1.094
1.084
1.103
1.132
1.173
1.226
1.289
1.363
1.533
1.623
1.715
1.806
1.894
1.984
2.063
2.194
2.242
2.279
2.306
2.321
2.316
2.266
2.227
2.176
2.113
2.044
1.967
1.795
1.706
1.619
1.532
1.448
1.37
1.298
1.184
1.142
1.109
1.089
1.077
1.089
1.111
1.188
1.238
1.305
1.382
1.466
1.555
1.646
1.832
1.921
2.006
2.083
2.151
2.207
2.286
2.31
2.324
2.307
2.285
2.253
2.155
2.089
2.015
1.934
1.851
1.763
1.673
1.499
1.418
1.343
1.273
1.21
1.167
1.101
1.083
1.08
1.097
1.124
1.159
1.209
1.34
1.42
1.506
1.597
1.687
1.782
1.87
2.041
2.114
2.178
2.23
2.27
2.299
2.32
2.303
2.275
2.238
2.19
2.131
2.067
1.903
1.818
1.731
1.641
1.553
1.469
1.315
1.25
1.196
1.149
1.117
1.094
1.079
1.106
1.134
1.175
1.228
1.288
1.367
1.449
1.627
1.721
1.813
1.903
1.99
2.067
2.198
2.246
2.284
2.309
2.32
2.314
2.261
2.219
2.166
2.103
2.031
1.955
1.869
1.693
1.604
1.517
1.434
1.358
1.286
1.174
1.136
1.105
1.086
1.079
1.091
1.114
1.194
1.253
1.321
1.399
1.483
1.573
1.663
1.849
1.937
2.021
2.096
2.163
2.218
2.293
2.315
2.324
2.306
2.283
2.25
2.205
2.085
2.006
1.931
1.843
1.757
1.667
1.493
1.412
1.336
1.268
1.212
1.162
1.125
1.082
1.082
1.099
1.127
1.164
1.212
1.346
1.427
1.513
1.604
1.697
1.79
1.882
2.047
2.121
2.184
2.235
2.277
2.303
2.318
2.298
2.27
2.231
2.182
2.124
2.052
1.893
1.808
1.718
1.63
1.542
1.458
1.304
1.241
1.185
1.143
1.112
1.091
1.078
1.108
1.137
1.18
1.235
1.301
1.375
1.458
1.639
1.73
1.82
1.913
1.994
2.075
2.203
2.25
2.285
2.31
2.323
2.312
2.292
2.219
2.165
2.103
2.033
1.953
1.868
1.692
1.604
1.517
1.434
1.357
1.287
1.226
1.136
1.105
1.086
1.08
1.095
1.119
1.203
1.259
1.329
1.408
1.493
1.769
1.859
1.949
2.03
2.105
2.17
2.226
2.292
2.316
2.319
2.302
2.277
2.24
2.136
2.069
1.992
1.911
1.826
1.737
1.56
1.475
1.396
1.325
1.252
1.198
1.152
1.095
1.079
1.084
1.103
1.131
1.172
1.225
1.359
1.44
1.527
1.618
1.711
1.801
1.895
2.059
2.131
2.192
2.241
2.278
2.305
2.317
2.296
2.268
2.229
2.179
2.117
1.97
1.885
1.799
1.71
1.622
1.535
1.451
1.301
1.238
1.184
1.141
1.111
1.09
1.078
1.11
1.144
1.188
1.24
1.31
1.385
1.558
1.65
1.743
1.835
1.926
2.009
2.085
2.211
2.254
2.289
2.309
2.322
2.308
2.251
2.207
2.153
2.086
2.013
1.932
1.847
1.671
1.583
1.497
1.416
1.339
1.269
1.163
1.123
1.1
1.083
1.08
1.097
1.124
1.16
1.27
1.341
1.421
1.507
1.597
1.691
1.782
1.958
2.041
2.114
2.178
2.231
2.27
2.319
2.317
2.302
2.274
2.238
2.19
2.134
1.985
1.905
1.821
1.731
1.642
1.554
1.469
1.315
1.251
1.194
1.152
1.117
1.094
1.076
1.104
1.135
1.175
1.227
1.292
1.365
1.448
1.627
1.719
1.812
1.901
1.987
2.067
2.137
2.247
2.279
2.307
2.322
2.312
2.29
2.22
2.166
2.104
2.032
1.954
1.869
1.781
1.604
1.518
1.436
1.359
1.287
1.224
1.176
1.105
1.086
1.078
1.091
1.117
1.152
1.197
1.323
1.402
1.487
1.577
1.669
1.763
1.854
2.023
2.099
2.166
2.22
2.263
2.294
2.323
2.306
2.282
2.248
2.203
2.146
2.08
1.924
1.84
1.751
1.664
1.575
1.49
1.333
1.266
1.208
1.16
1.124
1.099
1.082
1.098
1.128
1.16
1.211
1.271
1.345
1.425
1.603
1.695
1.787
1.879
1.965
2.048
2.183
2.235
2.271
2.3
2.319
2.318
2.272
2.233
2.184
2.124
2.056
1.979
1.898
1.722
1.632
1.545
1.462
1.38
1.308
1.188
1.146
1.114
1.091
1.078
1.087
1.108
1.18
1.236
1.301
1.376
1.458
1.549
1.637
1.822
1.913
1.999
2.076
2.145
2.203
2.285
2.31
2.323
2.311
2.291
2.26
2.218
2.103
2.032
1.952
1.869
1.78
1.692
1.517
1.433
1.357
1.286
1.226
1.173
1.135
1.086
1.078
1.093
1.12
1.155
1.201
1.26
1.409
1.495
1.584
1.677
1.77
1.86
2.032
2.106
2.171
2.226
2.266
2.301
2.315
2.301
2.276
2.24
2.192
2.136
2.069
1.91
1.825
1.739
1.648
1.56
1.476
1.319
1.251
1.199
1.153
1.118
1.095
1.079
1.103
1.131
1.171
1.223
1.285
1.359
1.44
1.617
1.712
1.803
1.89
1.98
2.058
2.192
2.241
2.278
2.305
2.321
2.315
2.296
2.228
2.178
2.117
2.045
1.972
1.887
1.711
1.622
1.536
1.451
1.371
1.301
1.238
1.143
1.111
1.089
1.078
1.091
1.11
1.143
1.244
1.312
1.388
1.472
1.562
1.653
1.838
1.929
2.011
2.088
2.155
2.212
2.258
2.31
2.32
2.308
2.283
2.25
2.206
2.085
2.012
1.933
1.847
1.759
1.669
1.582
1.414
1.338
1.266
1.209
1.164
1.127
1.083
1.079
1.098
1.124
1.162
1.208
1.271
1.421
1.507
1.598
1.693
1.78
1.871
2.041
2.115
2.178
2.231
2.27
2.299
2.319
2.301
2.273
2.237
2.189
2.132
2.062
1.903
1.816
1.73
1.64
1.553
1.468
1.389
1.25
1.194
1.151
1.116
1.093
1.079
1.088
1.135
1.173
1.228
1.289
1.367
1.449
1.629
1.72
1.814
1.904
1.99
2.068
2.139
2.244
2.282
2.302
2.322
2.307
2.289
2.216
2.164
2.1
2.028
1.95
1.865
1.779
1.6
1.514
1.43
1.353
1.285
1.221
1.133
1.104
1.086
1.078
1.094
1.117
1.151
1.255
1.325
1.402
1.487
1.575
1.667
1.761
1.938
2.021
2.099
2.165
2.219
2.262
2.315
2.323
2.307
2.282
2.248
2.203
2.146
1.925
1.84
1.752
1.663
1.49
1.409
1.332
1.266
1.209
1.161
1.124
1.081
1.082
1.098
1.127
1.163
1.216
1.277
1.428
1.516
1.605
1.697
1.791
1.881
2.049
2.121
2.184
2.238
2.276
2.302
2.317
2.294
2.268
2.229
2.179
2.118
2.049
1.884
1.803
1.712
1.623
1.536
1.451
1.298
1.239
1.184
1.142
1.11
1.09
1.077
1.11
1.142
1.188
1.241
1.305
1.384
1.467
1.646
1.739
1.833
1.92
2.007
2.083
2.209
2.254
2.288
2.312
2.322
2.31
2.288
2.213
2.16
2.095
2.024
1.943
1.861
1.682
1.594
1.507
1.425
1.348
1.279
1.218
1.133
1.103
1.085
1.079
1.093
1.121
1.155
1.26
1.332
1.41
1.495
1.586
1.678
1.862
1.951
2.031
2.106
2.171
2.226
2.268
2.317
2.32
2.304
2.276
2.239
2.191
2.133
1.991
1.907
1.822
1.733
1.645
1.557
1.472
1.316
1.253
1.196
1.152
1.115
1.094
1.079
1.105
1.133
1.175
1.23
1.293
1.367
1.449
1.628
1.719
1.811
1.901
1.988
2.068
2.197
2.245
2.28
2.306
2.322
2.315
2.294
2.225
2.173
2.11
2.037
1.965
1.875
1.795
1.616
1.528
1.445
1.366
1.296
1.234
1.14
1.108
1.088
1.079
1.09
1.112
1.146
1.191
1.315
1.392
1.475
1.564
1.657
1.75
1.93
2.015
2.09
2.158
2.214
2.259
2.291
2.322
2.306
2.281
2.249
2.204
2.145
2.083
1.928
1.843
1.756
1.667
1.578
1.492
1.338
1.267
1.207
1.162
1.124
1.099
1.082
1.098
1.125
1.162
1.212
1.272
1.344
1.424
1.602
1.691
1.786
1.875
1.964
2.045
2.118
2.233
2.272
2.3
2.319
2.319
2.3
2.236
2.188
2.127
2.06
1.985
1.899
1.813
1.637
1.55
1.465
1.385
1.311
1.248
1.148
1.115
1.092
1.079
1.084
1.106
1.133
1.229
1.295
1.371
1.454
1.542
1.634
1.725
1.909
1.993
2.072
2.142
2.199
2.25
2.307
2.321
2.309
2.287
2.257
2.215
2.097
2.025
1.947
1.863
1.775
1.685
1.597
1.426
1.35
1.276
1.222
1.168
1.128
1.104
1.079
1.095
1.12
1.156
1.202
1.263
1.411
1.497
1.586
1.679
1.771
1.861
1.947
2.107
2.172
2.225
2.267
2.297
2.317
2.305
2.278
2.243
2.197
2.142
2.073
1.997
1.83
1.741
1.652
1.565
1.478
1.399
1.256
1.202
1.155
1.121
1.096
1.08
1.084
1.129
1.166
1.219
1.28
1.356
1.438
1.524
1.709
1.802
1.89
1.977
2.057
2.129
2.241
2.28
2.305
2.322
2.314
2.294
2.224
2.173
2.111
2.041
1.963
1.881
1.794
1.615
1.528
1.445
1.37
1.296
1.23
1.179
1.108
1.088
1.077
1.09
1.112
1.146
1.249
1.315
1.391
1.475
1.565
1.653
1.747
1.926
2.014
2.088
2.156
2.213
2.256
2.312
2.324
2.309
2.286
2.254
2.211
2.157
2.018
1.937
1.856
1.767
1.678
1.59
1.421
1.344
1.275
1.216
1.167
1.129
1.102
1.081
1.097
1.119
1.156
1.201
1.261
1.331
1.497
1.586
1.679
1.771
1.864
1.951
2.107
2.172
2.225
2.265
2.299
2.317
2.318
2.277
2.241
2.195
2.137
2.07
1.995
1.827
1.739
1.65
1.562
1.477
1.396
1.253
1.202
1.151
1.121
1.095
1.079
1.083
1.132
1.171
1.223
1.286
1.36
1.441
1.529
1.711
1.804
1.891
1.98
2.058
2.132
2.242
2.279
2.305
2.323
2.316
2.297
2.268
2.18
2.118
2.049
1.97
1.889
1.8
1.624
1.537
1.453
1.373
1.302
1.239
1.186
1.112
1.09
1.08
1.093
1.114
1.149
1.191
1.316
1.395
1.479
1.568
1.661
1.754
1.934
2.018
2.094
2.16
2.215
2.262
2.295
2.321
2.304
2.281
2.245
2.199
2.144
2.002
1.921
1.837
1.747
1.659
1.571
1.404
1.329
1.261
1.204
1.159
1.122
1.097
1.082
1.1
1.128
1.216
1.279
1.431
1.52
1.607
1.703
1.794
1.882
2.051
2.123
2.186
2.237
2.275
2.303
2.32
2.3
2.272
2.234
2.187
2.128
2.058
1.896
1.81
1.721
1.633
1.546
1.461
1.379
1.245
1.191
1.145
1.114
1.092
1.079
1.107
1.136
1.179
1.234
1.298
1.375
1.458
1.638
1.73
1.824
1.912
1.998
2.075
2.145
2.25
2.284
2.308
2.32
2.311
2.288
2.215
2.163
2.1
2.028
1.948
1.864
1.687
1.599
1.512
1.429
1.352
1.282
1.223
1.134
1.104
1.085
1.077
1.093
1.119
1.153
1.26
1.33
1.407
1.492
1.584
1.675
1.856
1.947
2.027
2.103
2.169
2.222
2.264
2.316
2.323
2.307
2.28
2.246
2.2
2.078
2.002
1.922
1.834
1.745
1.658
1.569
1.401
1.329
1.262
1.204
1.158
1.122
1.097
1.082
1.1
1.128
1.165
1.218
1.279
1.352
1.522
1.611
1.705
1.796
1.889
1.975
2.055
2.188
2.238
2.275
2.302
2.323
2.312
2.295
2.226
2.175
2.113
2.044
1.965
1.883
1.707
1.617
1.531
1.448
1.368
1.296
1.232
1.137
1.109
1.088
1.077
1.089
1.112
1.143
1.243
1.31
1.387
1.47
1.56
1.652
1.744
1.925
2.006
2.086
2.154
2.21
2.255
2.289
2.322
2.312
2.287
2.256
2.212
2.159
2.093
1.941
1.854
1.771
1.68
1.592
1.506
1.346
1.278
1.219
1.17
1.131
1.103
1.084
1.096
1.122
1.154
1.203
1.263
1.333
1.412
1.588
1.679
1.774
1.865
1.954
2.034
2.109
2.227
2.27
2.299
2.315
2.321
2.302
2.274
2.19
2.132
2.063
1.989
1.906
1.819
1.642
1.555
1.471
1.389
1.316
1.248
1.147
1.117
1.093
1.08
1.084
1.103
1.134
1.227
1.291
1.364
1.446
1.533
1.624
1.718
1.898
1.985
2.064
2.135
2.195
2.242
2.306
2.323
2.316
2.295
2.266
2.226
2.175
2.041
1.964
1.881
1.793
1.703
1.616
1.445
1.367
1.297
1.233
1.181
1.141
1.109
1.079
1.09
1.112
1.144
1.19
1.25
1.317
1.478
1.568
1.66
1.754
1.845
1.934
2.093
2.16
2.216
2.263
2.292
2.314
2.32
2.283
2.248
2.204
2.148
2.082
2.007
1.843
1.755
1.665
1.577
1.492
1.41
1.336
1.207
1.162
1.123
1.099
1.081
1.08
1.126
1.163
1.211
1.273
1.343
1.423
1.513
1.693
1.784
1.877
1.962
2.043
2.117
2.233
2.272
2.301
2.319
2.319
2.3
2.273
2.187
2.129
2.06
1.984
1.901
1.809
1.636
1.549
1.465
1.384
1.312
1.246
1.19
1.115
1.092
1.079
1.085
1.11
1.138
1.179
1.299
1.373
1.456
1.544
1.634
1.729
1.911
1.997
2.074
2.144
2.203
2.251
2.285
2.322
2.311
2.29
2.258
2.216
2.162
2.028
1.948
1.864
1.778
1.687
1.599
1.513
1.355
1.281
1.221
1.169
1.129
1.104
1.079
1.093
1.118
1.151
1.202
1.257
1.327
1.49
1.581
1.674
1.766
1.857
1.946
2.027
2.167
2.221
2.264
2.295
2.315
2.323
2.282
2.247
2.202
2.147
2.081
2.005
1.926
1.75
1.662
1.574
1.488
1.408
1.332
1.206
1.16
1.123
1.098
1.081
1.084
1.103
1.17
1.223
1.288
1.36
1.443
1.53
1.621
1.807
1.897
1.982
2.062
2.133
2.194
2.278
2.304
2.321
2.312
2.293
2.262
2.169
2.108
2.036
1.957
1.873
1.787
1.698
1.522
1.441
1.359
1.29
1.229
1.18
1.107
1.087
1.078
1.091
1.115
1.149
1.196
1.321
1.397
1.483
1.572
1.664
1.757
1.847
2.019
2.095
2.162
2.216
2.261
2.293
2.322
2.307
2.283
2.25
2.206
2.152
2.085
1.933
1.847
1.758
1.669
1.581
1.495
1.338
1.268
1.211
1.164
1.126
1.1
1.082
1.1
1.126
1.16
1.213
1.271
1.344
1.424
1.601
1.694
1.787
1.878
1.965
2.045
2.182
2.235
2.274
2.299
2.298
2.27
2.231
2.182
2.122
2.052
1.977
1.807
1.718
1.629
1.542
1.46
1.38
1.244
1.185
1.145
1.112
1.091
1.078
1.087
1.139
1.182
1.236
1.304
1.377
1.46
1.548
1.732
1.822
1.913
1.998
2.076
2.146
2.251
2.285
2.31
2.324
2.312
2.291
2.26
2.168
2.105
2.031
1.952
1.869
1.777
1.604
1.517
1.434
1.356
1.285
1.225
1.135
1.106
1.086
1.078
1.09
1.115
1.153
1.255
1.323
1.4
1.485
1.575
1.667
1.761
1.94
2.022
2.098
2.165
2.219
2.262
2.315
2.322
2.304
2.279
2.244
2.198
2.14
1.999
1.918
1.832
1.742
1.655
1.567
1.399
1.325
1.257
1.203
1.157
1.121
1.096
1.081
1.101
1.129
1.169
1.22
1.283
1.355
1.523
1.614
1.705
1.799
1.888
1.974
2.053
2.188
2.239
2.277
2.303
2.322
2.315
2.269
2.231
2.18
2.118
2.049
1.974
1.892
1.713
1.625
1.538
1.455
1.375
1.303
1.239
1.144
1.112
1.091
1.077
1.089
1.107
1.137
1.236
1.301
1.377
1.46
1.548
1.64
1.733
1.915
1.998
2.077
2.146
2.205
2.253
2.289
2.322
2.309
2.287
2.255
2.212
2.158
2.021
1.944
1.857
1.769
1.681
1.592
1.505
1.346
1.277
1.217
1.167
1.128
1.102
1.084
1.096
1.122
1.157
1.208
1.266
1.337
1.417
1.594
1.685
1.776
1.868
1.957
2.04
2.112
2.229
2.269
2.298
2.319
2.318
2.302
2.239
2.192
2.136
2.065
1.989
1.908
1.823
1.644
1.557
1.471
1.391
1.318
1.252
1.197
1.117
1.094
1.079
1.085
1.104
1.134
1.177
1.291
1.366
1.448
1.536
1.628
1.721
1.903
1.989
2.068
2.138
2.198
2.25
2.283
2.322
2.312
2.29
2.26
2.218
2.165
2.031
1.952
1.869
1.782
1.693
1.604
1.436
1.355
1.285
1.223
1.175
1.136
1.106
1.078
1.092
1.115
1.15
1.194
1.253
1.321
1.483
1.572
1.663
1.756
1.85
1.938
2.095
2.162
2.218
2.261
2.292
2.314
2.322
2.283
2.25
2.205
2.149
2.083
2.009
1.843
1.755
1.666
1.578
1.493
1.411
1.335
1.211
1.163
1.125
1.099
1.082
1.081
1.125
1.161
1.21
1.268
1.342
1.422
1.507
1.691
1.783
1.875
1.962
2.045
2.116
2.18
2.27
2.3
2.322
2.316
2.299
2.271
2.184
2.123
2.055
1.979
1.896
1.809
1.632
1.544
1.458
1.382
1.307
1.242
1.188
1.113
1.092
1.077
1.087
1.107
1.138
1.181
1.301
1.376
1.458
1.546
1.639
1.732
1.912
1.999
2.075
2.144
2.203
2.25
2.286
2.323
2.311
2.291
2.259
2.218
2.166
2.031
1.952
1.868
1.776
1.691
1.602
1.515
1.356
1.285
1.225
1.175
1.134
1.105
1.079
1.094
1.115
1.152
1.198
1.255
1.326
1.489
1.579
1.67
1.764
1.856
1.943
2.026
2.167
2.222
2.266
2.294
2.316
2.319
2.278
2.242
2.196
2.138
2.071
1.995
1.915
1.741
1.649
1.562
1.478
1.397
1.322
1.2
1.154
1.118
1.096
1.079
1.084
1.103
1.17
1.221
1.286
1.359
1.44
1.527
1.619
1.803
1.894
1.977
2.058
2.13
2.192
2.278
2.304
2.321
2.316
2.297
2.269
2.18
2.118
2.05
1.973
1.885
1.801
1.713
1.538
1.454
1.375
1.303
1.239
1.186
1.111
1.09
1.078
1.089
1.107
1.141
1.184
1.306
1.381
1.465
1.553
1.645
1.738
1.831
2.005
2.081
2.15
2.208
2.256
2.288
2.324
2.307
2.287
2.254
2.211
2.158
2.093
1.94
1.856
1.768
1.679
1.59
1.505
1.344
1.274
1.216
1.166
1.128
1.102
1.084
1.095
1.12
1.157
1.204
1.263
1.332
1.411
1.587
1.679
1.771
1.86
1.952
2.033
2.172
2.225
2.266
2.297
2.318
2.32
2.278
2.243
2.197
2.138
2.074
1.996
1.916
1.742
1.653
1.565
1.479
1.399
1.325
1.201
1.12
1.096
1.081
1.085
1.133
1.176
1.226
1.291
1.364
1.446
1.534
1.717
1.81
1.901
1.986
2.066
2.136
2.247
2.281
2.306
2.32
2.313
2.292
2.219
2.168
2.104
2.033
1.955
1.87
1.784
1.606
1.519
1.435
1.357
1.286
1.227
1.136
1.106
1.087
1.078
1.092
1.117
1.153
1.258
1.324
1.403
1.488
1.58
1.673
1.764
1.941
2.022
2.1
2.166
2.221
2.262
2.315
2.322
2.306
2.281
2.249
2.204
2.148
2.008
1.927
1.843
1.753
1.665
1.577
1.409
1.333
1.267
1.209
1.16
1.125
1.099
1.082
1.098
1.125
1.16
1.217
1.271
1.344
1.509
1.601
1.693
1.786
1.877
1.965
2.119
2.182
2.233
2.274
2.301
2.32
2.317
2.272
2.234
2.185
2.125
2.057
1.981
1.812
1.723
1.634
1.546
1.46
1.382
1.309
1.193
1.143
1.115
1.092
1.078
1.087
1.108
1.18
1.234
1.3
1.375
1.458
1.547
1.636
1.822
1.91
1.995
2.074
2.144
2.202
2.25
2.308
2.323
2.313
2.291
2.26
2.219
2.166
2.032
1.951
1.868
1.782
1.692
1.605
1.436
1.357
1.288
1.226
1.173
1.136
1.106
1.08
1.094
1.113
1.152
1.194
1.256
1.325
1.487
1.578
1.67
1.763
1.855
1.943
2.026
2.167
2.219
2.265
2.295
2.316
2.32
2.304
2.242
2.196
2.138
2.072
1.997
1.915
1.743
1.652
1.564
1.479
1.397
1.322
1.256
1.154
1.117
1.096
1.08
1.081
1.102
1.13
1.221
1.285
1.356
1.439
1.525
1.615
1.711
1.89
1.979
2.058
2.13
2.191
2.241
2.277
2.322
2.316
2.297
2.268
2.23
2.181
2.05
1.972
1.889
1.803
1.715
1.626
1.452
1.375
1.303
1.239
1.187
1.144
1.113
1.079
1.089
1.11
1.141
1.184
1.242
1.307
1.468
1.556
1.649
1.742
1.835
1.922
2.006
2.152
2.21
2.255
2.29
2.308
2.319
2.286
2.254
2.21
2.156
2.09
2.017
1.853
1.765
1.676
1.588
1.5
1.419
1.343
1.214
1.166
1.128
1.102
1.084
1.079
1.095
1.158
1.205
1.267
1.336
1.415
1.5
1.682
1.773
1.865
1.953
2.035
2.109
2.175
2.268
2.298
2.317
2.321
2.304
2.28
2.198
2.14
2.073
1.998
1.917
1.83
1.743
1.566
1.481
1.4
1.325
1.257
1.204
1.121
1.097
1.08
1.088
1.105
1.137
1.177
1.296
1.37
1.452
1.538
1.633
1.726
1.818
1.993
2.072
2.141
2.2
2.249
2.282
2.32
2.311
2.29
2.259
2.217
2.163
2.029
1.949
1.866
1.778
1.689
1.6
1.514
1.354
1.282
1.223
1.173
1.133
1.105
1.086
1.093
1.117
1.152
1.199
1.258
1.326
1.405
1.579
1.671
1.768
1.856
1.942
2.027
2.167
2.221
2.262
2.294
2.317
2.32
2.28
2.246
2.201
2.144
2.078
2.003
1.921
1.748
1.658
1.571
1.486
1.404
1.329
1.206
1.158
1.122
1.098
1.081
1.083
1.098
1.164
1.214
1.277
1.35
1.431
1.519
1.608
1.794
1.884
1.971
2.052
2.124
2.187
2.274
2.304
2.319
2.316
2.292
2.267
2.228
2.116
2.046
1.97
1.885
1.801
1.709
1.535
1.45
1.373
1.298
1.235
1.184
1.141
1.09
1.078
1.089
1.112
1.143
1.188
1.245
1.387
1.471
1.56
1.651
1.743
1.835
2.008
2.086
2.154
2.211
2.257
2.289
2.323
2.31
2.287
2.255
2.212
2.159
2.096
1.942
1.853
1.769
1.68
1.592
1.505
1.345
1.278
1.218
1.169
1.132
1.103
1.084
1.096
1.118
1.157
1.203
1.264
1.333
1.413
1.586
1.681
1.774
1.866
1.953
2.035
2.174
2.226
2.266
2.298
2.317
2.319
2.303
2.238
2.191
2.132
2.064
1.989
1.907
1.732
1.643
1.555
1.469
1.391
1.317
1.251
1.15
1.118
1.094
1.079
1.083
1.104
1.175
1.228
1.289
1.364
1.446
1.534
1.625
1.811
1.898
1.986
2.136
2.244
2.281
2.306
2.322
2.315
2.295
2.265
2.175
2.114
2.043
1.967
1.88
1.795
1.617
1.53
1.446
1.368
1.296
1.235
1.182
1.11
1.089
1.077
1.088
1.116
1.143
1.243
1.308
1.386
1.471
1.559
1.652
1.742
1.925
2.01
2.086
2.154
2.21
2.255
2.311
2.322
2.307
2.286
2.25
2.206
2.15
2.012
1.93
1.848
1.758
1.668
1.58
1.414
1.336
1.269
1.21
1.161
1.127
1.099
1.08
1.098
1.124
1.161
1.21
1.272
1.342
1.508
1.595
1.691
1.785
1.876
1.96
2.116
2.18
2.232
2.271
2.3
2.318
2.319
2.273
2.235
2.187
2.125
2.057
1.982
1.813
1.726
1.636
1.549
1.465
1.384
1.312
1.192
1.15
1.115
1.093
1.078
1.084
1.109
1.174
1.231
1.293
1.369
1.452
1.54
1.631
1.818
1.904
1.991
2.07
2.14
2.202
2.283
2.308
2.324
2.311
2.289
2.26
2.219
2.102
2.032
1.953
1.87
1.784
1.694
1.604
1.436
1.358
1.287
1.228
1.172
1.136
1.106
1.079
1.09
1.114
1.151
1.195
1.254
1.321
1.484
1.572
1.664
1.759
1.848
1.932
2.022
2.163
2.216
2.263
2.294
2.313
2.323
2.284
2.25
2.205
2.149
2.083
2.008
1.929
1.755
1.667
1.579
1.494
1.414
1.335
1.269
1.162
1.126
1.099
1.082
1.081
1.105
1.13
1.216
1.28
1.352
1.433
1.521
1.61
1.703
1.886
1.974
2.055
2.126
2.188
2.237
2.302
2.319
2.316
2.295
2.267
2.227
2.177
2.045
1.967
1.885
1.797
1.707
1.62
1.533
1.372
1.298
1.236
1.182
1.14
1.11
1.078
1.087
1.109
1.144
1.185
1.243
1.307
1.467
1.555
1.646
1.744
1.832
1.919
2.006
2.151
2.208
2.257
2.289
2.311
2.323
2.29
2.259
2.217
2.164
2.101
2.028
1.95
1.779
1.688
1.601
1.514
1.429
1.354
1.223
1.172
1.134
1.105
1.085
1.08
1.092
1.154
1.202
1.258
1.332
1.412
1.497
1.588
1.773
1.865
1.954
2.033
2.109
2.173
2.269
2.297
2.319
2.319
2.302
2.274
2.238
2.131
2.063
1.988
1.905
1.819
1.731
1.554
1.469
1.391
1.315
1.249
1.196
1.151
1.094
1.079
1.085
1.105
1.134
1.175
1.293
1.366
1.448
1.537
1.627
1.722
1.811
1.986
2.066
2.137
2.197
2.245
2.281
2.321
2.315
2.295
2.265
2.225
2.175
2.114
1.963
1.877
1.793
1.703
1.616
1.528
1.366
1.295
1.234
1.182
1.139
1.109
1.088
1.092
1.11
1.145
1.189
1.245
1.312
1.389
1.561
1.654
1.746
1.84
1.928
2.013
2.156
2.213
2.257
2.289
2.312
2.322
2.304
2.251
2.207
2.152
2.087
2.013
1.931
1.761
1.67
1.581
1.496
1.412
1.337
1.27
1.16
1.13
1.1
1.082
1.08
1.098
1.16
1.21
1.268
1.342
1.422
1.509
1.6
1.783
1.874
1.962
2.043
2.116
2.18
2.232
2.3
2.319
2.318
2.302
2.274
2.238
2.132
2.065
1.988
1.904
1.817
1.729
1.553
1.468
1.388
1.315
1.25
1.195
1.149
1.093
1.079
1.086
1.107
1.139
1.175
1.234
1.374
1.458
1.545
1.637
1.73
1.822
1.911
2.073
2.144
2.204
2.251
2.287
2.309
2.313
2.289
2.258
2.216
2.163
2.099
1.949
1.864
1.777
1.687
1.599
1.512
1.431
1.282
1.221
1.172
1.132
1.104
1.085
1.079
1.117
1.153
1.2
1.258
1.328
1.406
1.58
1.674
1.766
1.854
1.942
2.025
2.102
2.225
2.266
2.295
2.316
2.322
2.305
2.247
2.202
2.144
2.082
2.006
1.923
1.836
1.661
1.574
1.49
1.409
1.332
1.265
1.16
1.124
1.098
1.081
1.084
1.102
1.13
1.22
1.282
1.356
1.438
1.524
1.617
1.707
1.892
1.979
2.058
2.129
2.19
2.239
2.306
2.32
2.313
2.295
2.264
2.225
2.174
2.041
1.964
1.881
1.792
1.705
1.445
1.367
1.294
1.231
1.178
1.109
1.088
1.078
1.091
1.114
1.148
1.194
1.317
1.395
1.48
1.569
1.661
1.751
1.846
2.016
2.093
2.16
2.215
2.26
2.292
2.323
2.307
2.286
2.252
2.207
2.153
2.012
1.934
1.846
1.759
1.67
1.583
1.496
1.339
1.271
1.214
1.164
1.128
1.1
1.083
1.098
1.122
1.16
1.205
1.267
1.338
1.418
1.595
1.687
1.781
1.871
1.959
2.04
2.177
2.23
2.271
2.3
2.316
2.318
2.274
2.237
2.189
2.13
2.062
1.986
1.903
1.73
1.64
1.553
1.467
1.388
1.316
1.192
1.148
1.117
1.093
1.08
1.086
1.107
1.179
1.232
1.294
1.371
1.454
1.545
1.634
1.818
1.907
1.988
2.071
2.141
2.2
2.285
2.308
2.324
2.314
2.292
2.263
2.223
2.108
2.036
1.959
1.872
1.788
1.697
1.611
1.44
1.364
1.293
1.231
1.178
1.139
1.108
1.08
1.088
1.114
1.146
1.19
1.247
1.317
1.478
1.567
1.658
1.755
1.844
1.934
2.016
2.16
2.215
2.259
2.292
2.313
2.32
2.283
2.25
2.204
2.148
2.083
2.009
1.928
1.755
1.665
1.577
1.492
1.407
1.33
1.206
1.161
1.124
1.099
1.082
1.082
1.099
1.163
1.213
1.275
1.347
1.427
1.513
1.604
1.788
1.88
1.963
2.046
2.12
2.183
2.23
2.3
2.32
2.319
2.302
2.273
2.236
2.187
2.058
1.984
1.897
1.816
1.727
1.637
1.465
1.386
1.312
1.247
1.193
1.148
1.115
1.08
1.086
1.11
1.141
1.182
1.239
1.303
1.463
1.549
1.642
1.735
1.827
1.917
2.002
2.148
2.205
2.253
2.285
2.31
2.321
2.287
2.253
2.211
2.154
2.092
2.02
1.94
1.767
1.679
1.59
1.503
1.421
1.345
1.217
1.167
1.13
1.102
1.084
1.079
1.095
1.157
1.202
1.264
1.333
1.412
1.499
1.588
1.775
1.865
1.95
2.035
2.108
2.173
2.268
2.297
2.318
2.32
2.306
2.28
2.199
2.142
2.074
1.999
1.916
1.829
1.744
1.568
1.483
1.4
1.326
1.259
1.202
1.121
1.097
1.08
1.084
1.105
1.133
1.172
1.285
1.36
1.442
1.529
1.619
1.713
1.805
1.981
2.061
2.132
2.193
2.242
2.28
2.32
2.31
2.293
2.263
2.223
2.171
2.107
1.959
1.877
1.787
1.7
1.611
1.524
1.363
1.29
1.231
1.177
1.138
1.108
1.087
1.091
1.113
1.146
1.193
1.249
1.317
1.394
1.571
1.66
1.754
1.844
1.933
2.016
2.16
2.215
2.261
2.291
2.314
2.325
2.309
2.253
2.209
2.154
2.09
2.016
1.933
1.763
1.674
1.585
1.497
1.417
1.343
1.274
1.166
1.128
1.101
1.084
1.082
1.095
1.16
1.206
1.271
1.339
1.418
1.503
1.594
1.781
1.871
1.958
2.04
2.113
2.177
2.271
2.299
2.317
2.316
2.3
2.274
2.235
2.127
2.059
1.983
1.901
1.814
1.726
1.549
1.465
1.384
1.314
1.244
1.19
1.146
1.092
1.079
1.085
1.106
1.135
1.178
1.232
1.369
1.451
1.542
1.629
1.724
1.815
1.988
2.069
2.139
2.199
2.248
2.282
2.307
2.316
2.293
2.264
2.224
2.172
2.115
1.963
1.876
1.791
1.702
1.613
1.526
1.365
1.294
1.231
1.182
1.138
1.109
1.088
1.094
1.118
1.153
1.198
1.259
1.326
1.405
1.58
1.673
1.765
1.859
1.944
2.027
2.168
2.223
2.267
2.296
2.316
2.32
2.304
2.243
2.195
2.137
2.07
1.995
1.915
1.743
1.65
1.563
1.477
1.399
1.322
1.255
1.153
1.12
1.096
1.08
1.083
1.101
1.131
1.222
1.284
1.358
1.439
1.526
1.615
1.801
1.89
1.976
2.055
2.129
2.19
2.24
2.304
2.321
2.318
2.298
2.268
2.23
2.123
2.051
1.971
1.887
1.806
1.714
1.626
1.454
1.376
1.303
1.241
1.187
1.144
1.09
1.079
1.088
1.112
1.143
1.184
1.234
1.379
1.463
1.643
1.736
1.829
2.003
2.079
2.149
2.207
2.253
2.285
2.322
2.308
2.288
2.256
2.213
2.16
2.096
1.944
1.858
1.771
1.683
1.594
1.508
1.349
1.276
1.218
1.165
1.132
1.104
1.085
1.094
1.12
1.155
1.202
1.261
1.33
1.409
1.585
1.676
1.768
1.859
1.945
2.03
2.17
2.224
2.265
2.296
2.315
2.322
2.305
2.245
2.2
2.143
2.073
2.002
1.919
1.745
1.657
1.569
1.485
1.403
1.328
1.204
1.158
1.121
1.097
1.081
1.086
1.105
1.176
1.227
1.29
1.367
1.449
1.537
1.628
1.815
1.904
1.99
2.069
2.138
2.198
2.286
2.308
2.321
2.314
2.289
2.26
2.218
2.103
2.031
1.952
1.869
1.782
1.692
1.517
1.435
1.358
1.289
1.225
1.172
1.134
1.086
1.078
1.094
1.117
1.152
1.199
1.258
1.327
1.489
1.579
1.673
1.763
1.853
1.944
2.101
2.167
2.221
2.263
2.295
2.316
2.323
2.281
2.248
2.203
2.149
2.08
2.005
1.925
1.75
1.663
1.574
1.489
1.408
1.331
1.207
1.161
1.124
1.098
1.082
1.082
1.098
1.163
1.208
1.273
1.344
1.425
1.512
1.601
1.788
1.878
1.965
2.046
2.119
2.182
2.234
2.299
2.32
2.316
2.298
2.269
2.232
2.181
2.051
1.976
1.892
1.807
1.718
1.629
1.456
1.378
1.304
1.24
1.185
1.143
1.113
1.078
1.087
1.108
1.138
1.182
1.238
1.304
1.379
1.55
1.645
1.735
1.823
1.917
1.997
2.147
2.207
2.25
2.286
2.31
2.322
2.313
2.259
2.217
2.165
2.101
2.028
1.949
1.776
1.688
1.6
1.512
1.43
1.354
1.283
1.172
1.134
1.105
1.085
1.082
1.1
1.126
1.21
1.273
1.346
1.426
1.513
1.603
1.789
1.881
1.967
2.048
2.121
2.183
2.235
2.301
2.319
2.314
2.293
2.271
2.232
2.122
2.053
1.976
1.894
1.806
1.718
1.629
1.456
1.377
1.307
1.241
1.187
1.143
1.091
1.078
1.088
1.109
1.139
1.182
1.236
1.378
1.46
1.549
1.639
1.733
1.826
1.913
2.078
2.146
2.205
2.251
2.286
2.31
2.313
2.292
2.26
2.219
2.166
2.105
1.95
1.868
1.78
1.693
1.604
1.517
1.433
1.287
1.227
1.176
1.136
1.106
1.086
1.078
1.117
1.15
1.194
1.256
1.321
1.4
1.576
1.667
1.759
1.852
1.941
2.024
2.098
2.22
2.262
2.291
2.315
2.321
2.303
2.244
2.197
2.141
2.073
1.998
1.918
1.743
1.655
1.566
1.481
1.399
1.327
1.261
1.157
1.121
1.096
1.08
1.083
1.102
1.131
1.22
1.283
1.357
1.438
1.525
1.618
1.8
1.892
1.976
2.058
2.129
2.191
2.241
2.304
2.322
2.318
2.297
2.271
2.232
2.122
2.05
1.978
1.895
1.807
1.718
1.629
1.457
1.379
1.306
1.241
1.188
1.146
1.091
1.079
1.088
1.111
1.139
1.18
1.232
1.374
1.456
1.544
1.637
1.729
1.821
1.912
2.074
2.144
2.203
2.249
2.284
2.31
2.309
2.287
2.258
2.216
2.162
2.099
2.027
1.864
1.774
1.686
1.598
1.512
1.429
1.282
1.223
1.171
1.131
1.104
1.085
1.081
1.119
1.155
1.201
1.26
1.33
1.408
1.494
1.676
1.766
1.857
1.95
2.03
2.104
2.224
2.265
2.296
2.317
2.323
2.306
2.245
2.199
2.143
2.08
2.003
1.921
1.834
1.657
1.569
1.482
1.402
1.326
1.262
1.158
1.123
1.097
1.081
1.083
1.103
1.126
1.22
1.28
1.354
1.435
1.523
1.613
1.706
1.888
1.976
2.054
2.127
2.189
2.236
2.302
2.322
2.314
2.296
2.266
2.227
2.176
2.045
1.967
1.885
1.798
1.708
1.619
1.449
1.369
1.295
1.233
1.184
1.138
1.11
1.077
1.089
1.111
1.144
1.188
1.243
1.312
1.471
1.559
1.649
1.746
1.833
1.925
2.086
2.154
2.211
2.256
2.289
2.312
2.322
2.287
2.256
2.213
2.16
1.946
1.858
1.772
1.682
1.593
1.507
1.347
1.279
1.218
1.17
1.131
1.103
1.084
1.096
1.119
1.157
1.198
1.264
1.331
1.41
1.585
1.678
1.772
1.863
1.951
2.032
2.107
2.225
2.265
2.299
2.317
2.32
2.302
2.276
2.192
2.131
2.065
1.989
1.907
1.821
1.643
1.556
1.472
1.391
1.316
1.251
1.195
1.117
1.094
1.079
1.083
1.103
1.132
1.173
1.226
1.362
1.444
1.532
1.623
1.712
1.807
1.982
2.061
2.133
2.194
2.243
2.28
2.305
2.315
2.296
2.267
2.228
2.179
2.117
2.046
1.885
1.799
1.709
1.621
1.534
1.45
1.3
1.236
1.185
1.141
1.111
1.09
1.079
1.093
1.144
1.189
1.245
1.311
1.39
1.474
1.655
1.748
1.84
1.928
2.014
2.09
2.157
2.258
2.29
2.313
2.32
2.307
2.285
2.206
2.148
2.085
2.01
1.932
1.846
1.758
1.58
1.494
1.412
1.339
1.268
1.212
1.127
1.1
1.083
1.081
1.097
1.125
1.163
1.272
1.343
1.423
1.508
1.598
1.692
1.785
1.958
2.043
2.117
2.18
2.232
2.271
2.318
2.32
2.301
2.273
2.237
2.189
2.06
1.986
1.902
1.818
1.728
1.639
1.552
1.387
1.314
1.249
1.194
1.151
1.116
1.093
1.088
1.106
1.133
1.178
1.229
1.296
1.37
1.54
1.632
1.724
1.816
1.906
1.99
2.141
2.2
2.248
2.282
2.308
2.322
2.291
2.259
2.217
2.166
2.101
2.03
1.952
1.781
1.69
1.602
1.516
1.433
1.354
1.224
1.173
1.133
1.105
1.086
1.078
1.093
1.151
1.199
1.257
1.326
1.404
1.489
1.58
1.763
1.853
1.944
2.026
2.1
2.167
2.223
2.294
2.316
2.323
2.306
2.281
2.247
2.202
2.08
2.005
1.925
1.838
1.749
1.661
1.487
1.407
1.331
1.264
1.207
1.159
1.124
1.081
1.084
1.1
1.129
1.165
1.219
1.278
1.352
1.519
1.612
1.704
1.798
1.889
1.976
2.126
2.188
2.237
2.277
2.301
2.32
2.315
2.268
2.229
2.18
2.118
2.048
1.971
1.888
1.712
1.624
1.537
1.453
1.373
1.303
1.238
1.141
1.111
1.09
1.078
1.088
1.109
1.143
1.239
1.306
1.381
1.465
1.555
1.646
1.738
1.918
2.003
2.08
2.15
2.208
2.253
2.31
2.323
2.31
2.289
2.258
2.216
2.163
2.026
1.945
1.861
1.778
1.687
1.598
1.513
1.352
1.283
1.221
1.173
1.133
1.104
1.085
1.097
1.122
1.155
1.203
1.264
1.335
1.415
1.589
1.683
1.777
1.868
1.955
2.037
2.11
2.23
2.268
2.297
2.314
2.319
2.297
2.274
2.188
2.128
2.061
1.985
1.904
1.816
1.639
1.551
1.467
1.386
1.313
1.247
1.192
1.117
1.093
1.079
1.084
1.106
1.135
1.175
1.293
1.367
1.449
1.536
1.627
1.72
1.811
1.987
2.067
2.137
2.198
2.246
2.282
2.307
2.316
2.294
2.265
2.225
2.174
2.111
2.043
1.878
1.795
1.705
1.616
1.53
1.446
1.297
1.235
1.182
1.139
1.109
1.089
1.077
1.091
1.145
1.19
1.248
1.318
1.394
1.479
1.568
1.752
1.847
1.933
2.017
2.093
2.16
2.26
2.292
2.313
2.322
2.303
2.282
2.248
2.147
2.081
2.007
1.927
1.842
1.753
1.664
1.491
1.41
1.335
1.265
1.205
1.161
1.124
1.082
1.081
1.098
1.126
1.164
1.213
1.273
1.425
1.511
1.603
1.694
1.787
1.873
1.964
2.118
2.181
2.231
2.273
2.301
2.32
2.3
2.273
2.236
2.188
2.13
2.063
1.984
1.814
1.726
1.638
1.551
1.462
1.386
1.313
1.192
1.149
1.116
1.093
1.08
1.088
1.109
1.184
1.237
1.301
1.377
1.46
1.55
1.64
1.825
1.913
2.0
2.078
2.146
2.203
2.252
2.31
2.322
2.308
2.286
2.254
2.211
2.156
2.02
1.94
1.856
1.768
1.679
1.591
1.42
1.345
1.277
1.216
1.166
1.129
1.103
1.079
1.123
1.159
1.209
1.269
1.42
1.507
1.597
1.686
1.779
1.872
2.041
2.114
2.178
2.23
2.268
2.299
2.319
2.3
2.274
2.237
2.189
2.132
2.063
1.904
1.817
1.728
1.64
1.553
1.467
1.386
1.25
1.194
1.151
1.117
1.093
1.079
1.086
1.136
1.176
1.226
1.291
1.367
1.449
1.628
1.722
1.814
1.904
1.988
2.068
2.138
2.245
2.28
2.306
2.323
2.311
2.292
2.22
2.168
2.107
2.033
1.955
1.871
1.784
1.607
1.52
1.436
1.359
1.287
1.226
1.136
1.106
1.087
1.079
1.091
1.115
1.15
1.252
1.321
1.398
1.483
1.572
1.663
1.848
1.937
2.019
2.095
2.163
2.218
2.261
2.315
2.325
2.307
2.286
2.253
2.207
2.09
2.013
1.933
1.85
1.76
1.672
1.584
1.416
1.34
1.271
1.213
1.166
1.128
1.101
1.08
1.097
1.12
1.157
1.204
1.265
1.337
1.502
1.592
1.684
1.777
1.869
1.956
2.039
2.176
2.229
2.27
2.299
2.319
2.319
2.301
2.238
2.189
2.131
2.063
1.988
1.905
1.731
1.641
1.554
1.469
1.388
1.316
1.248
1.15
1.117
1.094
1.079
1.085
1.105
1.134
1.229
1.295
1.367
1.449
