2.252
2.207
2.152
2.011
1.931
1.844
1.755
1.667
1.58
1.494
1.338
1.27
1.213
1.163
1.127
1.101
1.084
1.101
1.127
1.165
1.212
1.275
1.347
1.427
1.602
1.696
1.789
1.88
1.966
2.048
2.184
2.236
2.276
2.304
2.32
2.319
2.3
2.235
2.184
2.124
2.055
1.979
1.898
1.811
1.632
1.545
1.461
1.381
1.306
1.244
1.191
1.114
1.093
1.08
1.089
1.111
1.143
1.185
1.308
1.384
1.467
1.554
1.648
1.739
1.831
2.003
2.083
2.151
2.209
2.256
2.289
2.326
2.313
2.289
2.257
2.214
2.16
2.093
1.943
1.858
1.773
1.68
1.594
1.508
1.425
1.28
1.22
1.172
1.133
1.105
1.087
1.097
1.122
1.158
1.205
1.265
1.336
1.414
1.589
1.682
1.775
1.867
1.952
2.036
2.11
2.227
2.268
2.299
2.317
2.321
2.305
2.243
2.195
2.137
2.07
1.994
1.913
1.739
1.649
1.562
1.477
1.396
1.321
1.256
1.154
1.121
1.097
1.081
1.085
1.105
1.133
1.224
1.289
1.362
1.443
1.53
1.621
1.714
1.895
1.982
2.061
2.133
2.194
2.244
2.307
2.324
2.318
2.298
2.271
2.233
2.122
2.055
1.976
1.891
1.805
1.72
1.629
1.457
1.378
1.306
1.242
1.19
1.146
1.093
1.08
1.089
1.114
1.142
1.184
1.236
1.38
1.463
1.551
1.642
1.736
1.828
1.919
2.081
2.149
2.208
2.253
2.289
2.313
2.311
2.29
2.259
2.217
2.163
2.1
2.028
1.865
1.775
1.687
1.599
1.513
1.429
1.283
1.223
1.172
1.134
1.106
1.086
1.081
1.122
1.156
1.204
1.261
1.332
1.411
1.496
1.679
1.769
1.859
1.948
2.032
2.106
2.226
2.267
2.298
2.318
2.324
2.307
2.282
2.203
2.147
2.082
2.004
1.923
1.84
1.662
1.574
1.489
1.408
1.333
1.265
1.16
1.124
1.1
1.083
1.082
1.103
1.131
1.214
1.276
1.35
1.43
1.517
1.607
1.7
1.885
1.969
2.051
2.123
2.186
2.237
2.305
2.321
2.317
2.301
2.27
2.232
2.182
2.053
1.975
1.893
1.808
1.718
1.629
1.457
1.378
1.307
1.244
1.189
1.148
1.115
1.08
1.09
1.113
1.142
1.186
1.241
1.309
1.466
1.555
1.644
1.739
1.827
1.919
2.081
2.151
2.209
2.254
2.288
2.312
2.327
2.292
2.26
2.218
2.164
2.103
2.024
1.866
1.775
1.689
1.601
1.514
1.428
1.354
1.225
1.175
1.136
1.106
1.087
1.081
1.121
1.155
1.202
1.265
1.33
1.41
1.495
1.678
1.772
1.86
1.951
2.031
2.107
2.172
2.267
2.298
2.318
2.323
2.304
2.278
2.197
2.141
2.071
1.997
1.914
1.83
1.652
1.564
1.478
1.398
1.321
1.257
1.2
1.122
1.097
1.082
1.086
1.105
1.134
1.173
1.29
1.362
1.445
1.531
1.625
1.714
1.899
1.98
2.062
2.134
2.195
2.244
2.28
2.324
2.317
2.297
2.268
2.229
2.181
2.05
1.969
1.887
1.801
1.712
1.623
1.536
1.373
1.24
1.188
1.145
1.091
1.08
1.092
1.114
1.141
1.187
1.243
1.387
1.471
1.56
1.649
1.745
1.836
1.926
2.088
2.155
2.212
2.257
2.292
2.313
2.309
2.286
2.252
2.208
2.152
2.089
2.013
1.85
1.76
1.673
1.584
1.498
1.417
1.271
1.213
1.166
1.126
1.102
1.084
1.082
1.125
1.163
1.211
1.271
1.343
1.422
1.508
1.689
1.786
1.874
1.955
2.043
2.116
2.231
2.272
2.301
2.321
2.322
2.305
2.243
2.196
2.138
2.07
1.994
1.914
1.829
1.65
1.562
1.478
1.397
1.324
1.258
1.157
1.121
1.097
1.082
1.088
1.108
1.136
1.227
1.291
1.362
1.445
1.531
1.624
1.717
1.899
1.987
2.065
2.136
2.196
2.245
2.305
2.32
2.315
2.293
2.264
2.223
2.17
2.037
1.958
1.875
1.787
1.7
1.611
1.523
1.362
1.293
1.226
1.176
1.14
1.109
1.089
1.093
1.117
1.152
1.197
1.257
1.322
1.399
1.575
1.665
1.753
1.85
1.938
2.016
2.097
2.22
2.265
2.295
2.317
2.325
2.308
2.251
2.206
2.151
2.084
2.008
1.925
1.842
1.667
1.579
1.493
1.411
1.336
1.268
1.212
1.129
1.101
1.084
1.086
1.107
1.134
1.173
1.287
1.359
1.441
1.528
1.619
1.711
1.805
1.982
2.062
2.133
2.193
2.243
2.281
2.305
2.315
2.299
2.265
2.227
2.175
2.116
1.965
1.883
1.797
1.709
1.617
1.53
1.448
1.298
1.235
1.18
1.14
1.111
1.09
1.079
1.113
1.146
1.19
1.247
1.313
1.39
1.474
1.656
1.75
1.838
1.929
2.008
2.087
2.213
2.257
2.291
2.314
2.326
2.312
2.287
2.213
2.16
2.098
2.024
1.939
1.857
1.678
1.592
1.506
1.423
1.348
1.278
1.22
1.133
1.104
1.086
1.081
1.097
1.123
1.16
1.263
1.335
1.415
1.501
1.591
1.682
1.868
1.954
2.038
2.111
2.175
2.229
2.27
2.32
2.32
2.303
2.275
2.24
2.192
2.064
1.989
1.908
1.82
1.733
1.644
1.556
1.392
1.316
1.251
1.198
1.154
1.116
1.081
1.086
1.105
1.135
1.176
1.23
1.294
1.448
1.535
1.625
1.718
1.808
1.901
1.985
2.136
2.197
2.245
2.282
2.307
2.325
2.296
2.268
2.227
2.177
2.115
2.045
1.969
1.794
1.708
1.619
1.531
1.448
1.369
1.238
1.183
1.144
1.112
1.091
1.08
1.092
1.148
1.188
1.247
1.311
1.39
1.473
1.562
1.748
1.84
1.93
2.014
2.09
2.157
2.259
2.294
2.313
2.325
2.311
2.283
2.207
2.152
2.085
2.012
1.931
1.848
1.76
1.582
1.496
1.415
1.34
1.268
1.213
1.127
1.101
1.085
1.083
1.102
1.128
1.166
1.277
1.349
1.429
1.516
1.605
1.7
1.789
1.97
2.05
2.121
2.185
2.236
2.275
2.322
2.321
2.304
2.278
2.239
2.191
2.063
1.988
1.904
1.816
1.73
1.64
1.554
1.388
1.316
1.251
1.197
1.152
1.121
1.095
1.087
1.107
1.137
1.18
1.23
1.295
1.369
1.54
1.631
1.725
1.817
1.907
1.992
2.141
2.201
2.247
2.284
2.312
2.324
2.29
2.261
2.22
2.168
2.103
2.031
1.955
1.783
1.694
1.605
1.518
1.434
1.36
1.227
1.176
1.136
1.107
1.088
1.08
1.094
1.152
1.199
1.258
1.325
1.403
1.489
1.576
1.759
1.855
1.941
2.022
2.1
2.167
2.264
2.295
2.316
2.324
2.309
2.286
2.25
2.148
2.083
2.011
1.928
1.838
1.754
1.577
1.492
1.409
1.337
1.265
1.209
1.164
1.101
1.084
1.084
1.1
1.131
1.167
1.216
1.353
1.432
1.518
1.608
1.703
1.794
1.972
2.052
2.124
2.187
2.237
2.277
2.307
2.318
2.298
2.271
2.232
2.182
2.121
1.975
1.892
1.805
1.717
1.628
1.541
1.379
1.306
1.242
1.188
1.145
1.115
1.093
1.09
1.11
1.142
1.185
1.241
1.308
1.382
1.553
1.645
1.737
1.92
2.001
2.15
2.207
2.253
2.288
2.312
2.324
2.291
2.258
2.216
2.162
2.1
2.028
1.861
1.773
1.685
1.596
1.51
1.428
1.35
1.223
1.174
1.134
1.105
1.087
1.081
1.096
1.156
1.202
1.263
1.331
1.409
1.494
1.676
1.769
1.86
1.95
2.03
2.106
2.171
2.267
2.299
2.32
2.323
2.304
2.279
2.198
2.14
2.071
1.999
1.917
1.833
1.744
1.567
1.482
1.4
1.325
1.258
1.203
1.121
1.098
1.082
1.085
1.106
1.131
1.17
1.283
1.358
1.439
1.526
1.616
1.709
1.802
1.977
2.057
2.13
2.191
2.241
2.277
2.323
2.318
2.299
2.272
2.232
2.183
2.055
1.974
1.89
1.805
1.715
1.629
1.542
1.377
1.305
1.244
1.19
1.146
1.115
1.093
1.088
1.112
1.145
1.184
1.241
1.309
1.382
1.556
1.646
1.74
1.831
1.923
2.007
2.084
2.21
2.253
2.291
2.312
2.323
2.31
2.289
2.213
2.159
2.094
2.021
1.943
1.858
1.681
1.592
1.506
1.424
1.348
1.28
1.215
1.133
1.103
1.086
1.081
1.097
1.123
1.159
1.268
1.338
1.415
1.501
1.593
1.684
1.778
1.952
2.034
2.112
2.175
2.228
2.271
2.298
2.322
2.306
2.28
2.244
2.197
2.14
2.07
1.915
1.83
1.742
1.651
1.564
1.479
1.324
1.257
1.202
1.157
1.123
1.097
1.082
1.106
1.131
1.17
1.221
1.283
1.359
1.44
1.619
1.711
1.805
1.893
1.98
2.062
2.132
2.244
2.281
2.305
2.324
2.316
2.295
2.267
2.174
2.113
2.041
1.964
1.879
1.793
1.615
1.528
1.445
1.367
1.295
1.232
1.18
1.111
1.09
1.079
1.092
1.114
1.147
1.192
1.318
1.393
1.477
1.566
1.657
1.75
1.929
2.012
2.089
2.158
2.215
2.257
2.293
2.323
2.312
2.288
2.256
2.212
2.158
2.023
1.941
1.853
1.77
1.679
1.591
1.423
1.346
1.276
1.219
1.17
1.133
1.104
1.081
1.096
1.123
1.158
1.208
1.266
1.336
1.5
1.591
1.681
1.774
1.866
1.955
2.111
2.175
2.228
2.271
2.301
2.322
2.32
2.277
2.24
2.192
2.133
2.065
1.991
1.823
1.736
1.645
1.557
1.473
1.392
1.319
1.196
1.154
1.117
1.096
1.081
1.088
1.108
1.179
1.233
1.297
1.37
1.452
1.54
1.724
1.817
1.907
1.991
2.07
2.14
2.2
2.284
2.308
2.325
2.316
2.296
2.264
2.173
2.112
2.038
1.962
1.879
1.792
1.613
1.526
1.443
1.365
1.294
1.233
1.181
1.111
1.09
1.08
1.098
1.115
1.15
1.195
1.318
1.397
1.481
1.572
1.662
1.755
1.936
2.02
2.096
2.162
2.218
2.263
2.296
2.322
2.305
2.285
2.249
2.204
2.148
2.008
1.926
1.842
1.754
1.665
1.577
1.491
1.335
1.266
1.209
1.161
1.123
1.101
1.083
1.099
1.129
1.165
1.216
1.278
1.348
1.515
1.605
1.698
1.789
1.881
1.966
2.051
2.185
2.236
2.274
2.303
2.322
2.32
2.275
2.238
2.19
2.13
2.063
1.987
1.904
1.729
1.638
1.551
1.467
1.384
1.314
1.197
1.154
1.116
1.095
1.081
1.087
1.11
1.181
1.231
1.295
1.372
1.455
1.542
1.634
1.819
1.91
1.995
2.072
2.142
2.202
2.286
2.309
2.324
2.312
2.291
2.261
2.166
2.102
2.031
1.952
1.869
1.78
1.692
1.516
1.434
1.357
1.284
1.224
1.176
1.109
1.088
1.08
1.092
1.12
1.154
1.201
1.329
1.406
1.491
1.581
1.67
1.764
1.857
2.026
2.103
2.169
2.223
2.267
2.296
2.324
2.309
2.283
2.249
2.203
2.147
2.082
1.925
1.837
1.754
1.661
1.574
1.488
1.332
1.265
1.208
1.161
1.126
1.1
1.083
1.103
1.129
1.167
1.22
1.28
1.355
1.434
1.611
1.704
1.796
1.889
1.973
2.056
2.189
2.24
2.275
2.306
2.32
2.318
2.299
2.233
2.183
2.123
2.051
1.975
1.719
1.629
1.542
1.457
1.379
1.239
1.19
1.145
1.115
1.093
1.08
1.089
1.142
1.185
1.24
1.305
1.381
1.464
1.553
1.734
1.829
1.916
2.002
2.082
2.149
2.208
2.288
2.312
2.325
2.314
2.292
2.258
2.162
2.097
2.024
1.95
1.864
1.775
1.597
1.511
1.429
1.351
1.281
1.222
1.172
1.106
1.087
1.082
1.098
1.124
1.161
1.206
1.339
1.417
1.502
1.591
1.685
1.777
1.956
2.038
2.112
2.177
2.23
2.271
2.301
2.319
2.303
2.277
2.239
2.191
2.132
1.987
1.906
1.82
1.733
1.641
1.554
1.469
1.314
1.248
1.196
1.147
1.117
1.095
1.087
1.108
1.137
1.179
1.231
1.296
1.371
1.54
1.628
1.724
1.816
1.904
1.989
2.069
2.2
2.247
2.286
2.31
2.325
2.315
2.294
2.224
2.173
2.112
2.043
1.96
1.878
1.703
1.614
1.527
1.443
1.365
1.294
1.233
1.142
1.111
1.09
1.08
1.094
1.114
1.15
1.193
1.317
1.397
1.481
1.569
1.661
1.754
1.935
2.02
2.094
2.162
2.218
2.262
2.296
2.322
2.308
2.283
2.25
2.205
2.149
2.082
1.928
1.841
1.756
1.665
1.577
1.492
1.334
1.266
1.209
1.162
1.125
1.101
1.084
1.084
1.129
1.168
1.22
1.282
1.354
1.433
1.612
1.705
1.798
1.883
1.968
2.053
2.122
2.239
2.277
2.305
2.322
2.32
2.301
2.273
2.186
2.124
2.057
1.981
1.899
1.811
1.722
1.546
1.462
1.382
1.309
1.245
1.192
1.117
1.094
1.08
1.09
1.109
1.14
1.18
1.302
1.376
1.462
1.551
1.644
1.735
1.828
2.002
2.08
2.148
2.207
2.253
2.288
2.323
2.314
2.29
2.258
2.216
2.162
2.098
1.946
1.861
1.775
1.686
1.597
1.51
1.353
1.28
1.218
1.171
1.133
1.106
1.087
1.096
1.121
1.157
1.206
1.262
1.331
1.41
1.586
1.676
1.77
1.862
1.951
2.03
2.171
2.225
2.266
2.298
2.318
2.325
2.307
2.249
2.204
2.148
2.082
2.009
1.928
1.753
1.664
1.576
1.49
1.407
1.334
1.209
1.163
1.127
1.1
1.083
1.084
1.104
1.167
1.219
1.278
1.352
1.432
1.52
1.61
1.796
1.886
1.973
2.056
2.126
2.188
2.277
2.301
2.323
2.317
2.299
2.271
2.234
2.122
2.054
1.976
1.894
1.808
1.72
1.542
1.458
1.379
1.309
1.242
1.191
1.148
1.093
1.08
1.087
1.111
1.144
1.186
1.242
1.382
1.466
1.553
1.645
1.741
1.828
2.005
2.081
2.15
2.209
2.254
2.29
2.313
2.313
2.293
2.264
2.22
2.167
2.105
1.956
1.871
1.781
1.694
1.605
1.518
1.358
1.287
1.227
1.176
1.139
1.107
1.088
1.094
1.119
1.154
1.199
1.256
1.327
1.404
1.578
1.672
1.764
1.856
1.944
2.026
2.168
2.223
2.265
2.294
2.316
2.32
2.306
2.245
2.199
2.141
2.075
2.0
1.918
1.746
1.657
1.568
1.483
1.401
1.331
1.261
1.155
1.126
1.098
1.082
1.085
1.103
1.132
1.222
1.286
1.359
1.439
1.527
1.619
1.803
1.891
1.977
2.061
2.129
2.192
2.241
2.306
2.322
2.318
2.299
2.272
2.232
2.123
2.052
1.976
1.891
1.804
1.714
1.628
1.457
1.377
1.305
1.243
1.19
1.147
1.093
1.08
1.091
1.114
1.146
1.184
1.244
1.385
1.468
1.556
1.648
1.741
1.833
1.923
2.086
2.153
2.211
2.255
2.291
2.312
2.308
2.289
2.254
2.211
2.156
2.092
1.938
1.854
1.766
1.676
1.587
1.502
1.422
1.276
1.215
1.169
1.127
1.104
1.086
1.081
1.123
1.158
1.209
1.268
1.339
1.416
1.591
1.685
1.779
1.868
1.956
2.036
2.112
2.229
2.27
2.3
2.32
2.322
2.306
2.245
2.199
2.142
2.076
1.999
1.918
1.831
1.654
1.566
1.481
1.399
1.326
1.26
1.159
1.122
1.098
1.082
1.085
1.104
1.134
1.224
1.359
1.438
1.526
1.709
1.801
1.893
1.979
2.06
2.13
2.192
2.28
2.307
2.324
2.315
2.295
2.268
2.178
2.114
2.046
1.968
1.885
1.799
1.709
1.533
1.449
1.37
1.3
1.236
1.186
1.112
1.091
1.08
1.091
1.114
1.147
1.191
1.315
1.391
1.475
1.564
1.656
1.747
1.841
2.01
2.089
2.157
2.214
2.257
2.29
2.325
2.312
2.289
2.256
2.214
2.16
2.095
1.942
1.856
1.77
1.681
1.593
1.507
1.348
1.281
1.22
1.172
1.133
1.105
1.086
1.098
1.123
1.158
1.208
1.268
1.337
1.416
1.593
1.684
1.778
1.869
1.957
2.039
2.177
2.23
2.271
2.301
2.319
2.318
2.302
2.24
2.192
2.134
2.065
1.99
1.909
1.734
1.644
1.557
1.472
1.393
1.317
1.252
1.153
1.121
1.096
1.081
1.088
1.106
1.136
1.229
1.295
1.367
1.449
1.536
1.626
1.719
1.904
1.988
2.065
2.138
2.198
2.246
2.283
2.325
2.315
2.299
2.269
2.228
2.177
2.045
1.967
1.884
1.801
1.706
1.619
1.532
1.37
1.299
1.235
1.186
1.144
1.112
1.091
1.093
1.116
1.148
1.193
1.249
1.319
1.396
1.569
1.661
1.754
1.845
1.934
2.019
2.094
2.218
2.261
2.293
2.317
2.326
2.31
2.249
2.203
2.148
2.081
2.007
1.928
1.842
1.666
1.576
1.49
1.41
1.334
1.266
1.206
1.128
1.099
1.083
1.084
1.099
1.129
1.166
1.281
1.351
1.43
1.517
1.609
1.701
1.793
1.97
2.048
2.123
2.186
2.237
2.276
2.304
2.322
2.303
2.274
2.236
2.187
2.128
1.982
1.901
1.813
1.724
1.637
1.548
1.382
1.311
1.248
1.193
1.15
1.117
1.094
1.09
1.111
1.142
1.184
1.236
1.301
1.376
1.548
1.638
1.732
1.824
1.914
1.998
2.146
2.205
2.252
2.29
2.312
2.324
2.311
2.258
2.215
2.161
2.098
2.025
1.946
1.774
1.685
1.596
1.51
1.427
1.351
1.283
1.171
1.133
1.105
1.086
1.081
1.097
1.121
1.204
1.264
1.333
1.411
1.496
1.586
1.769
1.862
1.946
2.032
2.107
2.172
2.226
2.297
2.319
2.324
2.308
2.285
2.248
2.148
2.08
2.006
1.924
1.842
1.75
1.661
1.489
1.408
1.332
1.266
1.208
1.163
1.1
1.083
1.085
1.103
1.132
1.168
1.218
1.352
1.433
1.521
1.611
1.703
1.796
1.886
2.054
2.127
2.189
2.239
2.28
2.305
2.317
2.297
2.269
2.23
2.179
2.119
1.971
1.886
1.8
1.713
1.624
1.536
1.45
1.305
1.237
1.186
1.145
1.112
1.091
1.08
1.112
1.144
1.189
1.243
1.312
1.387
1.558
1.651
1.742
1.836
1.926
2.009
2.086
2.211
2.259
2.288
2.313
2.326
2.312
2.258
2.215
2.161
2.098
2.022
1.942
1.86
1.679
1.594
1.508
1.424
1.349
1.28
1.172
1.135
1.105
1.087
1.081
1.098
1.121
1.208
1.26
1.332
1.412
1.496
1.587
1.677
1.862
1.953
2.033
2.108
2.173
2.226
2.298
2.321
2.323
2.304
2.28
2.244
2.139
2.073
1.996
1.915
1.829
1.741
1.652
1.479
1.399
1.323
1.257
1.202
1.153
1.124
1.082
1.086
1.105
1.131
1.172
1.224
1.359
1.441
1.528
1.617
1.711
1.803
1.894
2.057
2.13
2.193
2.242
2.28
2.307
2.319
2.3
2.27
2.232
2.182
2.124
2.052
1.894
1.8
1.715
1.627
1.54
1.456
1.305
1.24
1.189
1.147
1.115
1.093
1.08
1.114
1.147
1.187
1.244
1.309
1.386
1.469
1.649
1.742
1.835
1.924
2.01
2.087
2.211
2.257
2.291
2.312
2.325
2.309
2.256
2.21
2.155
2.091
2.018
1.938
1.852
1.675
1.588
1.501
1.419
1.345
1.275
1.169
1.128
1.103
1.085
1.082
1.098
1.123
1.212
1.271
1.343
1.421
1.506
1.596
1.692
1.871
1.955
2.041
2.115
2.179
2.232
2.301
2.319
2.322
2.278
2.194
2.136
2.07
1.991
1.912
1.824
1.737
1.56
1.474
1.393
1.319
1.254
1.2
1.156
1.097
1.081
1.088
1.107
1.137
1.178
1.296
1.37
1.455
1.542
1.636
1.726
1.82
1.994
2.073
2.143
2.202
2.248
2.286
2.325
2.315
2.293
2.262
2.22
2.167
2.103
1.954
1.87
1.783
1.695
1.605
1.517
1.358
1.287
1.226
1.175
1.137
1.106
1.088
1.093
1.119
1.153
1.199
1.26
1.327
1.403
1.577
1.669
1.766
1.854
1.943
2.023
2.167
2.221
2.263
2.295
2.317
2.324
2.31
2.251
2.208
2.152
2.086
2.014
1.932
1.76
1.67
1.582
1.496
1.415
1.338
1.271
1.167
1.129
1.102
1.085
1.083
1.102
1.129
1.214
1.274
1.347
1.426
1.512
1.603
1.695
1.883
1.967
2.047
2.12
2.184
2.235
2.304
2.322
2.319
2.301
2.272
2.236
2.188
2.058
1.982
1.901
1.816
1.727
1.637
1.549
1.385
1.31
1.247
1.19
1.152
1.118
1.094
1.086
1.108
1.138
1.179
1.234
1.3
1.374
1.544
1.635
1.726
1.817
1.909
1.994
2.073
2.203
2.25
2.286
2.311
2.325
2.315
2.266
2.224
2.172
2.111
2.039
1.961
1.876
1.699
1.611
1.525
1.44
1.364
1.292
1.178
1.141
1.11
1.09
1.08
1.094
1.118
1.151
1.253
1.319
1.398
1.482
1.57
1.664
1.755
1.939
2.021
2.097
2.163
2.219
2.261
2.316
2.323
2.309
2.282
2.25
2.205
2.149
2.009
1.929
1.843
1.755
1.666
1.578
1.492
1.334
1.267
1.21
1.16
1.124
1.102
1.086
1.102
1.13
1.168
1.219
1.28
1.352
1.519
1.612
1.702
1.795
1.884
1.972
2.052
2.187
2.238
2.277
2.303
2.322
2.322
2.277
2.238
2.19
2.13
2.063
1.986
1.902
1.73
1.64
1.553
1.468
1.389
1.316
1.195
1.153
1.119
1.095
1.081
1.088
1.108
1.18
1.232
1.295
1.371
1.453
1.541
1.632
1.817
1.907
1.993
2.072
2.141
2.201
2.285
2.309
2.322
2.316
2.295
2.263
2.171
2.108
2.036
1.959
1.876
1.788
1.699
1.523
1.44
1.361
1.289
1.228
1.177
1.108
1.089
1.08
1.095
1.116
1.151
1.198
1.323
1.399
1.483
1.573
1.665
1.758
1.847
2.02
2.096
2.163
2.219
2.263
2.294
2.326
2.31
2.286
2.253
2.207
2.154
2.09
1.933
1.846
1.761
1.672
1.582
1.497
1.339
1.271
1.213
1.166
1.13
1.102
1.084
1.101
1.129
1.161
1.214
1.274
1.347
1.427
1.603
1.696
1.788
1.88
1.967
2.049
2.184
2.235
2.275
2.303
2.323
2.318
2.3
2.233
2.184
2.123
2.054
1.977
1.893
1.721
1.631
1.543
1.459
1.38
1.309
1.245
1.146
1.115
1.093
1.08
1.089
1.109
1.184
1.239
1.304
1.379
1.463
1.551
1.643
1.828
1.916
2.0
2.079
2.148
2.207
2.288
2.312
2.325
2.315
2.293
2.261
2.22
2.104
2.033
1.955
1.873
1.784
1.692
1.519
1.437
1.358
1.288
1.227
1.181
1.137
1.088
1.08
1.094
1.115
1.152
1.2
1.256
1.402
1.487
1.576
1.667
1.762
1.853
2.025
2.101
2.166
2.221
2.268
2.296
2.318
2.305
2.277
2.246
2.2
2.144
2.076
1.92
1.836
1.747
1.659
1.569
1.484
1.33
1.261
1.205
1.158
1.125
1.098
1.082
1.105
1.131
1.17
1.222
1.284
1.357
1.437
1.617
1.707
1.8
1.886
1.977
2.056
2.19
2.24
2.278
2.306
2.324
2.321
2.3
2.236
2.185
2.124
2.056
1.982
1.896
1.722
1.631
1.545
1.46
1.382
1.307
1.244
1.147
1.118
1.094
1.08
1.092
1.111
1.142
1.239
1.304
1.38
1.463
1.552
1.644
1.829
1.918
2.004
2.082
2.149
2.208
2.254
2.314
2.323
2.311
2.291
2.257
2.215
2.099
2.023
1.944
1.861
1.773
1.685
1.596
1.425
1.349
1.28
1.219
1.173
1.087
1.081
1.095
1.12
1.156
1.203
1.332
1.409
1.495
1.584
1.678
1.771
1.949
2.03
2.106
2.171
2.225
2.264
2.298
2.324
2.308
2.285
2.25
2.205
2.148
2.01
1.928
1.841
1.756
1.664
1.577
1.409
1.334
1.266
1.21
1.164
1.127
1.101
1.084
1.101
1.125
1.164
1.214
1.275
1.346
1.513
1.601
1.697
1.788
1.881
1.967
2.049
2.183
2.237
2.275
2.3
2.323
2.32
2.272
2.233
2.184
2.124
2.055
1.978
1.81
1.722
1.631
1.544
1.459
1.381
1.305
1.189
1.145
1.111
1.093
1.08
1.089
1.111
1.184
1.24
1.306
1.379
1.462
1.553
1.734
1.826
1.916
2.001
2.08
2.148
2.206
2.287
2.311
2.325
2.313
2.292
2.26
2.164
2.1
2.026
1.948
1.864
1.775
1.688
1.513
1.43
1.353
1.284
1.224
1.175
1.136
1.087
1.081
1.096
1.124
1.156
1.205
1.261
1.409
1.494
1.584
1.677
1.769
1.861
1.95
2.106
2.172
2.226
2.268
2.297
2.317
2.305
2.281
2.243
2.196
2.138
2.07
1.996
1.828
1.741
1.651
1.563
1.478
1.396
1.322
1.2
1.152
1.121
1.097
1.082
1.089
1.106
1.176
1.229
1.294
1.364
1.447
1.534
1.628
1.806
1.899
1.984
2.063
2.136
2.196
2.283
2.308
2.324
2.317
2.297
2.27
2.229
2.119
2.049
1.969
1.884
1.799
1.712
1.622
1.45
1.373
1.3
1.238
1.188
1.145
1.114
1.08
1.089
1.114
1.145
1.189
1.241
1.31
1.47
1.558
1.651
1.744
1.836
1.925
2.01
2.154
2.211
2.257
2.291
2.312
2.322
2.285
2.253
2.21
2.154
2.09
2.016
1.852
1.764
1.673
1.586
1.5
1.419
1.344
1.216
1.166
1.129
1.103
1.085
1.082
1.098
1.163
1.21
1.271
1.342
1.421
1.507
1.69
1.783
1.873
1.961
2.043
2.114
2.179
2.272
2.301
2.321
2.321
2.304
2.278
2.195
2.137
2.069
1.991
1.911
1.823
1.735
1.561
1.475
1.395
1.32
1.255
1.201
1.121
1.097
1.082
1.088
1.111
1.14
1.179
1.299
1.373
1.456
1.543
1.634
1.727
1.82
1.995
2.074
2.143
2.202
2.251
2.286
2.325
2.313
2.293
2.26
2.218
2.165
2.029
1.951
1.868
1.781
1.69
1.603
1.515
1.354
1.286
1.223
1.176
1.138
1.107
1.088
1.097
1.118
1.155
1.203
1.259
1.33
1.406
1.581
1.671
1.77
1.857
1.944
2.022
2.169
2.223
2.267
2.295
2.318
2.323
2.285
2.249
2.205
2.149
2.084
2.007
1.929
1.755
1.666
1.577
1.491
1.408
1.337
1.209
1.163
1.127
1.1
1.084
1.083
1.1
1.165
1.215
1.278
1.345
1.427
1.513
1.605
1.789
1.881
1.966
2.048
2.122
2.184
2.274
2.304
2.321
2.32
2.301
2.271
2.234
2.125
2.056
1.979
1.894
1.809
1.721
1.544
1.46
1.379
1.307
1.245
1.191
1.145
1.093
1.08
1.091
1.112
1.142
1.184
1.305
1.38
1.463
1.551
1.644
1.734
1.822
2.002
2.081
2.148
2.207
2.253
2.287
2.324
2.315
2.293
2.259
2.218
2.164
2.102
1.95
1.867
1.776
1.688
1.6
1.513
1.352
1.285
1.224
1.175
1.135
1.107
1.087
1.097
1.121
1.157
1.205
1.261
1.331
1.409
1.584
1.679
1.77
1.861
1.949
2.033
2.172
2.226
2.267
2.3
2.316
2.322
2.305
2.243
2.195
2.138
2.071
1.996
1.916
1.742
1.652
1.563
1.478
1.398
1.322
1.258
1.154
1.121
1.097
1.082
1.084
1.103
1.172
1.224
1.289
1.36
1.442
1.529
1.62
1.802
1.894
1.982
2.06
2.133
2.193
2.244
2.306
2.325
2.319
2.299
2.27
2.232
2.12
2.053
1.974
1.889
1.803
1.716
1.539
1.455
1.376
1.305
1.242
1.189
1.146
1.092
1.08
1.091
1.11
1.143
1.186
1.241
1.381
1.466
1.554
1.646
1.739
1.832
2.007
2.084
2.209
2.257
2.314
2.325
2.313
2.289
2.256
2.214
2.159
2.021
1.942
1.858
1.769
1.681
1.592
1.424
1.348
1.277
1.218
1.168
1.133
1.105
1.082
1.098
1.123
1.159
1.208
1.269
1.339
1.502
1.593
1.68
1.776
1.867
1.955
2.112
2.176
2.229
2.27
2.299
2.319
2.323
2.28
2.244
2.197
2.14
2.071
2.0
1.828
1.742
1.652
1.564
1.479
1.399
1.257
1.201
1.157
1.123
1.097
1.082
1.086
1.136
1.173
1.225
1.288
1.365
1.445
1.532
1.716
1.809
1.901
1.984
2.066
2.136
2.245
2.284
2.307
2.326
2.318
2.296
2.268
2.174
2.112
2.042
1.964
1.88
1.795
1.615
1.528
1.444
1.367
1.295
1.234
1.183
1.112
1.09
1.08
1.091
1.115
1.149
1.193
1.319
1.394
1.478
1.565
1.66
1.749
1.842
2.012
2.091
2.159
2.216
2.26
2.292
2.313
2.31
2.287
2.255
2.21
2.156
2.09
1.937
1.85
1.765
1.676
1.587
1.501
1.418
1.274
1.215
1.17
1.13
1.103
1.085
1.083
1.127
1.163
1.211
1.269
1.342
1.422
1.508
1.69
1.782
1.875
1.962
2.042
2.117
2.18
2.274
2.299
2.324
2.319
2.302
2.275
2.188
2.129
2.06
1.985
1.901
1.815
1.728
1.551
1.466
1.387
1.312
1.247
1.196
1.15
1.094
1.081
1.087
1.109
1.138
1.18
1.233
1.372
1.454
1.542
1.634
1.727
1.818
1.909
2.072
2.142
2.202
2.249
2.284
2.31
2.325
2.296
2.265
2.225
2.173
2.111
2.041
1.877
1.791
1.701
1.613
1.526
1.442
1.365
1.233
1.181
1.141
1.111
1.09
1.08
1.096
1.152
1.195
1.252
1.321
1.399
1.484
1.664
1.759
1.852
1.939
2.022
2.099
2.163
2.262
2.297
2.314
2.323
2.306
2.285
2.202
2.144
2.079
2.006
1.925
1.841
1.751
1.573
1.488
1.406
1.332
1.266
1.208
1.125
1.1
1.083
1.085
1.103
1.131
1.171
1.286
1.359
1.44
1.526
1.619
1.713
1.805
1.978
2.059
2.129
2.192
2.242
2.28
2.324
2.318
2.298
2.271
2.231
2.181
2.122
1.977
1.889
1.806
1.715
1.626
1.538
1.376
1.303
1.241
1.188
1.147
1.114
1.093
1.091
1.115
1.146
1.187
1.241
1.306
1.386
1.557
1.649
1.742
1.833
1.923
2.007
2.153
2.211
2.257
2.291
2.312
2.322
2.311
2.253
2.212
2.157
2.091
2.017
1.939
1.766
1.677
1.59
1.504
1.421
1.343
1.28
1.17
1.125
1.105
1.085
1.082
1.099
1.161
1.208
1.27
1.34
1.419
1.505
1.595
1.777
1.869
1.954
2.041
2.111
2.178
2.23
2.301
2.319
2.321
2.305
2.277
1.104
1.133
1.22
1.284
1.358
1.439
1.527
1.617
1.71
1.894
1.98
2.06
2.131
2.193
2.241
2.305
2.322
2.316
2.298
2.268
2.228
2.177
2.045
1.968
1.885
1.798
1.708
1.619
1.448
1.369
1.295
1.237
1.184
1.143
1.112
1.081
1.093
1.117
1.15
1.25
1.394
1.478
1.571
1.661
1.751
1.841
2.016
2.093
2.16
2.215
2.262
2.293
2.318
2.313
2.289
2.255
2.211
2.157
2.09
1.939
1.852
1.765
1.676
1.587
1.502
1.342
1.275
1.216
1.168
1.13
1.103
1.086
1.099
1.127
1.162
1.213
1.27
1.343
1.423
1.601
1.692
1.784
1.877
1.963
2.045
2.182
2.233
2.273
2.304
2.318
2.32
2.303
2.238
2.188
2.127
2.06
1.986
1.901
1.728
1.638
1.55
1.466
1.389
1.314
1.249
1.151
1.117
1.096
1.081
1.09
1.111
1.142
1.24
1.305
1.378
1.462
1.55
1.643
1.824
1.914
2.001
2.079
2.147
2.206
2.254
2.313
2.327
2.316
2.295
2.262
2.221
2.105
2.031
1.953
1.872
1.781
1.692
1.605
1.435
1.358
1.289
1.228
1.178
1.14
1.107
1.082
1.094
1.125
1.158
1.202
1.26
1.328
1.491
1.58
1.672
1.766
1.858
1.946
2.029
2.169
2.224
2.267
2.296
2.318
2.322
2.279
2.245
2.199
2.142
2.076
1.999
1.919
1.747
1.656
1.567
1.481
1.401
1.326
1.259
1.162
1.124
1.099
1.083
1.087
1.105
1.134
1.227
1.289
1.36
1.442
1.531
1.62
1.712
1.892
1.983
2.061
2.133
2.194
2.244
2.307
2.325
2.32
2.3
2.272
2.233
2.182
2.054
1.972
1.894
1.806
1.717
1.629
1.541
1.379
1.306
1.242
1.189
1.148
1.115
1.093
1.09
1.112
1.146
1.19
1.243
1.31
1.385
1.558
1.65
1.742
1.835
1.923
2.008
2.085
2.212
2.258
2.289
2.313
2.325
2.311
2.258
2.214
2.16
2.097
2.023
1.945
1.86
1.682
1.594
1.508
1.427
1.35
1.283
1.172
1.133
1.105
1.087
1.081
1.096
1.123
1.207
1.267
1.336
1.415
1.502
1.592
1.683
1.866
1.952
2.034
2.11
2.175
2.226
2.301
2.32
2.324
2.309
2.283
2.248
2.145
2.08
2.003
1.923
1.835
1.748
1.66
1.486
1.405
1.331
1.264
1.208
1.16
1.1
1.084
1.088
1.108
1.14
1.18
1.232
1.37
1.452
1.541
1.631
1.725
1.817
1.908
2.072
2.142
2.202
2.25
2.286
2.313
2.316
2.296
2.264
2.223
2.172
2.107
2.036
1.874
1.786
1.698
1.609
1.522
1.438
1.291
1.229
1.177
1.136
1.109
1.089
1.081
1.117
1.153
1.2
1.257
1.325
1.403
1.487
1.669
1.761
1.852
1.94
2.025
2.1
2.221
2.264
2.296
2.317
2.327
2.312
2.255
2.211
2.157
2.088
2.015
1.935
1.852
1.674
1.586
1.501
1.419
1.342
1.273
1.169
1.131
1.103
1.086
1.087
1.099
1.128
1.214
1.275
1.348
1.428
1.515
1.605
1.697
1.882
1.968
2.049
2.122
2.185
2.238
2.303
2.322
2.319
2.302
2.273
2.234
2.185
2.055
1.977
1.895
1.808
1.718
1.63
1.459
1.382
1.306
1.24
1.19
1.148
1.115
1.081
1.09
1.111
1.144
1.186
1.238
1.306
1.464
1.554
1.644
1.738
1.83
1.919
2.08
2.15
2.208
2.254
2.287
2.311
2.326
2.292
2.261
2.219
2.166
2.102
2.028
1.863
1.776
1.689
1.601
1.514
1.431
1.285
1.226
1.176
1.135
1.107
1.088
1.084
1.121
1.157
1.203
1.263
1.329
1.41
1.496
1.677
1.77
1.862
1.949
2.033
2.106
2.228
2.268
2.299
2.32
2.324
2.304
2.281
2.199
2.141
2.074
1.999
1.916
1.832
1.654
1.567
1.482
1.4
1.326
1.259
1.205
1.123
1.099
1.083
1.087
1.106
1.135
1.228
1.29
1.363
1.445
1.535
1.626
1.717
1.896
1.986
2.061
2.135
2.195
2.244
2.311
2.323
2.319
2.301
2.271
2.232
2.184
2.052
1.974
1.893
1.806
1.715
1.627
1.456
1.376
1.307
1.242
1.189
1.146
1.114
1.082
1.1
1.112
1.148
1.191
1.247
1.316
1.476
1.565
1.657
1.751
1.843
1.932
2.092
2.159
2.216
2.259
2.293
2.317
2.324
2.252
2.207
2.152
2.085
1.93
1.847
1.759
1.668
1.58
1.495
1.411
1.268
1.209
1.164
1.128
1.102
1.085
1.084
1.129
1.168
1.217
1.277
1.348
1.429
1.607
1.698
1.789
1.881
1.967
2.046
2.122
2.235
2.275
2.303
2.322
2.321
2.302
2.238
2.188
2.132
2.061
1.981
1.902
1.816
1.639
1.551
1.467
1.387
1.315
1.249
1.152
1.118
1.095
1.081
1.09
1.109
1.138
1.23
1.298
1.373
1.456
1.542
1.634
1.726
1.909
1.994
2.075
2.144
2.203
2.25
2.311
2.324
2.313
2.292
2.262
2.22
2.104
2.032
1.953
1.869
1.781
1.692
1.604
1.432
1.357
1.286
1.226
1.177
1.136
1.107
1.082
1.094
1.121
1.157
1.202
1.26
1.33
1.492
1.584
1.672
1.767
1.856
1.944
2.103
2.17
2.223
2.267
2.297
2.319
2.324
2.285
2.25
2.204
2.15
2.079
2.005
1.926
1.751
1.663
1.575
1.489
1.408
1.333
1.211
1.161
1.126
1.101
1.085
1.085
1.103
1.13
1.221
1.282
1.355
1.436
1.523
1.613
1.799
1.889
1.977
2.056
2.128
2.19
2.241
2.307
2.322
2.318
2.298
2.269
2.23
2.179
2.048
1.968
1.889
1.801
1.71
1.622
1.45
1.372
1.302
1.234
1.187
1.142
1.112
1.081
1.092
1.114
1.146
1.189
1.245
1.313
1.472
1.561
1.656
1.743
1.838
1.927
2.011
2.155
2.213
2.258
2.292
2.315
2.328
2.314
2.257
2.214
2.162
2.097
2.025
1.94
1.857
1.681
1.593
1.506
1.425
1.348
1.279
1.173
1.133
1.106
1.087
1.082
1.099
1.124
1.207
1.269
1.338
1.417
1.503
1.595
1.776
1.869
1.958
2.037
2.113
2.177
2.23
2.3
2.32
2.322
2.3
2.278
2.242
2.135
2.069
1.993
1.91
1.824
1.737
1.647
1.474
1.392
1.321
1.254
1.198
1.152
1.121
1.081
1.088
1.108
1.135
1.176
1.23
1.368
1.449
1.537
1.628
1.723
1.812
1.903
2.069
2.138
2.199
2.248
2.283
2.31
2.318
2.298
2.268
2.228
2.177
2.116
2.046
1.883
1.795
1.708
1.619
1.532
1.449
1.3
1.236
1.184
1.144
1.112
1.091
1.082
1.117
1.148
1.193
1.25
1.318
1.394
1.479
1.66
1.753
1.845
1.934
2.017
2.094
2.217
2.261
2.29
2.315
2.321
2.312
2.252
2.208
2.152
2.087
2.013
1.932
1.847
1.67
1.582
1.496
1.415
1.34
1.269
1.165
1.129
1.102
1.085
1.084
1.101
1.127
1.215
1.276
1.347
1.427
1.514
1.604
1.694
1.88
1.966
2.047
2.12
2.184
2.235
2.304
2.324
2.322
2.304
2.276
2.239
2.191
2.062
1.987
1.903
1.817
1.726
1.64
1.468
1.388
1.315
1.249
1.196
1.152
1.119
1.082
1.091
1.113
1.141
1.182
1.234
1.304
1.461
1.549
1.64
1.734
1.826
1.916
2.079
2.148
2.207
2.25
2.286
2.312
2.324
2.291
2.261
2.219
2.166
2.104
2.03
1.865
1.781
1.691
1.603
1.516
1.433
1.287
1.226
1.172
1.137
1.107
1.089
1.083
1.121
1.158
1.203
1.259
1.329
1.407
1.491
1.673
1.764
1.856
1.946
2.029
2.103
2.224
2.265
2.298
2.319
2.325
2.31
2.286
2.205
2.148
2.079
2.006
1.928
1.841
1.664
1.576
1.49
1.409
1.334
1.268
1.211
1.126
1.101
1.085
1.085
1.105
1.134
1.173
1.285
1.359
1.441
1.528
1.619
1.712
1.895
1.981
2.06
2.133
2.194
2.244
2.279
2.325
2.316
2.298
2.267
2.227
2.175
2.043
1.963
1.883
1.794
1.706
1.617
1.448
1.368
1.295
1.234
1.181
1.141
1.112
1.08
1.093
1.115
1.149
1.194
1.25
1.317
1.478
1.566
1.659
1.753
1.84
1.931
2.091
2.16
2.216
2.26
2.291
2.315
2.326
2.29
2.258
2.215
2.159
2.097
2.021
1.856
1.769
1.682
1.594
1.508
1.425
1.35
1.222
1.172
1.133
1.087
1.098
1.127
1.16
1.21
1.27
1.342
1.422
1.598
1.69
1.784
1.876
1.961
2.044
2.117
2.234
2.275
2.304
2.323
2.322
2.304
2.239
2.19
2.133
2.063
1.987
1.905
1.732
1.642
1.554
1.469
1.388
1.318
1.253
1.152
1.119
1.096
1.082
1.088
1.108
1.139
1.235
1.298
1.373
1.455
1.543
1.636
1.817
1.907
1.991
2.072
2.143
2.203
2.249
2.31
2.326
2.318
2.297
2.264
2.223
2.109
2.038
1.956
1.873
1.784
1.695
1.523
1.44
1.36
1.29
1.23
1.179
1.139
1.09
1.081
1.097
1.12
1.155
1.197
1.257
1.403
1.488
1.577
1.67
1.762
1.855
2.026
2.101
2.167
2.223
2.265
2.294
2.317
2.307
2.282
2.246
2.2
2.144
2.076
2.002
1.833
1.745
1.657
1.569
1.484
1.403
1.258
1.202
1.157
1.125
1.099
1.083
1.085
1.105
1.172
1.225
1.288
1.36
1.441
1.527
1.621
1.801
1.891
1.978
2.059
2.131
2.193
2.28
2.308
2.325
2.319
2.299
2.27
2.233
2.122
2.053
1.975
1.89
1.806
1.717
1.628
1.457
1.377
1.305
1.243
1.19
1.145
1.115
1.08
1.093
1.117
1.145
1.187
1.241
1.307
1.468
1.555
1.649
1.742
1.835
1.922
2.008
2.154
2.211
2.257
2.288
2.315
2.324
2.287
2.257
2.214
2.16
2.095
2.022
1.945
1.771
1.682
1.593
1.507
1.425
1.349
1.278
1.169
1.132
1.105
1.087
1.083
1.099
1.123
1.207
1.267
1.339
1.417
1.502
1.592
1.682
1.868
1.954
2.039
2.112
2.177
2.23
2.301
2.32
2.325
2.307
2.28
2.245
2.197
2.073
1.998
1.916
1.828
1.739
1.652
1.479
1.398
1.324
1.26
1.203
1.158
1.123
1.084
1.089
1.107
1.132
1.175
1.228
1.289
1.446
1.533
1.625
1.717
1.811
1.9
2.065
2.137
2.198
2.247
2.282
2.308
2.314
2.295
2.265
2.224
2.172
2.11
2.037
1.876
1.79
1.699
1.611
1.524
1.439
1.293
1.231
1.179
1.139
1.11
1.09
1.082
1.118
1.15
1.199
1.253
1.324
1.401
1.485
1.671
1.757
1.851
1.937
2.021
2.099
2.221
2.264
2.296
2.317
2.327
2.312
2.287
2.21
2.154
2.09
2.017
1.937
1.847
1.674
1.585
1.499
1.418
1.342
1.274
1.167
1.131
1.104
1.086
1.083
1.103
1.129
1.209
1.274
1.344
1.424
1.51
1.601
1.693
1.878
1.966
2.045
2.119
2.183
2.234
2.277
2.322
2.322
2.3
2.275
2.236
2.187
2.059
1.982
1.9
1.815
1.724
1.635
1.466
1.387
1.313
1.247
1.19
1.149
1.117
1.081
1.091
1.111
1.142
1.186
1.24
1.307
1.464
1.55
1.646
1.734
1.824
1.917
2.079
2.149
2.207
2.254
2.286
2.313
2.327
2.292
2.26
2.218
2.167
2.1
2.029
1.863
1.778
1.689
1.599
1.514
1.431
1.354
1.223
1.176
1.135
1.107
1.088
1.083
1.097
1.158
1.202
1.262
1.332
1.411
1.496
1.677
1.77
1.865
1.952
2.032
2.108
2.173
2.272
2.301
2.321
2.322
2.307
2.278
2.194
2.136
2.068
1.993
1.911
1.824
1.737
1.56
1.474
1.396
1.322
1.253
1.197
1.12
1.097
1.082
1.088
1.108
1.137
1.178
1.295
1.368
1.45
1.538
1.629
1.722
1.902
1.989
2.069
2.139
2.199
2.246
2.284
2.325
2.318
2.298
2.268
2.228
2.178
2.044
1.967
1.881
1.795
1.707
1.618
1.532
1.369
1.298
1.236
1.185
1.143
1.112
1.081
1.092
1.116
1.149
1.194
1.249
1.319
1.48
1.571
1.661
1.753
1.846
1.934
2.019
2.162
2.217
2.265
2.296
2.317
2.325
2.286
2.252
2.207
2.151
2.086
2.012
1.932
1.76
1.67
1.581
1.496
1.417
1.338
1.211
1.165
1.127
1.102
1.085
1.083
1.1
1.167
1.217
1.279
1.351
1.43
1.517
1.609
1.789
1.886
1.966
2.048
2.123
2.277
2.304
2.324
2.323
2.3
2.237
2.189
2.128
2.06
1.981
1.899
1.813
1.636
1.549
1.464
1.385
1.313
1.247
1.149
1.118
1.095
1.082
1.091
1.109
1.138
1.238
1.303
1.376
1.46
1.548
1.64
1.733
1.914
2.0
2.076
2.147
2.205
2.254
2.314
2.325
2.313
2.295
2.262
2.221
2.101
2.032
1.955
1.872
1.783
1.694
1.605
1.436
1.358
1.287
1.225
1.175
1.135
1.108
1.079
1.097
1.12
1.156
1.201
1.26
1.406
1.491
1.58
1.671
1.766
1.854
1.946
2.103
2.169
2.224
2.267
2.299
2.319
2.308
2.283
2.248
2.203
2.146
2.083
2.004
1.838
1.75
1.661
1.573
1.488
1.406
1.265
1.209
1.162
1.126
1.101
1.083
1.086
1.133
1.167
1.218
1.284
1.357
1.438
1.525
1.708
1.802
1.892
1.98
2.057
2.13
2.192
2.28
2.307
2.324
2.317
2.299
2.27
2.23
2.118
2.048
1.972
1.889
1.801
1.711
1.535
1.452
1.374
1.301
1.237
1.185
1.143
1.092
1.079
1.091
1.114
1.145
1.189
1.246
1.313
1.472
1.561
1.653
1.744
1.835
1.928
2.087
2.155
2.212
2.259
2.291
2.315
2.327
2.29
2.259
2.216
2.162
2.098
2.027
1.947
1.774
1.685
1.597
1.51
1.428
1.352
1.222
1.171
1.136
1.106
1.088
1.081
1.098
1.16
1.208
1.263
1.335
1.414
1.5
1.589
1.774
1.866
1.954
2.037
2.11
2.175
2.228
2.301
2.318
2.32
2.302
2.278
2.242
2.194
2.069
1.992
1.912
1.825
1.738
1.647
1.475
1.394
1.318
1.254
1.197
1.154
1.12
1.082
1.088
1.108
1.136
1.177
1.233
1.295
1.449
1.538
1.628
1.719
1.811
1.9
2.07
2.139
2.199
2.247
2.284
2.31
2.327
2.296
2.268
2.229
2.179
2.117
2.046
1.886
1.799
1.71
1.621
1.534
1.451
1.301
1.241
1.184
1.145
1.113
1.092
1.082
1.116
1.147
1.186
1.245
1.313
1.39
1.474
1.655
1.748
1.841
1.93
2.012
2.09
2.214
2.26
2.292
2.316
2.322
2.309
2.289
2.21
2.156
2.088
2.017
1.937
1.852
1.674
1.587
1.502
1.418
1.343
1.274
1.212
1.129
1.104
1.086
1.084
1.101
1.126
1.162
1.271
1.343
1.423
1.509
1.6
1.691
1.874
1.961
2.04
2.117
2.181
2.236
2.302
2.322
2.32
2.306
2.277
2.24
2.191
2.062
1.985
1.907
1.819
1.732
1.642
1.467
1.389
1.318
1.251
1.196
1.155
1.12
1.082
1.089
1.106
1.136
1.181
1.232
1.297
1.455
1.541
1.634
1.727
1.82
1.91
2.073
2.143
2.203
2.251
2.285
2.312
2.324
2.292
2.262
2.22
2.167
2.103
2.032
1.87
1.783
1.693
1.604
1.518
1.434
1.358
1.227
1.175
1.135
1.108
1.089
1.082
1.121
1.156
1.202
1.263
1.33
1.409
1.494
1.674
1.767
1.86
1.943
2.028
2.105
2.17
2.268
2.298
2.32
2.325
2.308
2.283
2.202
2.147
2.08
2.003
1.921
1.837
1.66
1.572
1.488
1.404
1.33
1.267
1.207
1.126
1.1
1.084
1.088
1.105
1.132
1.173
1.285
1.357
1.438
1.525
1.615
1.707
1.89
1.978
2.057
2.13
2.191
2.242
2.28
2.326
2.313
2.297
2.269
2.23
2.179
2.047
1.97
1.888
1.802
1.71
1.623
1.535
1.377
1.302
1.239
1.187
1.144
1.114
1.081
1.091
1.115
1.145
1.19
1.246
1.312
1.472
1.56
1.65
1.745
1.835
1.924
2.011
2.155
2.213
2.256
2.29
2.315
2.327
2.29
2.259
2.216
2.162
2.098
2.024
1.861
1.773
1.685
1.596
1.51
1.429
1.35
1.223
1.174
1.136
1.107
1.088
1.082
1.099
1.16
1.208
1.267
1.337
1.416
1.503
1.686
1.778
1.872
1.957
2.037
2.112
2.177
2.272
2.301
2.322
2.321
2.304
2.277
2.192
2.131
2.064
1.988
1.907
1.82
1.732
1.556
1.472
1.321
1.255
1.151
1.12
1.096
1.082
1.088
1.108
1.137
1.232
1.295
1.37
1.452
1.543
1.63
1.724
1.904
1.992
2.07
2.141
2.199
2.25
2.311
2.327
2.318
2.296
2.267
2.226
2.173
2.035
1.964
1.88
1.791
1.703
1.614
1.444
1.369
1.296
1.235
1.182
1.142
1.111
1.081
1.095
1.118
1.151
1.198
1.253
1.322
1.484
1.571
1.664
1.757
1.848
1.939
2.097
2.164
2.22
2.264
2.295
2.313
2.325
2.286
2.25
2.205
2.151
2.082
2.008
1.844
1.754
1.665
1.577
1.491
1.409
1.267
1.209
1.159
1.126
1.101
1.084
1.088
1.131
1.17
1.221
1.283
1.354
1.434
1.522
1.704
1.796
1.888
1.974
2.055
2.127
2.24
2.28
2.305
2.325
2.324
2.301
2.274
2.188
2.128
2.058
1.984
1.895
1.809
1.724
1.548
1.462
1.384
1.312
1.248
1.194
1.151
1.095
1.081
1.089
1.111
1.139
1.181
1.239
1.375
1.458
1.547
1.639
1.731
1.823
1.913
2.076
2.146
2.204
2.252
2.287
2.31
2.315
2.292
2.263
2.222
2.169
2.106
2.034
1.872
1.786
1.695
1.607
1.518
1.438
1.358
1.228
1.177
1.137
1.109
1.089
1.082
1.096
1.158
1.202
1.265
1.332
1.411
1.496
1.586
1.771
1.861
1.948
2.032
2.107
2.172
2.227
2.299
2.321
2.325
2.308
2.283
2.248
2.145
2.077
2.005
1.921
1.837
1.743
1.659
1.487
1.405
1.331
1.264
1.207
1.16
1.124
1.084
1.085
1.106
1.131
1.17
1.225
1.285
1.44
1.528
1.616
1.712
1.803
1.893
2.06
2.132
2.193
2.244
2.278
2.307
2.326
2.294
2.269
2.229
2.177
2.117
2.046
1.887
1.801
1.712
1.622
1.535
1.45
1.374
1.241
1.185
1.145
1.113
1.092
1.081
1.115
1.148
1.193
1.252
1.316
1.393
1.476
1.657
1.752
1.839
1.93
2.013
2.091
2.159
2.259
2.294
2.316
2.327
2.313
2.292
2.215
2.163
2.1
2.026
1.944
1.856
1.684
1.595
1.509
1.426
1.351
1.281
1.221
1.134
1.106
1.087
1.086
1.099
1.127
1.163
1.272
1.341
1.421
1.508
1.598
1.689
1.873
1.962
2.041
2.116
2.18
2.232
2.269
2.321
2.321
2.302
2.276
2.238
2.19
2.061
1.986
1.903
1.815
1.728
1.639
1.552
1.386
1.31
1.249
1.197
1.151
1.118
1.081
1.09
1.109
1.14
1.182
1.235
1.302
1.457
1.545
1.636
1.728
1.818
1.91
1.994
2.144
2.203
2.251
2.286
2.311
2.326
2.295
2.266
2.225
2.173
2.111
2.04
1.961
1.788
1.698
1.613
1.526
1.444
1.364
1.233
1.181
1.14
1.111
1.091
1.08
1.099
1.152
1.196
1.255
1.321
1.399
1.484
1.571
1.758
1.85
1.938
2.022
2.097
2.164
2.264
2.296
2.315
2.325
2.306
2.284
2.249
2.149
2.08
2.008
1.926
1.841
1.753
1.575
1.49
1.408
1.334
1.266
1.207
1.162
1.101
1.084
1.085
1.103
1.131
1.169
1.221
1.354
1.435
1.522
1.613
1.705
1.794
1.973
2.054
2.127
2.189
2.239
2.277
2.323
2.32
2.301
2.274
2.236
2.186
2.125
1.978
1.898
1.81
1.721
1.634
1.547
1.385
1.31
1.248
1.192
1.149
1.116
1.095
1.09
1.113
1.143
1.184
1.236
1.3
1.378
1.55
1.641
1.734
1.826
1.917
2.0
2.148
2.206
2.254
2.29
2.311
2.326
2.315
2.259
2.216
2.163
2.097
2.026
1.946
1.776
1.686
1.597
1.511
1.428
1.351
1.279
1.172
1.133
1.106
1.087
1.082
1.098
1.122
1.207
1.266
1.334
1.414
1.499
1.589
1.773
1.864
1.952
2.031
2.109
2.174
2.227
2.299
2.321
2.324
2.307
2.283
2.247
2.143
2.077
2.003
1.921
1.836
1.745
1.658
1.484
1.403
1.33
1.265
1.206
1.162
1.1
1.084
1.088
1.106
1.134
1.17
1.223
1.36
1.442
1.529
1.621
1.807
1.982
2.063
2.133
2.195
2.244
2.281
2.325
2.317
2.296
2.267
2.227
2.176
2.113
1.967
1.883
1.796
1.705
1.617
1.53
1.369
1.294
1.235
1.185
1.14
1.112
1.092
1.094
1.115
1.149
1.193
1.25
1.319
1.394
1.57
1.66
1.751
1.843
1.933
2.012
2.16
2.216
2.26
2.294
2.315
2.326
2.289
2.255
2.212
2.156
2.093
2.021
1.938
1.762
1.676
1.589
1.502
1.42
1.344
1.218
1.17
1.132
1.104
1.087
1.084
1.1
1.161
1.209
1.272
1.34
1.42
1.506
1.597
1.781
1.871
1.96
2.041
2.115
2.179
2.271
2.301
2.32
2.322
2.303
2.277
2.24
2.133
2.063
1.987
1.906
1.817
1.732
1.554
1.47
1.391
1.316
1.249
1.197
1.151
1.096
1.082
1.088
1.108
1.138
1.177
1.235
1.371
1.453
1.541
1.632
1.724
1.816
1.907
2.071
2.141
2.201
2.249
2.287
2.311
2.326
2.297
2.266
2.225
2.173
2.112
2.039
1.876
1.789
1.701
1.613
1.525
1.444
1.365
1.231
1.18
1.142
1.111
1.091
1.083
1.097
1.153
1.198
1.252
1.323
1.402
1.486
1.576
1.76
1.854
1.939
2.024
2.099
2.166
2.222
2.293
2.315
2.323
2.308
2.283
2.249
2.145
2.081
2.007
1.927
1.842
1.752
1.663
1.488
1.411
1.332
1.264
1.206
1.161
1.123
1.084
1.084
1.104
1.131
1.169
1.221
1.281
1.434
1.521
1.613
1.704
1.796
1.886
1.972
2.125
2.189
2.24
2.278
2.306
2.324
2.322
2.275
2.238
2.189
2.129
2.061
1.985
1.815
1.726
1.637
1.55
1.465
1.385
1.249
1.195
1.151
1.118
1.096
1.083
1.09
1.146
1.19
1.241
1.313
1.385
1.47
1.557
1.742
1.835
1.925
2.009
2.086
2.154
2.257
2.294
2.314
2.325
2.31
2.289
2.256
2.158
2.092
2.019
1.94
1.856
1.768
1.59
1.504
1.423
1.346
1.276
1.217
1.169
1.104
1.086
1.083
1.1
1.125
1.165
1.208
1.342
1.421
1.507
1.596
1.688
1.783
1.96
2.041
2.116
2.181
2.232
2.272
2.302
2.323
2.305
2.277
2.24
2.192
2.132
1.991
1.903
1.818
1.726
1.642
1.555
1.39
1.318
1.254
1.197
1.152
1.12
1.097
1.09
1.107
1.14
1.181
1.232
1.297
1.373
1.544
1.635
1.729
1.821
1.911
1.997
2.073
2.204
2.25
2.285
2.311
2.324
2.315
2.261
2.218
2.164
2.102
2.031
1.951
1.866
1.691
1.602
1.515
1.433
1.356
1.285
1.174
1.136
1.107
1.089
1.082
1.096
1.121
1.203
1.261
1.328
1.408
1.493
1.584
1.764
1.858
1.945
2.027
2.104
2.17
2.224
2.298
2.319
2.324
2.308
2.286
2.25
2.15
2.081
2.008
1.921
1.838
1.754
1.663
1.49
1.406
1.334
1.267
1.211
1.163
1.101
1.084
1.087
1.105
1.132
1.171
1.22
1.356
1.436
1.523
1.612
1.708
1.801
1.89
2.055
2.129
2.191
2.244
2.281
2.305
2.316
2.298
2.27
2.23
2.179
2.118
2.048
1.887
1.801
1.71
1.622
1.535
1.452
1.303
1.238
1.184
1.145
1.112
1.092
1.082
1.115
1.149
1.192
1.247
1.313
1.39
1.473
1.653
1.746
1.838
1.927
2.01
2.088
2.213
2.258
2.292
2.316
2.325
2.315
2.26
2.217
2.163
2.098
2.027
1.944
1.858
1.686
1.597
1.511
1.43
1.351
1.282
1.171
1.136
1.107
1.088
1.083
1.099
1.122
1.208
1.265
1.336
1.415
1.501
1.591
1.685
1.869
1.957
2.038
2.111
2.176
2.23
2.299
2.32
2.324
2.304
2.279
2.242
2.194
2.069
1.992
1.912
1.826
1.736
1.648
1.475
1.393
1.321
1.256
1.2
1.156
1.12
1.082
1.089
1.107
1.136
1.178
1.232
1.292
1.448
1.536
1.628
1.72
1.813
1.902
2.066
2.138
2.198
2.245
2.284
2.309
2.325
2.301
2.271
2.233
2.183
2.123
2.052
1.801
1.716
1.628
1.541
1.378
1.305
1.244
1.188
1.148
1.115
1.093
1.092
1.113
1.142
1.185
1.244
1.309
1.386
1.558
1.65
1.743
1.836
1.925
2.009
2.086
2.213
2.256
2.292
2.312
2.326
2.31
2.256
2.212
2.159
2.092
2.018
1.941
1.769
1.678
1.59
1.504
1.422
1.346
1.278
1.167
1.133
1.104
1.087
1.085
1.1
1.125
1.209
1.271
1.342
1.421
1.507
1.6
1.781
1.873
1.961
2.042
2.116
2.18
2.234
2.303
2.321
2.325
2.306
2.282
2.245
2.142
2.071
1.999
1.914
1.831
1.741
1.652
1.48
1.399
1.325
1.26
1.203
1.157
1.099
1.083
1.091
1.11
1.135
1.178
1.228
1.366
1.448
1.534
1.628
1.72
1.811
1.903
2.067
2.137
2.198
2.247
2.282
2.312
2.316
2.294
2.265
2.224
2.172
2.109
2.038
1.876
1.789
1.7
1.611
1.525
1.443
1.364
1.232
1.181
1.139
1.11
1.09
1.082
1.095
1.152
1.196
1.254
1.323
1.4
1.485
1.573
1.758
1.849
1.936
2.023
2.097
2.164
2.219
2.295
2.317
2.325
2.313
2.286
2.254
2.155
2.089
2.017
1.933
1.85
1.762
1.672
1.5
1.418
1.342
1.273
1.214
1.167
1.13
1.086
1.085
1.101
1.128
1.165
1.215
1.272
1.426
1.512
1.604
1.694
1.787
1.879
1.967
2.12
2.183
2.236
2.273
2.302
2.317
2.319
2.274
2.236
2.187
2.127
2.058
1.981
1.812
1.724
1.635
1.548
1.464
1.383
1.311
1.193
1.149
1.116
1.095
1.083
1.09
1.111
1.187
1.239
1.304
1.379
1.462
1.55
1.639
1.826
1.914
1.999
2.079
2.148
2.207
2.288
2.313
2.328
2.318
2.294
2.264
2.223
2.108
2.038
1.958
1.871
1.786
1.698
1.523
1.439
1.362
1.292
1.231
1.179
1.14
1.09
1.083
1.098
1.124
1.156
1.202
1.261
1.409
1.495
1.584
1.677
1.77
1.863
2.032
2.107
2.172
2.227
2.269
2.298
2.323
2.307
2.28
2.245
2.198
2.139
2.073
1.916
1.831
1.744
1.652
1.565
1.48
1.324
1.257
1.203
1.156
1.123
1.098
1.083
1.104
1.133
1.176
1.226
1.289
1.361
1.443
1.622
1.712
1.804
1.896
1.978
2.063
2.194
2.245
2.281
2.307
2.325
2.321
2.3
2.23
2.18
2.12
2.049
1.971
1.887
1.713
1.624
1.536
1.451
1.374
1.302
1.238
1.145
1.114
1.093
1.08
1.093
1.116
1.146
1.247
1.312
1.389
1.472
1.562
1.653
1.838
1.928
2.013
2.088
2.156
2.214
2.26
2.315
2.324
2.314
2.287
2.254
2.21
2.089
2.016
1.935
1.851
1.762
1.674
1.586
1.418
1.34
1.276
1.214
1.165
1.13
1.086
1.085
1.101
1.128
1.164
1.213
1.275
1.427
1.512
1.603
1.697
1.786
1.878
1.964
2.12
2.183
2.236
2.274
2.304
2.322
2.304
2.277
2.239
2.191
2.131
2.062
1.902
1.813
1.73
1.64
1.552
1.468
1.388
1.252
1.196
1.153
1.12
1.096
1.082
1.091
1.142
1.177
1.233
1.3
1.373
1.456
1.636
1.728
1.822
1.911
1.995
2.074
2.144
2.256
2.287
2.309
2.326
2.313
2.292
2.219
2.166
2.102
2.032
1.95
1.868
1.781
1.602
1.516
1.432
1.356
1.286
1.226
1.135
1.108
1.088
1.082
1.095
1.122
1.159
1.26
1.329
1.408
1.493
1.582
1.674
1.763
1.946
2.031
2.104
2.17
2.225
2.267
2.319
2.324
2.309
2.286
2.25
2.205
2.149
2.008
1.928
1.843
1.754
1.665
1.577
1.41
1.334
1.268
1.212
1.164
1.127
1.102
1.085
1.103
1.132
1.169
1.221
1.28
1.353
1.521
1.612
1.704
1.798
1.888
1.975
2.127
2.189
2.241
2.278
2.304
2.322
2.297
2.271
2.232
2.182
2.117
2.05
1.975
1.805
1.716
1.627
1.539
1.456
1.375
1.242
1.19
1.148
1.114
1.093
1.081
1.091
1.144
1.189
1.309
1.385
1.468
1.648
1.743
1.83
1.922
2.007
2.083
2.211
2.256
2.29
2.314
2.326
2.314
2.294
2.221
2.167
2.105
2.032
1.953
1.867
1.692
1.604
1.517
1.435
1.356
1.288
1.227
1.138
1.109
1.089
1.082
1.098
1.122
1.202
1.259
1.33
1.408
1.493
1.581
1.674
1.862
1.947
2.029
2.104
2.171
2.226
2.296
2.321
2.323
2.305
2.282
2.245
2.198
2.074
2.0
1.919
1.832
1.745
1.656
1.482
1.404
1.328
1.259
1.202
1.16
1.124
1.083
1.087
1.104
1.133
1.171
1.226
1.287
1.441
1.528
1.618
1.711
1.803
1.893
2.061
2.131
2.193
2.244
2.281
2.308
2.324
2.302
2.273
2.235
2.185
2.126
2.057
1.897
1.806
1.721
1.632
1.544
1.458
1.381
1.246
1.192
1.148
1.116
1.094
1.082
1.094
1.148
1.191
1.251
1.315
1.392
1.476
1.566
1.751
1.842
1.929
2.015
2.092
2.159
2.214
2.294
2.313
2.326
2.312
2.286
2.254
2.209
2.088
2.015
1.934
1.85
1.76
1.673
1.5
1.417
1.34
1.273
1.214
1.166
1.13
1.086
1.082
1.099
1.127
1.165
1.214
1.277
1.425
1.512
1.604
1.694
1.787
1.875
1.963
2.119
2.182
2.235
2.273
2.303
2.322
2.324
2.276
2.239
2.19
2.128
2.057
1.985
1.816
1.729
1.639
1.552
1.466
1.386
1.315
1.197
1.152
1.118
1.096
1.082
1.089
1.109
1.182
1.236
1.3
1.375
1.458
1.547
1.637
1.823
1.911
1.997
2.074
2.145
2.205
2.254
2.309
2.325
2.313
2.294
2.261
2.219
2.103
2.029
1.952
1.868
1.78
1.69
1.515
1.432
1.355
1.283
1.222
1.175
1.136
1.089
1.083
1.095
1.121
1.157
1.206
1.266
1.412
1.498
1.589
1.681
1.773
1.863
2.034
2.108
2.173
2.227
2.269
2.299
2.319
2.307
2.282
2.248
2.202
2.148
2.081
1.922
1.839
1.748
1.66
1.572
1.486
1.406
1.263
1.207
1.16
1.125
1.1
1.084
1.087
1.134
1.17
1.219
1.283
1.358
1.438
1.616
1.709
1.802
1.893
1.978
2.06
2.13
2.24
2.279
2.307
2.322
2.319
2.298
2.23
2.179
2.118
2.047
1.97
1.887
1.797
1.622
1.535
1.452
1.372
1.301
1.238
1.143
1.113
1.092
1.079
1.093
1.117
1.148
1.25
1.317
1.394
1.477
1.567
1.659
1.749
1.931
2.013
2.091
2.159
2.215
2.259
2.316
2.325
2.313
2.289
2.257
2.214
2.159
2.02
1.941
1.852
1.768
1.679
1.592
1.424
1.346
1.279
1.222
1.172
1.133
1.105
1.082
1.102
1.124
1.162
1.21
1.268
1.418
1.505
1.596
1.689
1.781
1.872
1.959
2.114
2.179
2.232
2.273
2.301
2.316
2.304
2.277
2.24
2.192
2.129
2.061
1.988
1.82
1.732
1.642
1.555
1.47
1.391
1.253
1.196
1.153
1.119
1.097
1.082
1.089
1.138
1.182
1.236
1.301
1.373
1.455
1.543
1.729
1.821
1.907
1.995
2.074
2.143
2.25
2.286
2.31
2.326
2.317
2.298
2.227
2.176
2.113
2.042
1.963
1.881
1.793
1.616
1.529
1.444
1.367
1.296
1.237
1.142
1.112
1.091
1.083
1.095
1.119
1.152
1.253
1.319
1.396
1.48
1.569
1.661
1.755
1.935
2.018
2.094
2.162
2.218
2.262
2.315
2.324
2.313
2.285
2.251
2.206
2.148
2.01
1.931
1.844
1.756
1.667
1.578
1.411
1.334
1.265
1.21
1.162
1.127
1.102
1.085
1.104
1.13
1.167
1.218
1.28
1.35
1.518
1.607
1.701
1.794
1.881
1.97
2.123
2.186
2.239
2.275
2.305
2.324
2.302
2.274
2.237
2.189
2.126
2.061
1.985
1.811
1.726
1.637
1.549
1.465
1.386
1.247
1.196
1.151
1.118
1.095
1.08
1.091
1.14
1.183
1.235
1.299
1.376
1.458
1.546
1.73
1.823
1.913
1.997
2.077
2.145
2.252
2.288
2.312
2.326
2.315
2.219
2.163
2.103
2.03
1.951
1.867
1.691
1.603
1.516
1.431
1.356
1.285
1.224
1.135
1.107
1.089
1.082
1.098
1.124
1.158
1.264
1.334
1.413
1.498
1.588
1.681
1.864
1.948
2.03
2.108
2.173
2.226
2.271
2.319
2.326
2.308
2.283
2.249
2.203
2.077
2.006
1.923
1.837
1.751
1.661
1.488
1.407
1.332
1.263
1.211
1.163
1.126
1.084
1.085
1.104
1.134
1.171
1.222
1.284
1.439
1.526
1.617
1.709
1.803
1.892
2.058
2.131
2.193
2.243
2.281
2.307
2.324
2.298
2.268
2.228
2.177
2.116
2.048
1.887
1.799
1.707
1.62
1.533
1.451
1.375
1.235
1.184
1.144
1.113
1.092
1.081
1.093
1.149
1.194
1.249
1.315
1.392
1.476
1.566
1.748
1.84
1.93
2.013
2.089
2.158
2.259
2.292
2.316
2.326
2.313
2.289
2.256
2.16
2.094
2.018
1.941
1.855
1.769
1.679
1.505
1.424
1.346
1.277
1.22
1.17
1.133
1.087
1.081
1.101
1.127
1.165
1.211
1.266
1.42
1.505
1.598
1.689
1.781
1.874
1.961
2.116
2.18
2.233
2.275
2.298
2.322
2.301
2.276
2.239
2.191
2.131
2.063
1.986
1.818
1.729
1.641
1.553
1.468
1.391
1.315
1.196
1.151
1.118
1.096
1.082
1.087
1.109
1.182
1.236
1.299
1.375
1.457
1.547
1.638
1.822
1.912
1.997
2.074
2.144
2.204
2.287
2.31
2.326
2.316
2.295
2.265
2.224
2.109
2.041
1.959
1.877
1.788
1.699
1.611
1.442
1.364
1.292
1.233
1.181
1.141
1.09
1.081
1.097
1.12
1.155
1.198
1.253
1.403
1.487
1.578
1.67
1.761
1.855
1.944
2.1
2.166
2.222
2.264
2.296
2.317
2.307
2.285
2.249
2.203
2.146
2.081
2.004
1.839
1.751
1.661
1.573
1.488
1.408
1.265
1.206
1.161
1.125
1.101
1.084
1.087
1.131
1.17
1.221
1.28
1.355
1.435
1.522
1.704
1.798
1.887
1.972
2.054
2.127
2.239
2.278
2.306
2.324
2.322
2.303
2.238
2.19
2.126
2.06
1.985
1.901
1.817
1.638
1.551
1.465
1.386
1.313
1.251
1.196
1.118
1.095
1.082
1.091
1.111
1.138
1.234
1.297
1.374
1.457
1.544
1.636
1.73
1.912
1.996
2.075
2.144
2.203
2.252
2.304
2.325
2.316
2.29
2.262
2.22
2.167
2.032
1.951
1.869
1.781
1.694
1.604
1.433
1.357
1.289
1.227
1.177
1.136
1.109
1.081
1.097
1.119
1.156
1.201
1.262
1.328
1.491
1.582
1.674
1.765
1.856
1.944
2.102
2.169
2.225
2.266
2.298
2.32
2.324
2.285
2.251
2.205
2.148
2.084
2.008
1.841
1.752
1.665
1.577
1.49
1.411
1.27
1.211
1.164
1.127
1.102
1.085
1.085
1.132
1.167
1.22
1.282
1.355
1.435
1.522
1.705
1.799
1.888
1.976
2.055
2.128
2.244
2.278
2.307
2.324
2.317
2.299
2.27
2.181
2.121
2.051
1.972
1.887
1.804
1.624
1.537
1.452
1.373
1.302
1.238
1.187
1.114
1.093
1.083
1.093
1.115
1.146
1.191
1.313
1.388
1.472
1.562
1.651
1.744
1.927
2.008
2.087
2.155
2.213
2.258
2.316
2.327
2.315
2.292
2.26
2.217
2.166
2.028
1.945
1.862
1.775
1.686
1.598
1.428
1.352
1.283
1.223
1.174
1.135
1.107
1.081
1.1
1.125
1.158
1.207
1.263
1.334
1.498
1.589
1.682
1.775
1.865
1.954
2.111
2.175
2.228
2.269
2.301
2.32
2.324
2.279
2.243
2.195
2.136
2.068
1.993
1.828
1.738
1.649
1.56
1.475
1.397
1.322
1.2
1.154
1.121
1.098
1.082
1.086
1.136
1.178
1.229
1.294
1.365
1.448
1.535
1.717
1.806
1.902
1.986
2.064
2.137
2.197
2.282
2.308
2.326
2.318
2.3
2.27
2.23
2.114
2.049
1.971
1.886
1.798
1.711
1.535
1.453
1.373
1.301
1.237
1.186
1.144
1.082
1.093
1.114
1.148
1.193
1.316
1.393
1.477
1.565
1.657
1.751
1.932
2.015
2.092
2.16
2.217
2.262
2.294
2.324
2.309
2.286
2.252
2.207
2.152
2.088
1.933
1.847
1.761
1.67
1.581
1.495
1.338
1.269
1.21
1.166
1.127
1.102
1.085
1.101
1.128
1.167
1.217
1.279
1.348
1.429
1.515
1.696
1.79
1.88
1.97
2.046
2.121
2.237
2.276
2.304
2.323
2.321
2.304
2.276
2.191
2.131
2.061
1.985
1.903
1.819
1.729
1.552
1.469
1.387
1.315
1.251
1.195
1.153
1.096
1.082
1.088
1.113
1.14
1.179
1.234
1.375
1.458
1.545
1.636
1.73
1.822
1.914
2.075
2.145
2.205
2.253
2.285
2.311
2.314
2.292
2.261
2.219
2.165
2.103
2.03
1.867
1.78
1.69
1.602
1.516
1.436
1.286
1.224
1.176
1.137
1.108
1.089
1.078
1.123
1.155
1.2
1.263
1.33
1.407
1.492
1.674
1.766
1.856
1.943
2.028
2.104
2.224
2.267
2.298
2.319
2.326
2.31
2.251
2.205
2.149
2.082
2.007
1.925
1.842
1.664
1.575
1.49
1.41
1.334
1.268
1.163
1.127
1.101
1.085
1.084
1.105
1.128
1.22
1.281
1.352
1.433
1.519
1.61
1.705
1.887
1.973
2.054
2.126
2.189
2.24
2.306
2.324
2.317
2.298
2.27
2.232
2.181
2.049
1.973
1.89
1.802
1.714
1.625
1.454
1.378
1.306
1.235
1.187
1.146
1.114
1.081
1.091
1.111
1.144
1.188
1.243
1.309
1.468
1.553
1.649
1.738
1.833
1.923
2.084
2.152
2.21
2.256
2.29
2.313
2.326
2.291
2.259
2.216
2.161
2.098
2.026
1.943
1.774
1.685
1.596
1.509
1.427
1.351
1.282
1.174
1.134
1.106
1.088
1.081
1.1
1.124
1.208
1.268
1.338
1.415
1.5
1.592
1.683
1.865
1.957
2.038
2.111
2.176
2.231
2.299
2.319
2.324
2.306
2.278
2.241
2.194
2.068
1.992
1.911
1.825
1.735
1.646
1.559
1.394
1.322
1.252
1.201
1.151
1.12
1.098
1.088
1.108
1.139
1.18
1.232
1.296
1.37
1.54
1.631
1.721
1.816
1.903
1.988
2.069
2.2
2.247
2.284
2.309
2.325
2.318
2.268
2.227
2.175
2.114
2.042
1.962
1.879
1.706
1.616
1.53
1.448
1.369
1.297
1.238
1.142
1.112
1.091
1.082
1.095
1.118
1.151
1.251
1.319
1.397
1.481
1.571
1.662
1.756
1.937
2.019
2.095
2.163
2.219
2.264
2.294
2.325
2.307
2.284
2.251
2.206
2.15
2.01
1.93
1.844
1.754
1.667
1.579
1.495
1.338
1.271
1.212
1.164
1.127
1.102
1.085
1.102
1.13
1.167
1.217
1.28
1.349
1.429
1.605
1.698
1.787
1.881
1.968
2.049
2.123
2.238
2.275
2.306
2.323
2.322
2.302
2.277
2.19
2.132
2.06
1.988
1.906
1.816
1.64
1.553
1.468
1.388
1.315
1.252
1.196
1.119
1.096
1.082
1.089
1.113
1.139
1.18
1.232
1.374
1.456
1.545
1.634
1.729
1.822
1.996
2.075
2.144
2.204
2.25
2.285
2.312
2.317
2.292
2.262
2.22
2.165
2.103
2.03
1.867
1.782
1.69
1.603
1.515
1.432
1.356
1.227
1.174
1.135
1.107
1.089
1.081
1.097
1.156
1.204
1.261
1.332
1.409
1.493
1.583
1.768
1.861
1.948
2.031
2.105
2.17
2.268
2.299
2.319
2.327
2.309
2.284
2.251
2.15
2.079
2.009
1.926
1.838
1.752
1.665
1.491
1.411
1.334
1.269
1.212
1.163
1.126
1.085
1.086
1.103
1.127
1.167
1.215
1.275
1.429
1.514
1.607
1.699
1.792
1.882
1.971
2.123
2.186
2.237
2.277
2.306
2.322
2.3
2.273
2.236
2.186
2.124
2.056
1.98
1.812
1.722
1.633
1.546
1.462
1.383
1.308
1.193
1.15
1.116
1.094
1.079
1.091
1.112
1.186
1.239
1.304
1.38
1.463
1.55
1.644
1.828
1.915
2.079
2.148
2.254
2.288
2.312
2.327
2.315
2.293
2.262
2.168
2.104
2.029
1.952
1.868
1.781
1.604
1.517
1.435
1.358
1.287
1.227
1.177
1.109
1.089
1.082
1.098
1.123
1.159
1.266
1.333
1.413
1.497
1.588
1.68
1.773
1.955
2.035
2.109
2.174
2.227
2.271
2.323
2.323
2.306
2.279
2.242
2.195
2.136
1.994
1.912
1.827
1.737
1.648
1.56
1.394
1.321
1.255
1.199
1.155
1.12
1.097
1.088
1.106
1.137
1.178
1.23
1.295
1.367
1.536
1.633
1.719
1.813
1.901
1.987
2.138
2.199
2.247
2.281
2.31
2.324
2.321
2.27
2.231
2.181
2.121
2.05
1.972
1.803
1.714
1.625
1.538
1.454
1.376
1.302
1.187
1.146
1.114
1.093
1.081
1.093
1.117
1.193
1.248
1.312
1.391
1.476
1.565
1.656
1.842
1.93
2.014
2.09
2.158
2.215
2.293
2.315
2.323
2.307
2.287
2.253
2.208
2.087
2.012
1.933
1.85
1.762
1.672
1.584
1.416
1.34
1.272
1.216
1.164
1.13
1.103
1.084
1.102
1.127
1.166
1.216
1.277
1.346
1.513
1.602
1.697
1.788
1.878
1.964
2.048
2.183
2.234
2.274
2.304
2.324
2.325
2.278
2.242
2.194
2.136
2.065
1.989
1.908
1.735
1.645
1.558
1.473
1.392
1.319
1.255
1.155
1.121
1.097
1.082
1.093
1.108
1.137
1.23
1.295
1.369
1.451
1.539
1.63
1.723
1.905
1.99
2.07
2.14
2.201
2.251
2.309
2.326
2.318
2.293
2.264
2.222
2.172
2.036
1.957
1.873
1.785
1.695
1.608
1.52
1.361
1.29
1.227
1.179
1.138
1.109
1.082
1.097
1.121
1.156
1.203
1.259
1.329
1.491
1.582
1.67
1.765
1.857
1.946
2.028
2.169
2.224
2.266
2.298
2.318
2.328
2.286
2.252
2.207
2.15
2.085
2.012
1.848
1.759
1.669
1.581
1.496
1.414
1.337
1.213
1.166
1.127
1.103
1.085
1.084
1.103
1.167
1.215
1.277
1.349
1.43
1.518
1.7
1.793
1.883
1.972
2.051
2.124
2.186
2.276
2.301
2.323
2.32
2.301
2.273
2.185
2.122
2.054
1.978
1.896
1.808
1.72
1.543
1.46
1.381
1.308
1.245
1.189
1.116
1.094
1.081
1.091
1.111
1.144
1.188
1.306
1.382
1.466
1.555
1.647
1.738
1.829
2.004
2.081
2.151
2.209
2.255
2.289
2.326
2.314
2.292
2.261
2.219
2.167
2.1
1.949
1.863
1.777
1.69
1.601
1.514
1.355
1.286
1.228
1.175
1.137
1.107
1.089
1.1
1.12
1.156
1.201
1.26
1.329
1.408
1.582
1.675
1.768
1.859
1.948
2.03
2.171
2.225
2.266
2.294
2.318
2.323
2.281
2.247
2.201
2.142
2.076
2.001
1.919
1.748
1.658
1.57
1.484
1.402
1.328
1.203
1.159
1.125
1.1
1.084
1.086
1.106
1.174
1.224
1.286
1.361
1.441
1.528
1.617
1.802
1.891
1.98
2.061
2.132
2.193
2.279
2.307
2.325
2.322
2.301
2.272
2.184
2.122
2.051
1.976
1.892
1.804
1.718
1.541
1.458
1.377
1.306
1.243
1.191
1.149
1.093
1.082
1.094
1.117
1.146
1.192
1.312
1.389
1.473
1.565
1.654
1.745
1.839
2.012
2.089
2.157
2.215
2.259
2.293
2.325
2.31
2.289
2.254
2.211
2.156
2.09
1.936
1.852
1.765
1.675
1.587
1.501
1.341
1.272
1.216
1.166
1.132
1.103
1.086
1.099
1.127
1.163
1.213
1.274
1.343
1.422
1.598
1.689
1.783
1.872
1.96
2.043
2.181
2.233
2.273
2.302
2.32
2.324
2.307
2.244
2.198
2.139
2.073
1.998
1.916
1.74
1.653
1.564
1.478
1.4
1.324
1.259
1.159
1.123
1.099
1.083
1.086
1.107
1.174
1.229
1.294
1.369
1.452
1.539
1.632
1.816
1.906
1.991
2.071
2.14
2.2
2.247
2.309
2.326
2.315
2.292
2.263
2.222
2.108
2.035
1.955
1.872
1.785
1.521
1.437
1.361
1.287
1.226
1.176
1.109
1.09
1.081
1.096
1.119
1.152
1.2
1.323
1.401
1.486
1.574
1.669
1.76
1.939
2.022
2.097
2.165
2.22
2.263
2.295
2.325
2.311
2.288
2.255
2.212
2.154
2.018
1.937
1.854
1.765
1.676
1.588
1.501
1.344
1.276
1.217
1.168
1.131
1.104
1.085
1.101
1.128
1.169
1.219
1.283
1.351
1.517
1.608
1.702
1.795
1.885
1.972
2.054
2.188
2.24
2.277
2.304
2.324
2.321
2.272
2.233
2.184
2.121
2.053
1.975
1.894
1.718
1.628
1.541
1.457
1.379
1.308
1.188
1.146
1.115
1.094
1.081
1.093
1.112
1.188
1.244
1.309
1.386
1.469
1.558
1.653
1.835
1.92
2.009
2.084
2.153
2.211
2.29
2.314
2.326
2.313
2.289
2.258
2.216
2.098
2.025
1.944
1.86
1.773
1.684
1.595
1.426
1.351
1.281
1.222
1.172
1.134
1.107
1.083
1.099
1.124
1.158
1.207
1.268
1.336
1.503
1.593
1.686
1.778
1.869
1.958
2.112
2.177
2.229
2.271
2.299
2.317
2.322
2.28
2.241
2.193
2.135
2.067
1.992
1.909
1.735
1.645
1.557
1.475
1.394
1.32
1.196
1.149
1.12
1.098
1.083
1.089
1.109
1.137
1.23
1.294
1.368
1.45
1.537
1.63
1.811
1.9
1.989
2.069
2.139
2.199
2.244
2.309
2.326
2.319
2.3
2.269
2.229
2.178
2.045
1.969
1.882
1.797
1.707
1.62
1.532
1.372
1.299
1.237
1.187
1.144
1.113
1.092
1.093
1.117
1.148
1.194
1.252
1.316
1.394
1.565
1.659
1.752
1.845
1.934
2.016
2.16
2.217
2.262
2.294
2.315
2.326
2.31
2.253
2.208
2.152
2.087
2.012
1.934
1.76
1.669
1.582
1.496
1.414
1.34
1.211
1.165
1.127
1.103
1.086
1.083
1.103
1.169
1.216
1.28
1.35
1.429
1.515
1.608
1.79
1.882
1.971
2.049
2.122
2.185
2.275
2.305
2.322
2.321
2.304
2.277
2.239
2.133
2.062
1.986
1.903
1.819
1.73
1.553
1.466
1.389
1.314
1.252
1.196
1.153
1.096
1.082
1.092
1.113
1.14
1.184
1.237
1.376
1.459
1.547
1.638
1.731
1.824
2.001
2.077
2.146
2.205
2.254
2.289
2.31
2.315
2.291
2.261
2.219
2.169
2.103
1.954
1.869
1.78
1.69
1.602
1.516
1.357
1.287
1.227
1.174
1.136
1.108
1.089
1.098
1.123
1.157
1.205
1.261
1.331
1.408
1.585
1.673
1.768
1.861
1.946
2.027
2.17
2.226
2.268
2.298
2.32
2.327
2.308
2.249
2.203
2.148
2.078
2.009
1.921
1.749
1.661
1.573
1.486
1.407
1.332
1.265
1.161
1.127
1.101
1.084
1.086
1.107
1.131
1.221
1.283
1.357
1.437
1.524
1.615
1.801
1.891
1.977
2.059
2.13
2.191
2.241
2.308
2.322
2.316
2.299
2.27
2.23
2.118
2.048
1.972
1.887
1.803
1.711
1.536
1.452
1.373
1.301
1.236
1.185
1.145
1.093
1.081
1.093
1.114
1.148
1.194
1.249
1.391
1.474
1.565
1.657
1.748
1.838
2.013
2.089
2.157
2.214
2.257
2.293
2.314
2.313
2.29
2.257
2.214
2.16
2.094
1.941
1.858
1.769
1.682
1.593
1.507
1.421
1.279
1.221
1.172
1.133
1.106
1.087
1.083
1.126
1.158
1.208
1.266
1.339
1.416
1.594
1.685
1.778
1.868
1.956
2.038
2.112
2.231
2.27
2.3
2.319
2.322
2.306
2.242
2.193
2.134
2.066
1.991
1.91
1.824
1.646
1.559
1.474
1.393
1.322
1.257
1.155
1.119
1.098
1.083
1.091
1.108
1.138
1.232
1.296
1.37
1.452
1.54
1.632
1.72
1.905
1.992
2.069
2.14
2.2
2.248
2.311
2.326
2.317
2.297
2.268
2.228
2.175
2.043
1.964
1.889
1.799
1.705
1.619
1.443
1.37
1.3
1.235
1.184
1.144
1.112
1.082
1.095
1.121
1.147
1.195
1.252
1.317
1.568
1.66
1.753
1.847
2.018
2.094
2.161
2.217
2.262
2.295
2.323
2.309
2.289
2.254
2.209
2.152
2.089
1.934
1.849
1.763
1.672
1.584
1.499
1.34
1.271
1.215
1.165
1.127
1.103
1.086
1.101
1.127
1.164
1.214
1.273
1.345
1.425
1.6
1.693
1.787
1.876
1.965
2.044
2.182
2.234
2.275
2.302
2.322
2.321
2.305
2.239
2.191
2.132
2.063
1.987
1.905
1.727
1.64
1.552
1.469
1.387
1.316
1.252
1.151
1.12
1.096
1.082
1.088
1.11
1.181
1.238
1.299
1.375
1.458
1.547
1.637
1.823
1.913
1.998
2.076
2.145
2.205
2.289
2.308
2.325
2.316
2.293
2.262
2.22
2.103
2.032
1.953
1.87
1.783
1.694
1.518
1.435
1.358
1.286
1.23
1.178
1.135
1.089
1.082
1.095
1.122
1.157
1.204
1.262
1.409
1.495
1.585
1.676
1.77
1.858
1.949
2.106
2.171
2.227
2.268
2.299
2.319
2.325
2.284
2.249
2.202
2.146
2.08
2.004
1.837
1.748
1.661
1.572
1.486
1.404
1.331
1.208
1.161
1.127
1.1
1.084
1.086
1.106
1.173
1.218
1.281
1.356
1.436
1.523
1.613
1.799
1.888
1.976
2.058
2.128
2.19
2.242
2.306
2.324
2.319
2.301
2.271
2.232
2.12
2.049
1.972
1.889
1.803
1.716
1.625
1.454
1.374
1.304
1.238
1.187
1.144
1.114
1.079
1.09
1.112
1.145
1.189
1.246
1.312
1.469
1.56
1.65
1.742
1.833
1.924
2.008
2.154
2.208
2.258
2.291
2.317
2.326
2.313
2.258
2.216
2.162
2.097
2.023
1.945
1.77
1.683
1.595
1.509
1.425
1.35
1.282
1.172
1.135
1.106
1.088
1.082
1.097
1.16
1.206
1.265
1.335
1.415
1.501
1.588
1.774
1.866
1.955
2.039
2.11
2.176
2.23
2.302
2.32
2.325
2.303
2.279
2.243
2.137
2.07
1.993
1.912
1.827
1.738
1.561
1.477
1.395
1.32
1.254
1.195
1.154
1.098
1.083
1.091
1.107
1.138
1.18
1.233
1.369
1.451
1.539
1.631
1.721
1.813
1.992
2.07
2.139
2.199
2.247
2.284
2.31
2.32
2.297
2.268
2.228
2.177
2.116
1.967
1.883
1.798
1.708
1.619
1.531
1.445
1.298
1.236
1.183
1.145
1.112
1.092
1.092
1.117
1.15
1.189
1.25
1.318
1.394
1.568
1.657
1.751
1.843
1.933
2.015
2.093
2.217
2.263
2.293
2.316
2.326
2.311
2.252
2.207
2.152
2.086
2.011
1.933
1.761
1.669
1.581
1.494
1.415
1.342
1.269
1.163
1.129
1.102
1.085
1.084
1.102
1.129
1.217
1.278
1.349
1.429
1.516
1.603
1.793
1.881
1.967
2.052
2.122
2.185
2.239
2.304
2.323
2.322
2.302
2.275
2.238
2.129
2.061
1.985
1.901
1.816
1.728
1.639
1.467
1.388
1.315
1.25
1.196
1.151
1.096
1.082
1.088
1.111
1.139
1.18
1.235
1.374
1.456
1.545
1.634
1.728
1.822
1.911
2.073
2.144
2.204
2.253
2.285
2.311
2.315
2.293
2.262
2.22
2.166
2.104
2.032
1.868
1.783
1.693
1.605
1.518
1.435
1.286
1.228
1.177
1.139
1.108
1.089
1.083
1.118
1.154
1.201
1.259
1.328
1.405
1.49
1.672
1.762
1.856
1.943
2.029
2.102
2.222
2.267
2.297
2.319
2.327
2.31
2.251
2.206
2.149
2.083
2.008
1.929
1.842
1.666
1.578
1.492
1.411
1.336
1.268
1.164
1.127
1.102
1.085
1.086
1.105
1.129
1.218
1.28
1.351
1.43
1.518
1.608
1.702
1.885
1.972
2.052
2.125
2.188
2.238
2.306
2.325
2.317
2.3
2.273
2.234
2.185
2.055
1.978
1.895
1.81
1.721
1.631
1.459
1.379
1.308
1.242
1.19
1.149
1.116
1.082
1.091
1.112
1.144
1.187
1.242
1.307
1.465
1.554
1.65
1.736
1.828
1.92
2.079
2.15
2.208
2.256
2.29
2.315
2.325
2.295
2.261
2.219
2.104
1.948
1.867
1.78
1.687
1.601
1.515
1.355
1.285
1.228
1.175
1.137
1.108
1.089
1.097
1.122
1.155
1.202
1.261
1.33
1.408
1.582
1.674
1.768
1.861
1.947
2.031
2.171
2.223
2.268
2.297
2.318
2.326
2.308
2.247
2.201
2.143
2.076
2.002
1.922
1.746
1.658
1.57
1.485
1.405
1.33
1.203
1.16
1.123
1.1
1.083
1.086
1.104
1.172
1.222
1.285
1.357
1.438
1.526
1.617
1.8
1.889
1.977
2.055
2.129
2.191
2.28
2.307
2.324
2.319
2.301
2.273
2.235
2.126
2.054
1.973
1.897
1.808
1.719
1.544
1.458
1.38
1.308
1.243
1.191
1.15
1.094
1.082
1.093
1.116
1.142
1.187
1.24
1.384
1.468
1.557
1.647
1.74
1.835
1.923
2.084
2.153
2.211
2.26
2.287
2.313
2.314
2.288
2.256
2.213
2.157
2.092
2.019
1.857
1.767
1.679
1.59
1.504
1.423
1.346
1.218
1.169
1.131
1.104
1.087
1.085
1.1
1.162
1.211
1.271
1.341
1.42
1.504
1.597
1.781
1.868
1.958
2.037
2.114
2.179
2.273
2.301
2.322
2.324
2.305
2.28
2.244
2.138
2.072
1.998
1.913
1.827
1.74
1.651
1.479
1.396
1.325
1.259
1.204
1.159
1.124
1.083
1.088
1.11
1.136
1.176
1.226
1.291
1.446
1.533
1.624
1.717
1.812
1.9
1.986
2.137
2.197
2.248
2.285
2.305
2.325
2.296
2.267
2.227
2.176
2.113
2.043
1.966
1.796
1.706
1.617
1.529
1.447
1.367
1.294
1.181
1.138
1.112
1.091
1.081
1.094
1.117
1.194
1.253
1.319
1.396
1.48
1.571
1.663
1.844
1.929
2.015
2.093
2.161
2.216
2.294
2.318
2.328
2.311
2.289
2.256
2.213
2.091
2.023
1.941
1.854
1.768
1.678
1.503
1.421
1.347
1.276
1.22
1.169
1.131
1.087
1.084
1.101
1.126
1.161
1.211
1.272
1.422
1.508
1.596
1.69
1.783
1.874
2.043
2.116
2.181
2.233
2.275
2.3
2.321
2.298
2.276
2.239
2.19
2.13
2.061
1.903
1.817
1.73
1.639
1.552
1.469
1.313
1.249
1.196
1.149
1.118
1.096
1.082
1.11
1.142
1.183
1.238
1.304
1.377
1.458
1.637
1.733
1.821
1.91
1.995
2.075
2.205
2.252
2.286
2.311
2.327
2.318
2.296
2.224
2.17
2.109
2.036
1.957
1.875
1.699
1.61
1.523
1.441
1.361
1.291
1.181
1.139
1.109
1.09
1.082
1.099
1.12
1.2
1.258
1.325
1.403
1.488
1.58
1.67
1.855
1.945
2.027
2.102
2.167
2.223
2.299
2.316
2.324
2.305
2.284
2.248
2.202
2.078
2.004
1.922
1.84
1.752
1.661
1.484
1.406
1.331
1.262
1.209
1.154
1.126
1.084
1.087
1.104
1.13
1.173
1.222
1.284
1.437
1.524
1.614
1.709
1.798
1.889
2.056
2.129
2.19
2.241
2.28
2.304
2.326
2.302
2.273
2.236
2.187
2.127
2.058
1.897
1.811
1.725
1.634
1.546
1.464
1.311
1.247
1.191
1.15
1.118
1.095
1.081
1.113
1.142
1.186
1.237
1.305
1.381
1.464
1.644
1.736
1.83
1.92
2.004
2.081
2.15
2.255
2.287
2.311
2.325
2.313
2.289
2.216
2.163
2.098
2.026
1.946
1.861
1.685
1.595
1.509
1.428
1.349
1.279
1.219
1.135
1.106
1.088
1.083
1.098
1.123
1.159
1.264
1.334
1.413
1.499
1.587
1.679
1.864
1.951
2.037
2.109
2.174
2.228
2.27
2.321
2.325
2.308
2.284
2.247
2.201
2.078
1.996
1.918
1.836
1.747
1.657
1.569
1.405
1.33
1.262
1.207
1.161
1.125
1.1
1.087
1.103
1.134
1.172
1.223
1.288
1.358
1.526
1.618
1.711
1.804
1.895
1.979
2.059
2.193
2.244
2.282
2.305
2.324
2.317
2.297
2.23
2.179
2.117
2.049
1.969
1.887
1.712
1.622
1.535
1.452
1.374
1.3
1.237
1.142
1.114
1.093
1.082
1.115
1.192
1.249
1.316
1.392
1.476
1.565
1.659
1.841
1.928
2.012
2.09
2.158
2.214
2.26
2.316
2.326
2.313
2.29
2.257
2.214
2.099
2.021
1.942
1.858
1.767
1.68
1.591
1.424
1.347
1.279
1.219
1.171
1.131
1.105
1.085
1.102
1.124
1.16
1.209
1.269
1.339
1.503
1.593
1.685
1.779
1.87
1.958
2.039
2.178
2.231
2.273
2.301
2.321
2.322
2.278
2.241
2.193
2.131
2.068
1.991
1.908
1.735
1.645
1.558
1.473
1.394
1.322
1.252
1.152
1.121
1.097
1.082
1.09
1.111
1.138
1.235
1.298
1.372
1.454
1.542
1.634
1.726
1.908
1.993
2.073
2.142
2.202
2.251
2.286
2.328
2.317
2.296
2.267
2.227
2.175
2.04
1.964
1.879
1.791
1.705
1.616
1.529
1.366
1.295
1.237
1.184
1.144
1.111
1.082
1.095
1.117
1.149
1.195
1.25
1.317
1.479
1.568
1.659
1.752
1.846
1.934
2.017
2.161
2.217
2.261
2.297
2.316
2.325
2.285
2.252
2.207
2.15
2.085
2.013
1.844
1.757
1.669
1.581
1.495
1.414
1.342
1.212
1.165
1.13
1.102
1.086
1.086
1.104
1.168
1.218
1.28
1.35
1.43
1.517
1.702
1.794
1.88
1.967
2.049
2.123
2.186
2.276
2.305
2.324
2.321
2.304
2.275
2.19
2.129
2.063
1.986
1.902
1.815
1.728
1.551
1.466
1.387
1.316
1.25
1.198
1.118
1.096
1.082
1.089
1.11
1.143
1.182
1.303
1.377
1.46
1.548
1.639
1.732
1.825
2.0
2.078
2.147
2.206
2.256
2.292
2.325
2.315
2.293
2.261
2.219
2.165
2.104
1.95
1.867
1.78
1.689
1.601
1.515
1.436
1.285
1.219
1.174
1.136
1.108
1.088
1.082
1.122
1.157
1.205
1.263
1.33
1.409
1.494
1.677
1.77
1.856
1.946
2.031
2.105
2.225
2.266
2.299
2.319
2.327
2.31
2.283
2.203
2.147
2.077
2.006
1.92
1.837
1.748
1.571
1.487
1.406
1.33
1.264
1.208
1.161
1.101
1.085
1.087
1.104
1.133
1.169
1.222
1.358
1.438
1.525
1.617
1.708
1.802
1.891
2.058
2.13
2.192
2.244
2.281
2.308
2.319
2.295
2.271
2.231
2.181
2.119
2.05
1.891
1.803
1.713
1.625
1.538
1.454
1.376
1.241
1.185
1.144
1.115
1.094
1.081
1.093
1.148
1.191
1.246
1.313
1.389
1.472
1.562
1.747
1.836
1.922
2.009
2.085
2.155
2.212
2.291
2.315
2.326
2.314
2.291
2.259
2.164
2.098
2.024
1.944
1.862
1.772
1.681
1.509
1.427
1.35
1.28
1.221
1.172
1.134
1.088
1.083
1.102
1.125
1.158
1.206
1.264
1.414
1.5
1.59
1.682
1.776
1.866
1.955
2.111
2.175
2.229
2.269
2.301
2.321
2.321
2.279
2.243
2.195
2.138
2.068
1.994
1.825
1.739
1.649
1.561
1.476
1.396
1.321
1.199
1.156
1.122
1.098
1.083
1.088
1.106
1.178
1.231
1.295
1.366
1.447
1.534
1.627
1.811
1.904
1.987
2.067
2.137
2.197
2.246
2.309
2.326
2.318
2.3
2.27
2.23
2.179
2.046
1.97
1.885
1.797
1.709
1.622
1.451
1.373
1.302
1.239
1.186
1.146
1.114
1.083
1.094
1.118
1.147
1.19
1.246
1.313
1.391
1.564
1.655
1.748
1.841
1.93
2.014
2.158
2.214
2.261
2.292
2.316
2.326
2.309
2.253
2.209
2.154
2.089
2.015
1.933
1.849
1.67
1.584
1.498
1.418
1.343
1.273
1.215
1.129
1.104
1.086
1.086
1.101
1.127
1.167
1.278
1.347
1.427
1.513
1.602
1.692
1.789
1.963
2.045
2.12
2.184
2.235
2.274
2.322
2.323
2.303
2.276
2.239
2.19
2.13
1.983
1.901
1.814
1.728
1.64
1.552
1.467
1.315
1.251
1.196
1.151
1.119
1.097
1.082
1.109
1.142
1.181
1.236
1.3
1.376
1.459
1.638
1.731
1.823
1.913
1.998
2.078
2.146
2.287
2.306
2.325
2.313
2.261
2.219
2.166
2.101
2.03
1.951
1.778
1.691
1.602
1.515
1.433
1.357
1.286
1.175
1.137
1.108
1.088
1.082
1.097
1.122
1.204
1.264
1.334
1.411
1.496
1.586
1.767
1.858
1.949
2.032
2.106
2.172
2.227
2.301
2.321
2.326
2.31
2.284
2.249
2.15
2.08
2.007
1.925
1.839
1.75
1.663
1.49
1.407
1.333
1.267
1.208
1.164
1.101
1.084
1.085
1.108
1.13
1.17
1.219
1.352
1.434
1.52
1.61
1.703
1.797
1.889
2.056
2.127
2.189
2.24
2.277
2.304
2.321
2.298
2.272
2.234
2.184
2.123
1.978
1.896
1.811
1.72
1.631
1.544
1.459
1.311
1.244
1.193
1.147
1.116
1.094
1.082
1.113
1.144
1.186
1.243
1.308
1.383
1.465
1.644
1.738
1.83
1.919
2.001
2.081
2.15
2.255
2.29
2.313
2.325
2.316
2.293
2.219
2.166
2.102
2.029
1.95
1.866
1.778
1.601
1.515
1.432
1.354
1.287
1.226
1.176
1.108
1.089
1.083
1.098
1.121
1.157
1.205
1.332
1.41
1.496
1.586
1.677
1.77
1.862
2.033
2.107
2.172
2.226
2.269
2.302
2.325
2.304
2.281
2.245
2.199
2.141
2.073
1.918
1.832
1.744
1.654
1.567
1.482
1.402
1.258
1.204
1.158
1.125
1.099
1.084
1.088
1.135
1.175
1.226
1.289
1.361
1.444
1.531
1.714
1.804
1.896
1.982
2.062
2.133
2.243
2.281
2.308
2.325
2.32
2.301
2.273
2.185
2.125
2.053
1.98
1.894
1.805
1.72
1.544
1.46
1.38
1.309
1.244
1.19
1.149
1.095
1.082
1.09
1.114
1.144
1.189
1.307
1.385
1.467
1.557
1.649
1.741
1.833
2.008
2.084
2.153
2.211
2.257
2.294
2.325
2.314
2.29
2.257
2.215
2.159
2.096
1.944
1.859
1.77
1.681
1.593
1.508
1.348
1.28
1.22
1.168
1.133
1.106
1.088
1.099
1.125
1.164
1.211
1.272
1.343
1.422
1.6
1.688
1.782
1.873
1.96
2.042
2.181
2.233
2.274
2.302
2.322
2.323
2.304
2.24
2.192
2.133
2.063
1.988
1.905
1.732
1.642
1.554
1.47
1.39
1.317
1.252
1.153
1.12
1.097
1.083
1.089
1.113
1.138
1.233
1.299
1.372
1.454
1.542
1.634
1.82
1.908
1.995
2.072
2.143
2.202
2.25
2.31
2.325
2.315
2.29
2.263
2.222
2.106
2.034
1.957
1.872
1.785
1.697
1.607
1.438
1.361
1.291
1.229
1.179
1.14
1.09
1.082
1.096
1.12
1.155
1.202
1.257
1.404
1.489
1.579
1.67
1.763
1.851
2.027
2.101
2.167
2.222
2.264
2.297
2.318
2.311
2.286
2.252
2.208
2.15
2.084
1.93
1.844
1.76
1.669
1.581
1.495
1.417
1.27
1.214
1.166
1.127
1.103
1.085
1.101
1.131
1.167
1.216
1.277
1.349
1.43
1.607
1.7
1.793
1.884
1.971
2.052
2.124
2.238
2.277
2.306
2.323
2.319
2.302
2.235
2.187
2.126
2.057
1.981
1.898
1.724
1.634
1.547
1.461
1.383
1.312
1.247
1.15
1.116
1.095
1.082
1.092
1.111
1.142
1.242
1.305
1.381
1.464
1.553
1.643
1.738
1.915
2.0
2.08
2.149
2.208
2.252
2.311
2.326
2.316
2.296
2.264
2.222
2.108
2.033
1.954
1.873
1.785
1.696
1.607
1.436
1.36
1.289
1.228
1.178
1.136
1.11
1.082
1.097
1.122
1.154
1.198
1.258
1.403
1.488
1.576
1.67
1.764
1.854
1.94
2.101
2.168
2.223
2.267
2.295
2.317
2.308
2.281
2.248
2.202
2.145
2.078
2.004
1.841
1.749
1.66
1.572
1.487
1.409
1.263
1.208
1.163
1.126
1.101
1.085
1.084
1.132
1.171
1.22
1.284
1.356
1.436
1.526
1.709
1.797
1.887
1.978
2.055
2.128
2.24
2.278
2.307
2.325
2.321
2.301
2.274
2.187
2.13
2.059
1.98
1.898
1.811
1.724
1.547
1.463
1.31
1.248
1.15
1.118
1.095
1.083
1.093
1.111
1.143
1.24
1.304
1.381
1.464
1.551
1.645
1.736
1.92
2.002
2.081
2.15
2.208
2.258
2.312
2.325
2.313
2.289
2.259
2.216
2.162
2.025
1.946
1.862
1.773
1.684
1.596
1.51
1.352
1.278
1.221
1.173
1.135
1.106
1.088
1.097
1.124
1.159
1.207
1.268
1.336
1.416
1.591
1.681
1.776
1.866
1.953
2.036
2.111
2.23
2.272
2.301
2.322
2.324
2.307
2.246
2.199
2.14
2.074
1.997
1.917
1.83
1.654
1.567
1.481
1.401
1.326
1.261
1.205
1.125
1.1
1.084
1.085
1.108
1.134
1.173
1.286
1.358
1.439
1.526
1.616
1.71
1.803
1.98
2.06
2.131
2.193
2.242
2.286
2.324
2.315
2.3
2.27
2.23
2.179
2.12
1.971
1.888
1.801
1.71
1.623
1.536
1.375
1.304
1.241
1.188
1.144
1.114
1.093
1.093
1.113
1.147
1.193
1.249
1.314
1.389
1.563
1.656
1.748
1.838
1.924
2.01
2.156
2.213
2.26
2.292
2.315
2.325
2.313
2.258
2.214
2.16
2.094
2.021
1.943
1.767
1.683
1.593
1.507
1.427
1.348
1.222
1.173
1.133
1.106
1.088
1.083
1.099
1.16
1.208
1.267
1.339
1.418
1.504
1.593
1.78
1.871
1.957
2.04
2.114
2.178
2.274
2.301
2.322
2.322
2.303
2.279
2.241
2.135
2.067
1.991
1.909
1.823
1.737
1.558
1.474
1.396
1.319
1.254
1.201
1.153
1.097
1.083
1.087
1.107
1.138
1.179
1.234
1.37
1.452
1.539
1.631
1.721
1.814
1.991
2.071
2.14
2.2
2.248
2.283
2.31
2.318
2.296
2.267
2.227
2.177
2.114
2.045
1.878
1.794
1.704
1.616
1.529
1.446
1.369
1.235
1.183
1.145
1.112
1.092
1.08
1.095
1.149
1.197
1.253
1.319
1.398
1.482
1.571
1.756
1.848
1.936
2.019
2.096
2.163
2.262
2.296
2.317
2.324
2.308
2.284
2.251
2.149
2.082
2.009
1.929
1.846
1.756
1.667
1.493
1.409
1.333
1.269
1.209
1.165
1.128
1.085
1.085
1.103
1.131
1.169
1.22
1.282
1.433
1.52
1.61
1.702
1.797
1.884
1.972
2.126
2.188
2.238
2.279
2.306
2.324
2.303
2.276
2.237
2.188
2.128
2.061
1.981
1.813
1.724
1.636
1.549
1.465
1.386
1.311
1.195
1.152
1.119
1.095
1.082
1.091
1.109
1.181
1.233
1.3
1.375
1.457
1.544
1.636
1.824
1.911
1.997
2.076
2.145
2.205
2.252
2.311
2.325
2.314
2.29
2.261
2.219
2.163
2.029
1.95
1.865
1.781
1.691
1.602
1.434
1.353
1.285
1.226
1.174
1.135
1.108
1.089
1.098
1.121
1.157
1.206
1.261
1.332
1.409
1.583
1.677
1.768
1.861
1.947
2.029
2.171
2.224
2.267
2.297
2.319
2.326
2.31
2.251
2.207
2.151
2.084
2.011
1.931
1.842
1.667
1.579
1.493
1.41
1.338
1.27
1.211
1.129
1.102
1.085
1.085
1.103
1.13
1.169
1.278
1.352
1.433
1.52
1.61
1.703
1.795
1.972
2.055
2.126
2.188
2.24
2.275
2.324
2.319
2.3
2.271
2.233
2.183
2.123
1.977
1.894
1.806
1.718
1.629
1.541
1.457
1.305
1.242
1.19
1.147
1.115
1.094
1.082
1.114
1.148
1.191
1.247
1.314
1.388
1.472
1.652
1.744
1.838
1.922
2.01
2.088
2.156
2.259
2.291
2.315
2.327
2.315
2.293
2.218
2.164
2.101
2.028
1.946
1.862
1.773
1.598
1.512
1.43
1.352
1.286
1.223
1.175
1.107
1.088
1.084
1.099
1.121
1.155
1.207
1.332
1.411
1.496
1.587
1.678
1.771
1.864
2.035
2.108
2.173
2.227
2.271
2.301
2.323
2.304
2.28
2.244
2.197
2.139
2.071
1.916
1.83
1.741
1.651
1.564
1.479
1.321
1.256
1.202
1.154
1.124
1.099
1.083
1.107
1.135
1.175
1.228
1.291
1.364
1.622
1.716
1.808
1.897
1.981
2.134
2.196
2.245
2.281
2.309
2.325
2.319
2.27
2.23
2.18
2.12
2.045
1.971
1.801
1.712
1.622
1.536
1.45
1.373
1.302
1.188
1.147
1.114
1.093
1.081
1.093
1.116
1.189
1.246
1.311
1.388
1.471
1.559
1.651
1.836
1.925
2.009
2.088
2.156
2.212
2.256
2.315
2.328
2.312
2.289
2.255
2.211
2.157
2.018
1.938
1.854
1.766
1.675
1.588
1.421
1.346
1.272
1.218
1.168
1.132
1.104
1.084
1.099
1.127
1.165
1.213
1.274
1.344
1.424
1.599
1.693
1.785
1.876
1.962
2.041
2.181
2.233
2.274
2.302
2.322
2.323
2.304
2.24
2.192
2.133
2.065
1.987
1.905
1.821
1.643
1.555
1.471
1.391
1.317
1.253
1.153
1.118
1.097
1.082
1.09
1.111
1.142
1.235
1.3
1.373
1.455
1.544
1.633
1.728
1.91
1.995
2.073
2.144
2.203
2.251
2.311
2.325
2.315
2.292
2.262
2.22
2.168
2.031
1.954
1.87
1.779
1.693
1.604
1.435
1.356
1.288
1.226
1.175
1.136
1.108
1.083
1.096
1.122
1.157
1.201
1.262
1.33
1.493
1.583
1.675
1.767
1.856
1.947
2.104
2.17
2.225
2.267
2.299
2.32
2.325
2.283
2.25
2.204
2.149
2.081
2.006
1.841
1.749
1.664
1.575
1.49
1.408
1.267
1.21
1.163
1.127
1.101
1.085
1.088
1.131
1.168
1.218
1.282
1.353
1.434
1.52
1.704
1.797
1.889
1.975
2.056
2.127
2.189
2.276
2.306
2.323
2.315
2.301
2.27
2.183
2.124
2.053
1.974
1.893
1.806
1.717
1.54
1.457
1.376
1.308
1.244
1.19
1.148
1.094
1.081
1.09
1.113
1.145
1.19
1.244
1.385
1.469
1.558
1.649
1.742
1.834
1.922
2.085
2.153
2.211
2.257
2.291
2.314
2.314
2.294
2.26
2.217
2.164
2.101
2.025
1.863
1.774
1.688
1.598
1.512
1.428
1.352
1.223
1.176
1.135
1.107
1.089
1.083
1.098
1.159
1.205
1.26
1.334
1.411
1.496
1.586
1.771
1.863
1.95
2.033
2.107
2.173
2.227
2.298
2.322
2.323
2.308
2.282
2.246
2.199
2.074
1.999
1.916
1.831
1.744
1.654
1.482
1.403
1.325
1.261
1.201
1.157
1.123
1.084
1.086
1.107
1.137
1.177
1.229
1.293
1.446
1.534
1.626
1.719
1.809
1.9
1.984
2.136
2.197
2.246
2.28
2.308
2.324
2.319
2.27
2.23
2.179
2.12
2.049
1.967
1.884
1.711
1.621
1.534
1.45
1.372
1.3
1.24
1.146
1.114
1.092
1.083
1.097
1.122
1.157
1.261
1.328
1.409
1.494
1.583
1.675
1.768
1.948
2.031
2.107
2.171
2.226
2.267
2.318
2.324
2.306
2.282
2.245
2.199
2.14
2.001
1.918
1.833
1.746
1.656
1.568
1.482
1.328
1.26
1.203
1.158
1.121
1.1
1.084
1.107
1.136
1.177
1.229
1.293
1.367
1.447
1.626
1.719
1.81
1.9
1.986
2.064
2.136
2.246
2.28
2.308
2.325
2.316
2.3
2.23
2.179
2.117
2.051
1.968
1.887
1.8
1.622
1.535
1.451
1.372
1.299
1.238
1.187
1.115
1.093
1.083
1.099
1.125
1.161
1.208
1.335
1.415
1.5
1.591
1.682
1.775
1.867
2.036
2.112
2.176
2.23
2.271
2.301
2.321
2.305
2.28
2.244
2.198
2.139
2.072
1.916
1.83
1.742
1.654
1.565
1.48
1.401
1.256
1.203
1.157
1.123
1.099
1.083
1.088
1.135
1.176
1.227
1.291
1.366
1.446
1.533
1.717
1.807
1.894
1.985
2.064
2.133
2.196
2.282
2.31
2.325
2.319
2.301
2.271
2.232
2.12
2.05
1.974
1.891
1.802
1.717
1.625
1.455
1.376
1.305
1.242
1.188
1.147
1.115
1.082
1.093
1.113
1.146
1.185
1.242
1.312
1.47
1.558
1.651
1.744
1.836
1.926
2.086
2.155
2.212
2.258
2.292
2.316
2.325
2.29
2.258
2.16
2.098
2.024
1.859
1.773
1.683
1.594
1.508
1.426
1.279
1.215
1.171
1.135
1.107
1.088
1.083
1.126
1.162
1.21
1.27
1.342
1.418
1.504
1.686
1.779
1.868
1.957
2.036
2.113
2.178
2.272
2.301
2.32
2.323
2.306
2.281
2.198
2.14
2.073
1.996
1.913
1.83
1.741
1.564
1.48
1.399
1.325
1.259
1.203
1.156
1.099
1.083
1.088
1.107
1.136
1.177
1.23
1.365
1.448
1.534
1.628
1.72
1.812
1.901
2.065
2.137
2.198
2.247
2.285
2.311
2.326
2.297
2.265
2.225
2.173
2.111
2.039
1.962
1.792
1.703
1.614
1.527
1.443
1.365
1.236
1.181
1.139
1.11
1.092
1.082
1.094
1.151
1.197
1.253
1.322
1.396
1.483
1.571
1.754
1.847
1.937
2.017
2.094
2.162
2.218
2.293
2.316
2.326
2.312
2.289
2.254
2.157
2.092
2.017
1.938
1.853
1.762
1.588
1.502
1.42
1.345
1.277
1.217
1.17
1.104
1.087
1.084
1.1
1.126
1.164
1.211
1.341
1.421
1.508
1.597
1.687
1.784
1.962
2.045
2.119
2.181
2.233
2.272
2.303
2.322
2.304
2.273
2.241
2.193
2.135
1.99
1.91
1.822
1.733
1.646
1.556
1.472
1.319
1.256
1.196
1.152
1.121
1.097
1.082
1.108
1.14
1.181
1.237
1.3
1.373
1.543
1.634
1.729
1.819
1.904
1.992
2.074
2.203
2.251
2.288
2.312
2.326
2.316
2.267
2.226
2.174
2.112
2.042
1.962
1.879
1.704
1.614
1.527
1.444
1.367
1.295
1.184
1.144
1.112
1.091
1.082
1.097
1.119
1.198
1.253
1.32
1.399
1.483
1.571
1.662
1.849
1.938
2.022
2.096
2.163
2.219
2.264
2.315
2.324
2.307
2.283
2.252
2.206
2.084
2.01
1.93
1.846
1.756
1.668
1.58
1.414
1.338
1.268
1.211
1.165
1.127
1.102
1.085
1.103
1.13
1.168
1.22
1.278
1.353
1.518
1.609
1.701
1.793
1.882
1.971
2.048
2.187
2.238
2.276
2.304
2.323
2.323
2.303
2.239
2.19
2.133
2.063
1.986
1.902
1.82
1.641
1.553
1.468
1.387
1.314
1.251
1.154
1.12
1.097
1.082
1.091
1.111
1.139
1.18
1.296
1.373
1.455
1.543
1.634
1.728
1.909
1.996
2.074
2.144
2.203
2.25
2.288
2.324
2.316
2.292
2.26
2.221
2.168
2.105
1.955
1.871
1.782
1.696
1.606
1.519
1.434
1.29
1.226
1.176
1.137
1.11
1.09
1.082
1.12
1.154
1.202
1.259
1.329
1.406
1.49
1.671
1.766
1.853
1.943
2.026
2.101
2.168
2.266
2.297
2.319
2.326
2.311
2.287
2.209
2.153
2.087
2.016
1.934
1.848
1.762
1.583
1.497
1.416
1.339
1.272
1.214
1.166
1.104
1.086
1.085
1.1
1.129
1.166
1.215
1.351
1.429
1.516
1.606
1.698
1.79
1.882
2.047
2.124
2.186
2.237
2.277
2.303
2.322
2.302
2.274
2.236
2.188
2.127
2.059
1.899
1.814
1.724
1.637
1.549
1.464
1.385
1.244
1.193
1.151
1.116
1.096
1.082
1.09
1.142
1.184
1.238
1.303
1.378
1.46
1.548
1.732
1.823
1.914
2.001
2.075
2.146
2.206
2.288
2.312
2.326
2.318
2.297
2.266
2.174
2.113
2.042
1.962
1.878
1.789
1.702
1.526
1.443
1.366
1.293
1.232
1.183
1.142
1.091
1.083
1.099
1.118
1.156
1.202
1.261
1.409
1.493
1.583
1.675
1.768
1.859
1.949
2.105
2.171
2.226
2.268
2.301
2.319
2.325
2.283
2.247
2.2
2.143
2.075
2.002
1.836
1.749
1.658
1.569
1.484
1.404
1.33
1.205
1.156
1.127
1.1
1.084
1.086
1.105
1.169
1.223
1.286
1.359
1.438
1.525
1.615
1.801
1.892
1.977
2.056
2.13
2.191
2.241
2.307
2.324
2.32
2.302
2.273
2.234
2.184
2.055
1.976
1.893
1.807
1.719
1.631
1.459
1.379
1.308
1.243
1.192
1.15
1.082
1.093
1.113
1.145
1.186
1.241
1.385
1.468
1.557
1.649
1.742
1.833
1.924
2.086
2.153
2.211
2.257
2.289
2.313
2.312
2.29
2.259
2.215
2.161
2.097
1.945
1.86
1.772
1.685
1.596
1.509
1.427
1.284
1.221
1.168
1.132
1.107
1.088
1.098
1.123
1.159
1.208
1.266
1.337
1.414
1.59
1.683
1.776
1.867
1.952
2.033
2.111
2.229
2.268
2.3
2.321
2.325
2.309
2.248
2.201
2.144
2.076
1.997
1.918
1.746
1.657
1.569
1.484
1.403
1.328
1.262
1.16
1.127
1.1
1.084
1.087
1.106
1.132
1.224
1.289
1.358
1.441
1.528
1.618
1.804
1.896
1.981
2.063
2.133
2.194
2.245
2.31
2.321
2.318
2.301
2.269
2.229
2.116
2.047
1.97
1.887
1.801
1.711
1.623
1.45
1.372
1.304
1.237
1.184
1.144
1.113
1.082
1.091
1.115
1.147
1.191
1.247
1.314
1.472
1.561
1.655
1.746
1.837
1.927
2.01
2.155
2.213
2.258
2.291
2.315
2.326
2.314
2.259
2.216
2.162
2.099
2.023
1.941
1.776
1.684
1.595
1.51
1.427
1.348
1.282
1.173
1.135
1.106
1.088
1.083
1.1
1.129
1.209
1.269
1.339
1.417
1.503
1.592
1.684
1.87
1.957
2.04
2.113
2.177
2.231
2.27
2.323
2.321
2.303
2.28
2.242
2.194
2.066
1.99
1.911
1.823
1.735
1.646
1.558
1.393
1.318
1.256
1.197
1.155
1.121
1.097
1.088
1.109
1.137
1.176
1.232
1.295
1.369
1.538
1.63
1.72
1.812
1.902
1.988
2.068
2.2
2.248
2.284
2.31
2.325
2.319
2.27
2.229
2.177
2.116
2.045
1.966
1.882
1.709
1.618
1.532
1.449
1.37
1.298
1.187
1.145
1.112
1.092
1.082
1.095
1.118
1.195
1.252
1.316
1.394
1.478
1.567
1.753
1.843
1.932
2.018
2.094
2.16
2.217
2.295
2.314
2.325
2.31
2.288
2.251
2.153
2.089
2.015
1.934
1.853
1.762
1.672
1.498
1.416
1.34
1.274
1.215
1.166
1.105
1.086
1.085
1.102
1.129
1.165
1.214
1.348
1.426
1.513
1.603
1.695
1.788
1.88
2.045
2.121
2.184
2.235
2.275
2.304
2.322
2.304
2.278
2.241
2.192
2.132
2.064
1.906
1.82
1.731
1.642
1.555
1.47
1.317
1.252
1.199
1.154
1.121
1.097
1.082
1.11
1.141
1.18
1.233
1.298
1.372
1.456
1.636
1.728
1.821
1.91
1.995
2.073
2.203
2.249
2.288
2.311
2.323
2.318
2.265
2.222
2.17
2.105
2.034
1.955
1.875
1.697
1.607
1.52
1.438
1.361
1.289
1.178
1.138
1.109
1.09
1.082
1.097
1.12
1.202
1.258
1.328
1.406
1.49
1.579
1.673
1.857
1.941
2.027
2.102
2.168
2.223
2.298
2.318
2.327
2.311
2.289
2.254
2.21
2.092
2.016
1.936
1.846
1.765
1.672
1.499
1.417
1.341
1.273
1.217
1.168
1.13
1.086
1.084
1.104
1.126
1.165
1.213
1.273
1.424
1.51
1.599
1.694
1.785
1.877
2.044
2.119
2.182
2.234
2.275
2.305
2.323
2.299
2.277
2.241
2.192
2.133
2.067
1.908
1.824
1.736
1.644
1.556
1.472
1.318
1.252
1.198
1.152
1.12
1.097
1.082
1.107
1.14
1.18
1.234
1.299
1.373
1.455
1.635
1.727
1.818
1.906
1.991
2.072
2.202
2.249
2.285
2.31
2.326
2.317
2.297
2.226
2.174
2.113
2.042
1.963
1.88
1.702
1.614
1.527
1.444
1.365
1.297
1.235
1.142
1.112
1.092
1.082
1.095
1.122
1.197
1.254
1.322
1.4
1.485
1.574
1.664
1.849
1.939
2.021
2.098
2.165
2.221
2.298
2.318
2.324
2.308
2.283
2.25
2.204
2.079
2.008
1.927
1.84
1.754
1.664
1.49
1.41
1.334
1.268
1.209
1.165
1.13
1.085
1.088
1.105
1.132
1.171
1.221
1.284
1.436
1.522
1.616
1.703
1.8
1.887
2.053
2.125
2.24
2.277
2.306
2.32
2.303
2.275
2.236
2.187
2.127
1.981
1.897
1.81
1.723
1.635
1.546
1.382
1.31
1.247
1.193
1.151
1.119
1.096
1.091
1.111
1.141
1.188
1.237
1.302
1.38
1.551
1.642
1.735
1.828
1.917
2.003
2.082
2.208
2.254
2.29
2.312
2.323
2.314
2.26
2.217
2.163
2.1
2.025
1.947
1.866
1.688
1.598
1.513
1.431
1.352
1.284
1.174
1.136
1.109
1.088
1.082
1.098
1.122
1.206
1.265
1.334
1.412
1.497
1.588
1.768
1.865
1.951
2.029
2.108
2.173
2.227
2.298
2.32
2.325
2.31
2.286
2.25
2.148
2.082
2.004
1.927
1.842
1.753
1.664
1.491
1.409
1.336
1.267
1.21
1.165
1.129
1.085
1.087
1.107
1.131
1.171
1.219
1.283
1.435
1.522
1.611
1.706
1.799
1.89
1.978
2.128
2.19
2.241
2.279
2.309
2.325
2.3
2.271
2.232
2.182
2.12
2.05
1.973
1.806
1.714
1.626
1.539
1.455
1.374
1.304
1.189
1.147
1.114
1.093
1.082
1.092
1.113
1.189
1.244
1.311
1.386
1.469
1.559
1.652
1.835
1.922
2.003
2.087
2.153
2.211
2.29
2.315
2.326
2.314
2.291
2.259
2.216
2.098
2.025
1.947
1.861
1.775
1.685
1.596
1.428
1.351
1.283
1.224
1.175
1.136
1.106
1.083
1.1
1.123
1.158
1.206
1.265
1.336
1.5
1.59
1.684
1.775
1.866
1.956
2.037
2.175
2.229
2.271
2.303
2.323
2.319
2.28
2.242
2.194
2.136
2.068
1.993
1.911
1.737
1.647
1.559
1.474
1.394
1.321
1.198
1.154
1.123
1.097
1.083
1.09
1.11
1.18
1.237
1.298
1.374
1.456
1.544
1.636
1.819
1.907
1.996
2.072
2.144
2.203
2.285
2.311
2.327
2.317
2.298
2.268
2.225
2.112
2.041
1.959
1.88
1.789
1.698
1.527
1.442
1.363
1.294
1.232
1.183
1.142
1.09
1.082
1.097
1.119
1.152
1.195
1.256
1.4
1.483
1.571
1.664
1.757
1.85
2.023
2.097
2.164
2.22
2.265
2.295
2.315
2.309
2.281
2.252
2.208
2.153
2.088
1.931
1.848
1.76
1.671
1.582
1.496
1.339
1.269
1.213
1.164
1.133
1.103
1.086
1.104
1.129
1.167
1.218
1.28
1.349
1.43
1.606
1.699
1.791
1.88
1.966
2.05
2.122
2.236
2.277
2.306
2.323
2.322
2.306
2.241
2.193
2.133
2.065
1.99
1.904
1.731
1.643
1.556
1.471
1.391
1.32
1.252
1.156
1.121
1.098
1.082
1.089
1.114
1.139
1.23
1.296
1.373
1.453
1.542
1.632
1.818
1.908
1.994
2.073
2.142
2.202
2.25
2.312
2.326
2.315
2.296
2.267
2.225
2.111
2.036
1.96
1.877
1.791
1.702
1.611
1.442
1.363
1.294
1.231
1.177
1.139
1.091
1.082
1.094
1.119
1.153
1.198
1.257
1.402
1.485
1.574
1.668
1.757
1.848
1.937
2.096
2.165
2.22
2.263
2.295
2.317
2.312
2.289
2.255
2.21
2.154
2.091
2.016
1.85
1.763
1.673
1.585
1.5
1.418
1.274
1.217
1.168
1.132
1.103
1.086
1.085
1.13
1.167
1.213
1.272
1.348
1.427
1.603
1.696
1.789
1.879
1.967
2.049
2.121
2.235
2.277
2.301
2.321
2.321
2.302
2.237
2.188
2.129
2.06
1.984
1.903
1.815
1.64
1.551
1.466
1.387
1.314
1.247
1.152
1.12
1.096
1.082
1.09
1.11
1.14
1.237
1.3
1.376
1.458
1.546
1.638
1.822
1.912
1.998
2.075
2.144
2.204
2.251
2.312
2.326
2.318
2.297
2.265
2.224
2.11
2.039
1.96
1.873
1.787
1.7
1.612
1.441
1.364
1.292
1.232
1.181
1.142
1.091
1.082
1.096
1.117
1.154
1.196
1.254
1.397
1.482
1.572
1.664
1.756
1.847
1.938
2.097
2.163
2.22
2.264
2.293
2.318
2.31
2.283
2.253
2.208
2.152
2.086
1.933
1.847
1.759
1.671
1.583
1.34
1.276
1.215
1.163
1.129
1.104
1.086
1.102
1.129
1.167
1.217
1.277
1.349
1.514
1.604
1.699
1.791
1.88
1.966
2.045
2.184
2.236
2.274
2.304
2.324
2.321
2.303
2.237
2.188
2.131
2.061
1.984
1.9
1.728
1.637
1.55
1.466
1.387
1.313
1.195
1.152
1.119
1.097
1.082
1.092
1.11
1.185
1.238
1.303
1.376
1.46
1.548
1.64
1.826
1.915
2.0
2.078
2.148
2.206
2.288
2.313
2.327
2.314
2.293
2.262
2.22
2.102
2.032
1.951
1.87
1.782
1.692
1.517
1.435
1.357
1.288
1.226
1.175
1.135
1.089
1.082
1.098
1.119
1.156
1.202
1.26
1.406
1.491
1.581
1.67
1.766
1.856
2.024
2.104
2.169
2.224
2.265
2.297
2.319
2.31
2.284
2.25
2.204
2.148
2.083
2.006
1.842
1.753
1.663
1.575
1.49
1.41
1.266
1.209
1.163
1.128
1.102
1.085
1.086
1.105
1.171
1.219
1.278
1.353
1.435
1.521
1.61
1.797
1.888
1.975
2.055
2.127
2.19
2.279
2.307
2.325
2.319
2.3
2.274
2.235
2.124
2.055
1.978
1.897
1.809
1.722
1.633
1.461
1.379
1.31
1.244
1.188
1.148
1.116
1.082
1.091
1.114
1.146
1.188
1.244
1.309
1.468
1.555
1.649
1.74
1.831
1.921
2.081
2.152
2.21
2.256
2.29
2.314
2.327
2.293
2.26
2.218
2.164
2.103
2.03
1.95
1.776
1.687
1.6
1.514
1.431
1.353
1.223
1.175
1.137
1.108
1.089
1.082
1.1
1.162
1.205
1.264
1.334
1.412
1.496
1.587
1.772
1.863
1.952
2.034
2.109
2.173
2.227
2.301
2.321
2.323
2.305
2.281
2.243
2.139
2.07
1.994
1.914
1.828
1.74
1.562
1.477
1.394
1.322
1.256
1.198
1.156
1.099
1.083
1.088
1.108
1.137
1.179
1.232
1.369
1.45
1.538
1.629
1.722
1.813
1.989
2.068
2.139
2.199
2.249
2.284
2.309
2.32
2.299
2.27
2.23
2.179
2.116
1.972
1.888
1.8
1.711
1.622
1.535
1.452
1.302
1.241
1.187
1.144
1.115
1.094
1.094
1.115
1.148
1.189
1.244
1.31
1.387
1.56
1.652
1.743
1.836
1.925
2.01
2.089
2.213
2.258
2.294
2.311
2.324
2.311
2.258
2.213
2.159
2.095
2.021
1.941
1.857
1.68
1.592
1.506
1.422
1.348
1.278
1.17
1.132
1.106
1.088
1.083
1.1
1.125
1.211
1.269
1.342
1.42
1.505
1.596
1.686
1.867
1.956
2.039
2.112
2.178
2.231
2.302
2.322
2.325
2.307
