1.33
1.266
1.211
1.167
1.133
1.107
1.096
1.118
1.143
1.184
1.233
1.297
1.373
1.542
1.633
1.725
1.819
1.911
1.994
2.144
2.204
2.254
2.29
2.319
2.333
2.325
2.276
2.236
2.185
2.123
2.052
1.979
1.891
1.716
1.628
1.541
1.457
1.383
1.301
1.245
1.152
1.121
1.101
1.09
1.102
1.125
1.162
1.259
1.325
1.401
1.485
1.576
1.667
1.755
1.935
2.021
2.099
2.166
2.223
2.268
2.301
2.335
2.321
2.3
2.266
2.223
2.171
2.035
1.952
1.866
1.78
1.691
1.603
1.517
1.358
1.29
1.23
1.181
1.142
1.115
1.097
1.111
1.135
1.168
1.225
1.283
1.353
1.433
1.608
1.701
1.794
1.887
1.979
2.052
2.127
2.285
2.312
2.327
2.33
2.283
2.244
2.195
2.136
2.067
1.992
1.909
1.731
1.644
1.556
1.472
1.394
1.319
1.201
1.162
1.126
1.104
1.09
1.099
1.12
1.191
1.252
1.312
1.387
1.469
1.555
1.65
1.834
1.92
2.005
2.085
2.154
2.213
2.296
2.321
2.336
2.326
2.311
2.273
2.231
2.113
2.045
1.963
1.882
1.793
1.705
1.531
1.448
1.37
1.299
1.242
1.197
1.15
1.099
1.09
1.105
1.128
1.161
1.206
1.265
1.41
1.495
1.586
1.676
1.77
1.862
2.039
2.108
2.174
2.229
2.273
2.306
2.329
2.316
2.292
2.256
2.21
2.152
2.086
1.931
1.859
1.771
1.667
1.58
1.494
1.337
1.273
1.21
1.164
1.133
1.109
1.093
1.113
1.143
1.186
1.232
1.297
1.364
1.445
1.622
1.713
1.806
1.893
1.983
2.062
2.135
2.249
2.286
2.313
2.335
2.329
2.312
2.281
2.193
2.135
2.064
1.985
1.906
1.819
1.728
1.554
1.468
1.391
1.318
1.26
1.201
1.125
1.103
1.09
1.1
1.121
1.148
1.193
1.311
1.386
1.469
1.557
1.648
1.742
1.838
2.013
2.085
2.155
2.214
2.262
2.296
2.321
2.319
2.301
2.268
2.226
2.17
2.108
2.035
1.873
1.786
1.695
1.607
1.521
1.436
1.296
1.229
1.184
1.139
1.116
1.097
1.091
1.131
1.167
1.214
1.273
1.341
1.419
1.504
1.686
1.78
1.867
1.954
2.044
2.114
2.18
2.276
2.307
2.327
2.336
2.316
2.293
2.258
2.157
2.089
2.017
1.934
1.848
1.756
1.585
1.5
1.42
1.344
1.276
1.22
1.173
1.11
1.094
1.094
1.115
1.144
1.181
1.234
1.37
1.452
1.539
1.629
1.722
1.815
1.994
2.073
2.142
2.203
2.252
2.291
2.32
2.324
2.305
2.276
2.236
2.185
2.124
1.976
1.897
1.807
1.718
1.628
1.541
1.46
1.307
1.241
1.195
1.153
1.121
1.101
1.101
1.123
1.158
1.203
1.262
1.326
1.4
1.573
1.664
1.757
1.849
1.935
2.024
2.098
2.223
2.268
2.3
2.327
2.331
2.321
2.266
2.223
2.169
2.103
2.031
1.951
1.869
1.689
1.602
1.516
1.434
1.357
1.29
1.184
1.144
1.114
1.097
1.092
1.108
1.134
1.211
1.277
1.346
1.424
1.509
1.599
1.692
1.88
1.964
2.046
2.119
2.184
2.236
2.309
2.325
2.329
2.313
2.288
2.25
2.143
2.075
2.0
1.925
1.839
1.745
1.655
1.484
1.406
1.331
1.264
1.211
1.164
1.129
1.091
1.097
1.116
1.147
1.189
1.237
1.376
1.458
1.547
1.636
1.731
1.82
1.908
2.075
2.146
2.207
2.255
2.292
2.318
2.326
2.31
2.278
2.238
2.189
2.127
2.059
1.897
1.808
1.722
1.632
1.545
1.461
1.311
1.252
1.198
1.16
1.122
1.102
1.09
1.127
1.161
1.205
1.261
1.331
1.408
1.492
1.673
1.765
1.862
1.951
2.035
2.105
2.227
2.272
2.304
2.324
2.334
2.317
2.292
2.216
2.16
2.095
2.02
1.942
1.859
1.679
1.59
1.506
1.425
1.35
1.277
1.224
1.137
1.112
1.095
1.093
1.111
1.138
1.226
1.286
1.356
1.436
1.523
1.612
1.705
1.88
1.974
2.054
2.127
2.191
2.244
2.311
2.332
2.339
2.321
2.285
2.248
2.201
2.074
2.0
1.913
1.831
1.742
1.652
1.479
1.402
1.326
1.264
1.21
1.172
1.13
1.092
1.099
1.122
1.153
1.193
1.248
1.312
1.469
1.557
1.648
1.741
1.835
1.928
2.085
2.155
2.214
2.259
2.296
2.321
2.333
2.295
2.272
2.229
2.175
2.112
2.041
1.877
1.795
1.703
1.615
1.527
1.445
1.369
1.234
1.186
1.146
1.118
1.098
1.091
1.105
1.163
1.208
1.268
1.337
1.413
1.498
1.678
1.771
1.86
1.946
2.031
2.109
2.175
2.274
2.304
2.325
2.334
2.319
2.295
2.215
2.158
2.092
2.022
1.937
1.853
1.762
1.589
1.503
1.348
1.279
1.175
1.139
1.112
1.094
1.094
1.113
1.14
1.231
1.292
1.365
1.446
1.533
1.624
1.809
1.9
1.989
2.064
2.137
2.199
2.25
2.316
2.334
2.325
2.304
2.279
2.24
2.129
2.06
1.982
1.901
1.816
1.726
1.635
1.462
1.383
1.313
1.249
1.196
1.152
1.103
1.091
1.101
1.122
1.154
1.201
1.257
1.394
1.477
1.567
1.655
1.749
1.84
1.931
2.091
2.16
2.218
2.263
2.298
2.321
2.325
2.301
2.269
2.227
2.174
2.108
2.038
1.876
1.786
1.697
1.61
1.523
1.439
1.294
1.238
1.188
1.149
1.117
1.098
1.091
1.132
1.169
1.217
1.276
1.344
1.423
1.508
1.691
1.784
1.875
1.971
2.051
2.119
2.235
2.277
2.308
2.329
2.334
2.312
2.288
2.204
2.147
2.078
2.003
1.926
1.837
1.752
1.571
1.487
1.405
1.329
1.265
1.21
1.132
1.107
1.092
1.096
1.116
1.145
1.185
1.3
1.373
1.454
1.543
1.633
1.725
1.813
1.991
2.071
2.144
2.204
2.252
2.291
2.316
2.333
2.31
2.279
2.239
2.189
2.129
2.059
1.899
1.803
1.721
1.633
1.546
1.462
1.312
1.253
1.199
1.154
1.123
1.102
1.092
1.127
1.161
1.201
1.258
1.329
1.404
1.488
1.669
1.763
1.854
1.945
2.032
2.101
2.169
2.268
2.301
2.327
2.334
2.318
2.294
2.262
2.16
2.096
2.022
1.946
1.862
1.778
1.592
1.506
1.426
1.348
1.276
1.221
1.17
1.112
1.094
1.092
1.11
1.137
1.175
1.225
1.355
1.434
1.522
1.613
1.702
1.792
1.882
2.054
2.127
2.19
2.242
2.282
2.31
2.33
2.32
2.286
2.249
2.203
2.144
2.073
1.917
1.834
1.741
1.654
1.567
1.482
1.329
1.267
1.214
1.163
1.13
1.106
1.092
1.118
1.15
1.188
1.244
1.307
1.379
1.461
1.642
1.733
1.826
1.919
1.999
2.08
2.209
2.258
2.294
2.316
2.333
2.327
2.306
2.233
2.18
2.12
2.048
1.977
1.886
1.712
1.622
1.536
1.452
1.376
1.304
1.247
1.15
1.12
1.1
1.089
1.105
1.128
1.165
1.27
1.335
1.412
1.497
1.588
1.678
1.864
1.947
2.031
2.109
2.174
2.23
2.272
2.33
2.334
2.319
2.294
2.26
2.216
2.093
2.018
1.937
1.851
1.766
1.678
1.59
1.423
1.347
1.284
1.226
1.181
1.136
1.094
1.095
1.113
1.136
1.176
1.226
1.289
1.442
1.527
1.618
1.711
1.803
1.893
1.981
2.133
2.196
2.247
2.286
2.313
2.331
2.308
2.28
2.243
2.193
2.132
2.063
1.987
1.825
1.73
1.639
1.552
1.468
1.388
1.251
1.195
1.156
1.126
1.103
1.091
1.1
1.152
1.202
1.254
1.318
1.39
1.473
1.562
1.745
1.834
1.927
2.014
2.088
2.157
2.261
2.297
2.323
2.336
2.328
2.309
2.229
2.174
2.114
2.043
1.963
1.878
1.791
1.613
1.526
1.443
1.367
1.294
1.239
1.151
1.118
1.099
1.091
1.109
1.134
1.169
1.275
1.342
1.422
1.507
1.598
1.688
1.783
1.966
2.048
2.117
2.183
2.236
2.278
2.327
2.335
2.314
2.288
2.252
2.205
2.147
2.003
1.927
1.842
1.752
1.659
1.572
1.407
1.333
1.267
1.206
1.163
1.131
1.107
1.096
1.115
1.145
1.188
1.241
1.302
1.373
1.54
1.63
1.727
1.813
1.905
1.992
2.142
2.204
2.253
2.29
2.316
2.336
2.328
2.28
2.241
2.191
2.13
2.062
1.983
1.814
1.725
1.636
1.55
1.466
1.388
1.315
1.21
1.16
1.125
1.103
1.092
1.103
1.158
1.202
1.258
1.324
1.403
1.487
1.576
1.759
1.85
1.945
2.03
2.101
2.168
2.268
2.302
2.32
2.332
2.318
2.294
2.261
2.161
2.096
2.023
1.944
1.862
1.774
1.592
1.506
1.425
1.349
1.28
1.223
1.174
1.112
1.095
1.092
1.11
1.136
1.175
1.224
1.354
1.434
1.519
1.609
1.883
1.972
2.052
2.126
2.19
2.242
2.282
2.332
2.331
2.313
2.285
2.248
2.2
2.076
1.998
1.912
1.826
1.743
1.651
1.564
1.398
1.327
1.262
1.209
1.166
1.129
1.091
1.099
1.116
1.148
1.186
1.239
1.301
1.461
1.548
1.639
1.731
1.825
1.914
1.999
2.149
2.208
2.259
2.292
2.318
2.336
2.303
2.273
2.232
2.18
2.115
2.046
1.884
1.799
1.707
1.62
1.533
1.452
1.373
1.238
1.19
1.148
1.119
1.1
1.091
1.104
1.162
1.21
1.274
1.334
1.408
1.493
1.674
1.765
1.854
1.943
2.029
2.105
2.172
2.273
2.303
2.327
2.334
2.324
2.298
2.217
2.161
2.093
2.019
1.938
1.859
1.771
1.591
1.505
1.422
1.349
1.283
1.224
1.136
1.112
1.095
1.093
1.113
1.136
1.177
1.228
1.358
1.438
1.524
1.616
1.706
1.802
1.982
2.061
2.131
2.194
2.244
2.287
2.315
2.329
2.309
2.282
2.244
2.196
2.135
2.067
1.912
1.829
1.736
1.643
1.556
1.472
1.319
1.256
1.201
1.16
1.126
1.105
1.091
1.121
1.151
1.196
1.252
1.315
1.387
1.47
1.649
1.742
1.834
1.924
2.009
2.085
2.154
2.259
2.296
2.321
2.337
2.326
2.305
2.273
2.18
2.114
2.045
1.962
1.881
1.792
1.706
1.531
1.448
1.37
1.3
1.241
1.194
1.119
1.099
1.092
1.108
1.132
1.168
1.213
1.274
1.421
1.506
1.597
1.688
1.782
1.879
2.043
2.117
2.181
2.236
2.278
2.306
2.325
2.31
2.288
2.251
2.204
2.145
2.078
2.003
1.843
1.753
1.658
1.571
1.486
1.403
1.264
1.21
1.166
1.132
1.107
1.092
1.097
1.144
1.187
1.243
1.302
1.374
1.455
1.544
1.726
1.816
1.906
1.989
2.072
2.144
2.253
2.291
2.317
2.337
2.328
2.309
2.239
2.187
2.128
2.057
1.978
1.899
1.806
1.632
1.545
1.461
1.383
1.312
1.256
1.198
1.123
1.102
1.091
1.101
1.121
1.157
1.255
1.321
1.397
1.48
1.569
1.659
1.753
1.943
2.028
2.096
2.164
2.223
2.268
2.299
2.332
2.316
2.296
2.264
2.22
2.164
2.027
1.949
1.868
1.779
1.686
1.597
1.432
1.353
1.282
1.226
1.174
1.14
1.114
1.092
1.108
1.134
1.173
1.223
1.284
1.347
1.513
1.602
1.692
1.785
1.878
1.966
2.121
2.186
2.238
2.281
2.309
2.33
2.333
2.29
2.255
2.21
2.15
2.087
2.008
1.843
1.752
1.665
1.578
1.492
1.413
1.338
1.216
1.173
1.134
1.109
1.093
1.101
1.145
1.19
1.243
1.305
1.38
1.462
1.55
1.734
1.829
1.921
2.007
2.082
2.15
2.21
2.295
2.321
2.33
2.322
2.3
2.273
2.178
2.116
2.045
1.966
1.886
1.798
1.707
1.531
1.449
1.37
1.299
1.235
1.18
1.119
1.099
1.09
1.104
1.127
1.16
1.209
1.333
1.407
1.491
1.58
1.672
1.767
1.854
2.028
2.104
2.171
2.227
2.27
2.303
2.337
2.322
2.298
2.263
2.219
2.166
2.025
1.946
1.857
1.766
1.684
1.595
1.509
1.352
1.285
1.224
1.18
1.142
1.113
1.096
1.109
1.138
1.171
1.225
1.284
1.354
1.434
1.611
1.702
1.795
1.889
1.975
2.058
2.191
2.242
2.282
2.31
2.329
2.331
2.282
2.244
2.195
2.135
2.066
1.988
1.91
1.734
1.643
1.555
1.471
1.389
1.32
1.199
1.158
1.126
1.104
1.091
1.098
1.12
1.197
1.247
1.316
1.386
1.468
1.558
1.651
1.831
1.921
2.006
2.083
2.154
2.212
2.294
2.32
2.336
2.326
2.311
2.274
2.232
2.117
2.047
1.967
1.881
1.798
1.708
1.533
1.45
1.373
1.301
1.245
1.191
1.149
1.1
1.091
1.109
1.133
1.164
1.213
1.27
1.414
1.499
1.588
1.68
1.774
1.866
2.041
2.111
2.177
2.232
2.274
2.306
2.325
2.318
2.29
2.257
2.211
2.154
2.088
1.851
1.764
1.67
1.582
1.413
1.339
1.272
1.214
1.171
1.134
1.11
1.094
1.112
1.139
1.179
1.229
1.292
1.362
1.529
1.619
1.708
1.802
1.896
1.981
2.133
2.196
2.247
2.286
2.313
2.336
2.329
2.282
2.245
2.196
2.136
2.067
1.989
1.821
1.731
1.644
1.557
1.473
1.393
1.321
1.208
1.166
1.127
1.105
1.092
1.098
1.125
1.196
1.254
1.318
1.397
1.481
1.569
1.754
1.846
1.937
2.027
2.096
2.164
2.221
2.3
2.32
2.336
2.322
2.295
2.265
2.167
2.103
2.028
1.95
1.875
1.781
1.688
1.514
1.433
1.356
1.284
1.228
1.177
1.114
1.096
1.092
1.109
1.136
1.174
1.222
1.351
1.43
1.516
1.606
1.7
1.791
1.879
2.05
2.124
2.188
2.24
2.281
2.31
2.33
2.323
2.287
2.252
2.205
2.147
2.076
1.921
1.833
1.746
1.659
1.571
1.486
1.405
1.266
1.214
1.175
1.133
1.107
1.092
1.097
1.145
1.183
1.23
1.302
1.374
1.455
1.543
1.726
1.816
1.913
1.999
2.075
2.145
2.205
2.29
2.316
2.33
2.325
2.306
2.275
2.182
2.121
2.049
1.973
1.889
1.803
1.713
1.537
1.455
1.375
1.303
1.241
1.191
1.15
1.1
1.09
1.102
1.125
1.156
1.21
1.265
1.403
1.487
1.576
1.667
1.758
1.854
1.937
2.1
2.168
2.222
2.268
2.302
2.328
2.322
2.296
2.264
2.22
2.167
2.103
2.027
1.862
1.775
1.686
1.598
1.512
1.43
1.354
1.232
1.185
1.142
1.114
1.096
1.093
1.111
1.172
1.218
1.28
1.353
1.432
1.517
1.608
1.793
1.892
1.97
2.057
2.126
2.19
2.284
2.312
2.331
2.33
2.311
2.285
2.199
2.14
2.072
1.997
1.916
1.838
1.746
1.563
1.478
1.401
1.323
1.262
1.205
1.128
1.106
1.091
1.097
1.117
1.144
1.187
1.311
1.379
1.461
1.548
1.641
1.732
1.825
2.0
2.078
2.148
2.208
2.256
2.292
2.335
2.328
2.309
2.275
2.235
2.184
2.123
1.974
1.891
1.8
1.713
1.624
1.537
1.376
1.305
1.247
1.195
1.156
1.121
1.1
1.104
1.132
1.162
1.209
1.269
1.335
1.415
1.59
1.681
1.773
1.869
1.963
2.039
2.178
2.232
2.276
2.306
2.325
2.331
2.316
2.255
2.208
2.15
2.083
2.011
1.934
1.757
1.665
1.577
1.493
1.411
1.336
1.269
1.17
1.135
1.109
1.092
1.094
1.114
1.144
1.244
1.298
1.368
1.449
1.535
1.629
1.808
1.902
1.988
2.067
2.139
2.201
2.248
2.315
2.338
2.333
2.317
2.282
2.242
2.133
2.06
1.989
1.901
1.817
1.725
1.638
1.468
1.388
1.317
1.259
1.204
1.162
1.103
1.088
1.102
1.121
1.15
1.192
1.247
1.388
1.471
1.559
1.651
1.743
1.838
1.934
2.088
2.157
2.214
2.261
2.295
2.321
2.325
2.301
2.27
2.229
2.174
2.112
1.963
1.883
1.792
1.703
1.613
1.527
1.445
1.299
1.235
1.184
1.146
1.118
1.098
1.091
1.131
1.169
1.217
1.272
1.341
1.418
1.594
1.685
1.774
1.872
1.955
2.037
2.114
2.233
2.275
2.307
2.327
2.335
2.32
2.258
2.213
2.154
2.088
2.018
1.932
1.849
1.672
1.584
1.499
1.417
1.342
1.275
1.174
1.137
1.111
1.094
1.098
1.117
1.147
1.236
1.304
1.375
1.456
1.544
1.635
1.727
1.915
1.997
2.077
2.146
2.206
2.256
2.318
2.335
2.323
2.306
2.275
2.234
2.121
2.051
1.973
1.892
1.808
1.713
1.625
1.456
1.375
1.305
1.243
1.19
1.149
1.121
1.09
1.103
1.125
1.159
1.206
1.263
1.326
1.486
1.573
1.664
1.76
1.848
1.939
2.099
2.166
2.223
2.268
2.3
2.325
2.33
2.299
2.266
2.223
2.168
2.103
2.034
1.865
1.778
1.69
1.602
1.515
1.434
1.287
1.232
1.18
1.142
1.115
1.097
1.094
1.135
1.17
1.279
1.349
1.428
1.604
1.698
1.789
1.889
1.972
2.047
2.187
2.239
2.279
2.309
2.325
2.329
2.311
2.247
2.198
2.138
2.071
1.994
1.913
1.736
1.649
1.562
1.476
1.398
1.323
1.258
1.16
1.127
1.105
1.091
1.098
1.119
1.149
1.251
1.315
1.383
1.466
1.553
1.646
1.829
1.921
2.003
2.081
2.152
2.212
2.259
2.322
2.336
2.33
2.305
2.273
2.232
2.118
2.048
1.967
1.883
1.795
1.707
1.62
1.45
1.373
1.301
1.246
1.192
1.149
1.1
1.092
1.103
1.13
1.164
1.208
1.267
1.41
1.494
1.583
1.674
1.768
1.864
1.949
2.107
2.173
2.228
2.275
2.307
2.323
2.317
2.29
2.257
2.211
2.154
2.088
2.014
1.857
1.764
1.67
1.582
1.497
1.416
1.274
1.216
1.167
1.135
1.11
1.094
1.096
1.14
1.182
1.237
1.297
1.366
1.446
1.533
1.625
1.807
1.902
1.985
2.064
2.136
2.199
2.287
2.315
2.338
2.328
2.312
2.282
2.244
2.135
2.065
1.986
1.907
1.813
1.732
1.642
1.47
1.39
1.319
1.262
1.206
1.163
1.126
1.091
1.101
1.122
1.15
1.193
1.247
1.314
1.471
1.559
1.651
1.743
1.838
1.932
2.015
2.157
2.216
2.26
2.297
2.322
2.334
2.3
2.267
2.225
2.172
2.108
2.035
1.955
1.79
1.695
1.606
1.521
1.438
1.36
1.289
1.183
1.144
1.116
1.098
1.092
1.107
1.133
1.217
1.275
1.345
1.421
1.507
1.597
1.69
1.87
1.96
2.039
2.116
2.181
2.234
2.306
2.327
2.336
2.321
2.292
2.256
2.211
2.088
2.012
1.931
1.844
1.76
1.669
1.495
1.415
1.339
1.275
1.218
1.183
1.135
1.093
1.096
1.111
1.147
1.18
1.229
1.292
1.449
1.536
1.626
1.719
1.813
1.903
2.066
2.139
2.2
2.25
2.287
2.318
2.331
2.306
2.278
2.24
2.189
2.128
2.058
1.898
1.814
1.726
1.634
1.547
1.463
1.385
1.248
1.19
1.156
1.124
1.102
1.091
1.123
1.159
1.198
1.258
1.323
1.397
1.48
1.661
1.751
1.845
1.933
2.014
2.093
2.163
2.266
2.3
2.327
2.336
2.326
2.297
2.224
2.17
2.109
2.034
1.954
1.868
1.78
1.605
1.518
1.436
1.361
1.293
1.233
1.146
1.115
1.097
1.092
1.109
1.134
1.171
1.28
1.348
1.428
1.514
1.605
1.695
1.791
1.972
2.052
2.123
2.187
2.24
2.281
2.334
2.329
2.311
2.286
2.247
2.199
2.14
1.996
1.913
1.829
1.742
1.648
1.561
1.399
1.322
1.256
1.206
1.16
1.128
1.105
1.099
1.119
1.149
1.193
1.252
1.313
1.383
1.556
1.646
1.739
1.83
1.918
2.002
2.151
2.211
2.259
2.295
2.319
2.337
2.333
2.274
2.234
2.183
2.118
2.047
1.967
1.798
1.71
1.622
1.535
1.451
1.374
1.303
1.196
1.155
1.12
1.1
1.091
1.104
1.161
1.205
1.254
1.326
1.406
1.49
1.579
1.765
1.856
1.946
2.034
2.104
2.171
2.228
2.305
2.325
2.331
2.318
2.292
2.261
2.16
2.094
2.021
1.941
1.862
1.775
1.591
1.505
1.421
1.346
1.279
1.222
1.177
1.112
1.095
1.093
1.112
1.137
1.182
1.227
1.357
1.437
1.521
1.613
1.703
1.793
1.976
2.056
2.129
2.192
2.243
2.285
2.312
2.333
2.316
2.286
2.249
2.201
2.14
1.996
1.914
1.829
1.738
1.652
1.564
1.48
1.327
1.263
1.212
1.166
1.129
1.106
1.1
1.118
1.15
1.194
1.245
1.313
1.387
1.558
1.649
1.742
1.838
1.929
2.013
2.087
2.214
2.263
2.298
2.321
2.331
2.324
2.27
2.227
2.175
2.11
2.039
1.96
1.88
1.699
1.61
1.524
1.444
1.365
1.297
1.183
1.144
1.117
1.098
1.09
1.106
1.13
1.217
1.275
1.341
1.417
1.502
1.59
1.685
1.866
1.96
2.037
2.112
2.178
2.232
2.306
2.328
2.337
2.292
2.213
2.156
2.092
2.016
1.934
1.848
1.759
1.585
1.499
1.417
1.343
1.276
1.221
1.174
1.11
1.094
1.094
1.112
1.143
1.181
1.231
1.366
1.447
1.533
1.624
1.717
1.811
1.9
2.066
2.138
2.2
2.252
2.288
2.314
2.333
2.308
2.28
2.241
2.192
2.131
2.061
1.904
1.819
1.729
1.637
1.55
1.466
1.389
1.251
1.196
1.157
1.124
1.103
1.091
1.1
1.155
1.194
1.259
1.321
1.393
1.476
1.567
1.747
1.838
1.93
2.015
2.091
2.16
2.219
2.297
2.326
2.338
2.327
2.303
2.27
2.228
2.112
2.039
1.96
1.875
1.789
1.7
1.526
1.442
1.365
1.296
1.236
1.19
1.148
1.098
1.091
1.109
1.133
1.173
1.217
1.281
1.43
1.516
1.606
1.698
1.793
1.885
1.974
2.124
2.189
2.241
2.281
2.308
2.33
2.313
2.286
2.25
2.202
2.144
2.076
2.001
1.838
1.746
1.654
1.567
1.483
1.401
1.259
1.211
1.167
1.13
1.106
1.092
1.097
1.149
1.187
1.248
1.308
1.377
1.459
1.547
1.729
1.817
1.912
1.993
2.075
2.147
2.256
2.292
2.318
2.336
2.33
2.31
2.277
2.187
2.123
2.055
1.974
1.892
1.803
1.629
1.541
1.458
1.38
1.31
1.25
1.202
1.122
1.101
1.09
1.104
1.127
1.16
1.206
1.325
1.403
1.486
1.576
1.667
1.759
1.952
2.033
2.101
2.168
2.226
2.268
2.302
2.332
2.319
2.297
2.262
2.218
2.163
2.024
1.947
1.865
1.774
1.682
1.594
1.506
1.35
1.278
1.218
1.175
1.139
1.113
1.095
1.111
1.135
1.176
1.223
1.289
1.352
1.431
1.605
1.698
1.794
1.88
1.968
2.053
2.189
2.24
2.281
2.31
2.331
2.336
2.318
2.251
2.203
2.144
2.076
2.004
1.922
1.829
1.656
1.568
1.485
1.403
1.331
1.268
1.211
1.13
1.107
1.092
1.101
1.123
1.15
1.192
1.312
1.387
1.469
1.557
1.648
1.742
1.832
2.015
2.087
2.155
2.214
2.262
2.295
2.32
2.325
2.3
2.27
2.228
2.175
2.112
1.962
1.884
1.795
1.699
1.611
1.526
1.443
1.295
1.236
1.185
1.145
1.117
1.098
1.091
1.13
1.168
1.216
1.273
1.336
1.414
1.5
1.679
1.772
1.865
1.952
2.033
2.11
2.176
2.274
2.305
2.327
2.336
2.323
2.293
2.259
2.158
2.092
2.017
1.939
1.849
1.764
1.586
1.501
1.419
1.345
1.28
1.224
1.176
1.111
1.094
1.093
1.111
1.139
1.175
1.227
1.293
1.441
1.527
1.618
1.71
1.806
1.897
2.062
2.134
2.196
2.248
2.284
2.313
2.33
2.306
2.281
2.242
2.193
2.132
2.064
1.987
1.821
1.73
1.64
1.552
1.471
1.388
1.253
1.199
1.157
1.125
1.104
1.091
1.1
1.122
1.201
1.254
1.32
1.393
1.476
1.564
1.656
1.841
1.927
2.014
2.091
2.159
2.217
2.297
2.323
2.337
2.328
2.303
2.269
2.227
2.112
2.038
1.959
1.874
1.787
1.699
1.61
1.441
1.365
1.298
1.235
1.188
1.146
1.117
1.094
1.109
1.132
1.163
1.212
1.274
1.344
1.507
1.598
1.688
1.784
1.875
1.963
2.051
2.182
2.236
2.28
2.308
2.329
2.331
2.311
2.253
2.206
2.147
2.08
2.003
1.928
1.754
1.661
1.573
1.488
1.409
1.335
1.267
1.164
1.13
1.108
1.093
1.096
1.115
1.144
1.243
1.299
1.372
1.453
1.539
1.631
1.724
1.904
1.991
2.072
2.142
2.203
2.252
2.29
2.34
2.327
2.308
2.279
2.24
2.188
2.127
1.981
1.898
1.814
1.722
1.634
1.547
1.384
1.312
1.254
1.203
1.159
1.124
1.102
1.104
1.125
1.159
1.206
1.258
1.323
1.403
1.487
1.667
1.758
1.853
1.942
2.028
2.1
2.222
2.269
2.302
2.322
2.331
2.318
2.292
2.216
2.161
2.094
2.021
1.943
1.858
1.773
1.59
1.504
1.424
1.343
1.275
1.139
1.112
1.095
1.095
1.111
1.137
1.221
1.295
1.356
1.436
1.523
1.613
1.705
1.886
1.975
2.054
2.128
2.192
2.243
2.312
2.332
2.332
2.315
2.286
2.25
2.203
2.076
2.002
1.918
1.83
1.746
1.655
1.482
1.402
1.329
1.263
1.209
1.165
1.13
1.092
1.099
1.118
1.148
1.187
1.243
1.305
1.463
1.551
1.641
1.733
1.826
1.918
2.081
2.151
2.211
2.258
2.295
2.319
2.331
2.3
2.271
2.229
2.176
2.112
2.041
1.883
1.799
1.704
1.614
1.528
1.444
1.366
1.239
1.186
1.149
1.118
1.099
1.091
1.129
1.169
1.213
1.276
1.337
1.414
1.498
1.68
1.77
1.862
1.952
2.031
2.109
2.175
2.274
2.306
2.328
2.34
2.325
2.293
2.215
2.16
2.093
2.019
1.939
1.851
1.76
1.588
1.502
1.421
1.346
1.28
1.225
1.179
1.111
1.094
1.095
1.115
1.141
1.174
1.227
1.36
1.44
1.527
1.617
1.71
1.802
1.897
2.061
2.133
2.195
2.246
2.285
2.311
2.328
2.31
2.282
2.245
2.195
2.135
2.067
1.908
1.821
1.732
1.644
1.556
1.472
1.393
1.26
1.199
1.157
1.126
1.104
1.089
1.099
1.154
1.192
1.248
1.313
1.386
1.469
1.554
1.739
1.832
1.922
2.002
2.084
2.154
2.213
2.296
2.321
2.334
2.327
2.303
2.273
2.181
2.118
2.047
1.964
1.884
1.793
1.705
1.531
1.448
1.371
1.3
1.243
1.192
1.152
1.1
1.093
1.109
1.138
1.167
1.213
1.272
1.423
1.508
1.597
1.69
1.783
1.878
1.967
2.118
2.183
2.235
2.277
2.31
2.327
2.316
2.286
2.251
2.204
2.147
2.079
2.002
1.839
1.749
1.658
1.57
1.485
1.406
1.261
1.208
1.167
1.131
1.107
1.092
1.098
1.145
1.189
1.241
1.302
1.375
1.456
1.543
1.727
1.814
1.905
1.994
2.073
2.145
2.255
2.291
2.317
2.338
2.328
2.309
2.277
2.187
2.126
2.058
1.98
1.892
1.811
1.632
1.544
1.461
1.382
1.31
1.252
1.2
1.123
1.101
1.091
1.1
1.124
1.157
1.256
1.322
1.398
1.481
1.571
1.662
1.755
1.942
2.021
2.096
2.164
2.223
2.269
2.326
2.334
2.319
2.297
2.265
2.221
2.166
2.03
1.952
1.87
1.78
1.688
1.6
1.432
1.354
1.288
1.231
1.177
1.142
1.114
1.092
1.108
1.133
1.174
1.219
1.281
1.347
1.512
1.599
1.694
1.786
1.878
1.961
2.12
2.185
2.238
2.279
2.31
2.329
2.339
2.29
2.255
2.208
2.148
2.085
2.008
1.844
1.753
1.665
1.577
1.492
1.411
1.279
1.22
1.173
1.134
1.109
1.092
1.099
1.148
1.193
1.247
1.314
1.385
1.467
1.556
1.739
1.834
1.931
2.008
2.085
2.154
2.213
2.294
2.317
2.338
2.323
2.299
2.27
2.174
2.111
2.039
1.96
1.879
1.79
1.611
1.525
1.442
1.365
1.294
1.235
1.184
1.117
1.098
1.091
1.106
1.129
1.163
1.211
1.337
1.415
1.5
1.587
1.683
1.772
1.95
2.033
2.111
2.176
2.232
2.274
2.306
2.341
2.322
2.295
2.258
2.213
2.158
2.015
1.935
1.85
1.761
1.673
1.586
1.5
1.344
1.279
1.224
1.178
1.136
1.111
1.094
1.111
1.142
1.175
1.227
1.289
1.361
1.529
1.618
1.711
1.804
1.898
1.983
2.063
2.197
2.247
2.285
2.314
2.329
2.329
2.282
2.244
2.195
2.133
2.065
1.989
1.911
1.733
1.641
1.554
1.471
1.389
1.318
1.2
1.157
1.125
1.103
1.09
1.1
1.121
1.193
1.257
1.318
1.388
1.471
1.561
1.651
1.836
1.924
2.008
2.087
2.156
2.214
2.296
2.32
2.34
2.328
2.306
2.271
2.23
2.116
2.043
1.963
1.883
1.794
1.704
1.529
1.446
1.369
1.299
1.243
1.19
1.148
1.099
1.093
1.108
1.133
1.167
1.211
1.267
1.417
1.502
1.591
1.683
1.776
1.873
2.113
2.179
2.232
2.277
2.307
2.336
2.317
2.289
2.255
2.208
2.151
2.008
1.933
1.844
1.757
1.666
1.578
1.492
1.336
1.276
1.214
1.168
1.133
1.109
1.096
1.116
1.144
1.19
1.241
1.3
1.372
1.54
1.634
1.724
1.814
1.901
1.991
2.07
2.203
2.252
2.29
2.316
2.332
2.33
2.279
2.241
2.19
2.131
2.061
1.984
1.811
1.725
1.636
1.549
1.464
1.388
1.314
1.196
1.159
1.124
1.103
1.091
1.102
1.124
1.199
1.253
1.318
1.394
1.478
1.566
1.751
1.844
1.931
2.019
2.094
2.162
2.22
2.3
2.322
2.332
2.323
2.295
2.267
2.169
2.106
2.033
1.956
1.874
1.787
1.692
1.518
1.435
1.358
1.29
1.232
1.181
1.143
1.097
1.091
1.107
1.132
1.167
1.218
1.278
1.422
1.508
1.594
1.69
1.778
1.874
1.96
2.116
2.182
2.236
2.277
2.309
2.33
2.322
2.291
2.256
2.208
2.154
2.088
2.009
1.843
1.756
1.666
1.578
1.492
1.412
1.338
1.22
1.175
1.134
1.109
1.094
1.099
1.122
1.187
1.241
1.302
1.382
1.464
1.551
1.642
1.831
1.923
2.005
2.083
2.151
2.21
2.292
2.318
2.333
2.322
2.3
2.27
2.229
2.111
2.04
1.96
1.885
1.79
1.701
1.612
1.445
1.369
1.296
1.235
1.187
1.146
1.117
1.091
1.105
1.129
1.166
1.215
1.279
1.339
1.499
1.586
1.68
1.772
1.863
1.949
2.034
2.176
2.232
2.274
2.305
2.329
2.334
2.295
2.261
2.216
2.16
2.095
2.02
1.941
1.766
1.678
1.59
1.505
1.421
1.347
1.281
1.178
1.139
1.112
1.095
1.095
1.111
1.175
1.223
1.284
1.355
1.435
1.522
1.611
1.798
1.894
1.977
2.056
2.129
2.192
2.282
2.311
2.331
2.328
2.314
2.283
2.246
2.137
2.069
1.995
1.916
1.826
1.74
1.559
1.475
1.395
1.323
1.258
1.204
1.162
1.105
1.091
1.099
1.119
1.15
1.195
1.248
1.385
1.467
1.556
1.644
1.736
1.829
2.003
2.082
2.153
2.213
2.259
2.295
2.321
2.328
2.303
2.274
2.232
2.182
2.117
1.969
1.884
1.792
1.709
1.62
1.533
1.45
1.303
1.245
1.191
1.151
1.12
1.1
1.107
1.13
1.167
1.212
1.27
1.341
1.418
1.592
1.685
1.777
1.875
1.963
2.043
2.115
2.236
2.277
2.307
2.321
2.33
2.314
2.254
2.207
2.149
2.082
2.007
1.931
1.843
1.664
1.576
1.491
1.409
1.332
1.265
1.165
1.133
1.108
1.093
1.095
1.115
1.143
1.238
1.298
1.369
1.45
1.537
1.628
1.723
1.904
1.987
2.066
2.14
2.201
2.251
2.316
2.334
2.328
2.309
2.28
2.241
2.132
2.062
1.981
1.902
1.818
1.725
1.637
1.467
1.388
1.316
1.253
1.202
1.162
1.125
1.091
1.102
1.123
1.156
1.197
1.25
1.394
1.478
1.565
1.658
1.751
1.85
1.933
2.094
2.162
2.221
2.265
2.299
2.319
2.322
2.301
2.267
2.225
2.171
2.107
2.034
1.875
1.786
1.694
1.606
1.522
1.437
1.287
1.232
1.18
1.142
1.116
1.097
1.091
1.132
1.173
1.219
1.281
1.342
1.422
1.507
1.688
1.78
1.871
1.957
2.041
2.116
2.236
2.277
2.309
2.329
2.334
2.317
2.292
2.211
2.152
2.085
2.011
1.934
1.845
1.668
1.58
1.495
1.415
1.341
1.274
1.225
1.136
1.11
1.094
1.1
1.12
1.153
1.241
1.31
1.383
1.466
1.554
1.647
1.738
1.922
2.015
2.085
2.153
2.213
2.258
2.324
2.331
2.322
2.301
2.271
2.229
2.176
2.041
1.961
1.883
1.793
1.703
1.613
1.447
1.369
1.297
1.233
1.187
1.145
1.118
1.089
1.106
1.13
1.167
1.213
1.271
1.34
1.501
1.592
1.686
1.775
1.868
1.954
2.112
2.178
2.232
2.275
2.306
2.327
2.338
2.298
2.258
2.213
2.157
2.092
2.015
1.85
1.757
1.585
1.499
1.344
1.278
1.222
1.174
1.139
1.11
1.094
1.113
1.138
1.173
1.228
1.285
1.36
1.441
1.619
1.71
1.803
1.896
1.985
2.063
2.133
2.247
2.285
2.313
2.333
2.326
2.309
2.242
2.191
2.131
2.06
1.985
1.906
1.815
1.638
1.551
1.468
1.392
1.315
1.248
1.154
1.124
1.104
1.091
1.101
1.122
1.154
1.254
1.319
1.394
1.478
1.565
1.655
1.75
1.93
2.012
2.092
2.161
2.218
2.264
2.322
2.338
2.326
2.303
2.269
2.226
2.11
2.036
1.957
1.875
1.781
1.697
1.608
1.44
1.362
1.293
1.238
1.182
1.145
1.098
1.09
1.108
1.13
1.164
1.212
1.271
1.418
1.503
1.592
1.684
1.777
1.87
1.962
2.114
2.18
2.235
2.278
2.306
2.326
2.329
2.29
2.255
2.208
2.15
2.084
2.007
1.843
1.757
1.665
1.577
1.492
1.412
1.338
1.213
1.162
1.133
1.109
1.092
1.095
1.114
1.188
1.234
1.303
1.368
1.449
1.537
1.625
1.814
1.899
1.989
2.065
2.139
2.201
2.248
2.315
2.333
2.33
2.314
2.281
2.244
2.195
2.067
1.988
1.906
1.817
1.731
1.642
1.47
1.391
1.319
1.259
1.208
1.169
1.126
1.091
1.102
1.121
1.154
1.196
1.25
1.317
1.477
1.565
1.657
1.749
1.841
1.935
2.023
2.161
2.218
2.268
2.3
2.32
2.335
2.321
2.265
2.222
2.166
2.103
2.029
1.951
1.777
1.689
1.601
1.514
1.432
1.356
1.289
1.179
1.144
1.114
1.097
1.091
1.108
1.134
1.218
1.281
1.347
1.427
1.511
1.601
1.697
1.878
1.962
2.046
2.121
2.185
2.236
2.309
2.333
2.334
2.316
2.289
2.254
2.208
2.082
2.005
1.925
1.838
1.752
1.663
1.49
1.409
1.335
1.269
1.215
1.175
1.133
1.093
1.099
1.117
1.147
1.185
1.237
1.301
1.456
1.543
1.633
1.728
1.82
1.914
2.074
2.145
2.206
2.256
2.291
2.313
2.333
2.304
2.274
2.233
2.181
2.119
2.048
1.887
1.803
1.71
1.621
1.535
1.452
1.373
1.241
1.189
1.149
1.12
1.1
1.091
1.127
1.164
1.204
1.271
1.329
1.407
1.491
1.672
1.763
1.858
1.943
2.026
2.104
2.171
2.271
2.303
2.325
2.342
2.323
2.298
2.219
2.165
2.097
2.027
1.945
1.86
1.777
1.596
1.509
1.427
1.352
1.285
1.228
1.142
1.113
1.096
1.094
1.112
1.135
1.174
1.283
1.354
1.433
1.52
1.609
1.702
1.798
1.974
2.058
2.127
2.191
2.241
2.284
2.332
2.331
2.311
2.284
2.245
2.196
2.068
1.995
1.91
1.828
1.735
1.645
1.558
1.394
1.32
1.261
1.206
1.157
1.126
1.105
1.099
1.118
1.148
1.196
1.252
1.313
1.465
1.553
1.644
1.737
1.828
1.916
2.001
2.151
2.211
2.259
2.294
2.319
2.333
2.308
2.274
2.234
2.182
2.119
2.05
1.969
1.8
1.711
1.622
1.535
1.453
1.376
1.246
1.195
1.15
1.12
1.1
1.092
1.106
1.16
1.209
1.269
1.339
1.417
1.502
1.592
1.777
1.876
1.956
2.038
2.113
2.179
2.277
2.306
2.33
2.333
2.314
2.287
2.254
2.148
2.082
2.007
1.923
1.841
1.751
1.575
1.49
1.408
1.334
1.265
1.212
1.166
1.108
1.093
1.096
1.115
1.144
1.19
1.307
1.373
1.454
1.542
1.631
1.724
1.818
1.989
2.07
2.143
2.204
2.253
2.29
2.332
2.335
2.309
2.28
2.241
2.191
2.13
1.98
1.899
1.815
1.726
1.636
1.549
1.385
1.314
1.258
1.201
1.165
1.124
1.103
1.102
1.122
1.151
1.195
1.252
1.315
1.393
1.564
1.656
1.749
1.84
1.933
2.02
2.092
2.219
2.266
2.297
2.321
2.331
2.319
2.267
2.224
2.171
2.106
2.032
1.955
1.79
1.692
1.604
1.518
1.436
1.359
1.289
1.18
1.143
1.115
1.097
1.089
1.108
1.133
1.215
1.274
1.345
1.508
1.691
1.781
1.872
1.963
2.042
2.117
2.183
2.278
2.308
2.334
2.336
2.319
2.29
2.209
2.154
2.086
2.009
1.93
1.839
1.755
1.578
1.492
1.412
1.338
1.275
1.217
1.135
1.109
1.093
1.098
1.117
1.146
1.19
1.299
1.374
1.455
1.543
1.634
1.726
1.821
1.999
2.075
2.145
2.206
2.254
2.292
2.337
2.322
2.306
2.275
2.234
2.183
2.121
1.974
1.892
1.805
1.715
1.624
1.538
1.377
1.302
1.243
1.19
1.15
1.121
1.101
1.103
1.126
1.163
1.204
1.264
1.325
1.404
1.577
1.67
1.758
1.844
1.94
2.022
2.168
2.225
2.27
2.302
2.325
2.337
2.323
2.267
2.224
2.172
2.106
2.035
1.951
1.786
1.693
1.605
1.519
1.436
1.36
1.293
1.181
1.148
1.116
1.097
1.095
1.112
1.138
1.223
1.287
1.358
1.437
1.524
1.614
1.707
1.895
1.975
2.059
2.131
2.194
2.245
2.285
2.327
2.327
2.311
2.283
2.245
2.196
2.067
1.993
1.915
1.829
1.738
1.645
1.558
1.394
1.322
1.255
1.199
1.158
1.126
1.105
1.099
1.12
1.154
1.193
1.249
1.315
1.386
1.555
1.65
1.739
1.83
1.923
2.006
2.085
2.213
2.26
2.295
2.319
2.34
2.324
2.304
2.232
2.179
2.12
2.043
1.965
1.883
1.705
1.619
1.532
1.447
1.371
1.301
1.244
1.149
1.119
1.1
1.092
1.106
1.129
1.16
1.264
1.332
1.409
1.494
1.583
1.675
1.768
1.95
2.034
2.107
2.173
2.227
2.273
2.306
2.333
2.319
2.292
2.257
2.212
2.156
2.015
1.939
1.861
1.76
1.673
1.584
1.498
1.341
1.277
1.217
1.17
1.137
1.111
1.094
1.112
1.14
1.183
1.232
1.292
1.36
1.44
1.619
1.708
1.805
1.891
1.979
2.059
2.195
2.246
2.285
2.313
2.334
2.335
2.283
2.246
2.196
2.139
2.068
1.994
1.908
1.735
1.646
1.559
1.474
1.395
1.322
1.205
1.169
1.126
1.105
1.091
1.101
1.126
1.194
1.252
1.313
1.393
1.477
1.564
1.656
1.844
1.937
2.02
2.093
2.161
2.219
2.298
2.326
2.336
2.319
2.295
2.266
2.223
2.104
2.031
1.955
1.873
1.786
1.69
1.516
1.436
1.354
1.287
1.226
1.178
1.144
1.097
1.092
1.108
1.134
1.171
1.223
1.282
1.426
1.51
1.602
1.693
1.784
1.878
2.044
2.12
2.185
2.238
2.279
2.309
2.331
2.321
2.29
2.254
2.208
2.152
2.085
1.928
1.842
1.754
1.664
1.577
1.49
1.336
1.275
1.217
1.171
1.134
1.109
1.093
1.118
1.142
1.179
1.236
1.298
1.37
1.451
1.628
1.721
1.816
1.904
1.998
2.072
2.202
2.251
2.29
2.317
2.334
2.322
2.305
2.237
2.186
2.125
2.056
1.981
1.896
1.719
1.63
1.543
1.46
1.38
1.314
1.245
1.151
1.123
1.102
1.09
1.102
1.124
1.157
1.258
1.327
1.399
1.482
1.573
1.663
1.846
1.934
2.016
2.096
2.165
2.221
2.265
2.325
2.337
2.325
2.3
2.268
2.225
2.108
2.034
1.956
1.872
1.783
1.695
1.607
1.438
1.361
1.295
1.232
1.189
1.145
1.097
1.093
1.115
1.138
1.172
1.226
1.281
1.433
1.519
1.609
1.703
1.796
1.889
1.977
2.127
2.19
2.243
2.284
2.311
2.336
2.308
2.284
2.248
2.2
2.14
2.072
1.995
1.836
1.739
1.65
1.563
1.478
1.4
1.259
1.204
1.161
1.129
1.106
1.091
1.101
1.149
1.191
1.251
1.313
1.385
1.467
1.554
1.738
1.828
1.917
2.002
2.083
2.153
2.258
2.293
2.32
2.34
2.333
2.308
2.274
2.183
2.118
2.049
1.968
1.884
1.795
1.62
1.534
1.451
1.373
1.302
1.242
1.147
1.12
1.1
1.092
1.107
1.128
1.162
1.255
1.331
1.408
1.492
1.582
1.673
1.766
1.95
2.033
2.105
2.172
2.229
2.271
2.323
2.334
2.316
2.295
2.26
2.093
2.02
1.942
1.853
1.769
1.677
1.503
1.423
1.346
1.28
1.223
1.172
1.138
1.095
1.094
1.111
1.14
1.173
1.229
1.289
1.436
1.523
1.613
1.704
1.797
1.89
2.054
2.129
2.192
2.243
2.283
2.31
2.331
2.314
2.285
2.247
2.196
2.141
2.071
1.908
1.826
1.739
1.648
1.561
1.475
1.396
1.26
1.208
1.17
1.128
1.105
1.092
1.124
1.152
1.196
1.25
1.313
1.391
1.475
1.655
1.747
1.838
1.931
2.018
2.09
2.159
2.265
2.297
2.327
2.331
2.321
2.3
2.225
2.171
2.109
2.036
1.957
1.872
1.784
1.607
1.52
1.438
1.36
1.292
1.23
1.143
1.116
1.097
1.091
1.107
1.132
1.169
1.274
1.344
1.421
1.507
1.594
1.688
1.78
1.956
2.042
2.115
2.181
2.235
2.277
2.307
2.334
2.318
2.292
2.257
2.211
2.154
2.015
1.93
1.847
1.76
1.669
1.581
1.497
1.341
1.271
1.217
1.17
1.136
1.11
1.094
1.114
1.145
1.181
1.234
1.298
1.369
1.45
1.628
1.721
1.816
1.904
1.995
2.07
2.141
2.255
2.287
2.315
2.332
2.325
2.305
2.275
2.183
2.121
2.05
1.973
1.89
1.807
1.712
1.538
1.454
1.375
1.305
1.244
1.186
1.121
1.1
1.091
1.104
1.126
1.159
1.205
1.333
1.405
1.489
1.578
1.666
1.762
1.854
2.021
2.101
2.169
2.225
2.27
2.302
2.321
2.317
2.302
2.266
2.223
2.169
2.104
2.027
1.864
1.778
1.69
1.601
1.515
1.432
1.288
1.232
1.189
1.143
1.115
1.097
1.092
1.132
1.171
1.211
1.275
1.346
1.425
1.511
1.694
1.787
1.874
1.966
2.047
2.121
2.238
2.277
2.31
2.327
2.331
2.315
2.289
2.205
2.148
2.081
2.007
1.932
1.845
1.661
1.573
1.488
1.409
1.336
1.266
1.211
1.133
1.108
1.093
1.099
1.12
1.147
1.19
1.305
1.38
1.463
1.549
1.643
1.735
1.916
1.998
2.078
2.149
2.209
2.255
2.293
2.336
2.328
2.31
2.276
2.237
2.186
2.056
1.973
1.888
1.807
1.716
1.628
1.457
1.38
1.309
1.247
1.192
1.153
1.123
1.091
1.106
1.128
1.16
1.205
1.259
1.328
1.49
1.578
1.672
1.763
1.859
1.943
2.103
2.171
2.227
2.271
2.302
2.325
2.333
2.295
2.262
2.218
2.163
2.098
2.023
1.864
1.773
1.681
1.593
1.508
1.427
1.35
1.225
1.173
1.139
1.112
1.095
1.093
1.111
1.175
1.233
1.294
1.355
1.434
1.52
1.703
1.799
1.883
1.969
2.053
2.126
2.19
2.282
2.311
2.33
2.337
2.318
2.286
2.202
2.145
2.072
1.999
1.919
1.832
1.745
1.568
1.483
1.401
1.329
1.263
1.205
1.13
1.107
1.092
1.1
1.121
1.155
1.192
1.314
1.389
1.472
1.56
1.652
1.744
1.839
2.018
2.088
2.158
2.216
2.262
2.296
2.333
2.321
2.299
2.268
2.225
2.172
2.109
1.958
1.876
1.787
1.695
1.607
1.521
1.363
1.292
1.232
1.182
1.143
1.116
1.097
1.107
1.133
1.17
1.216
1.277
1.343
1.423
1.599
1.691
1.781
1.868
1.963
2.04
2.182
2.236
2.277
2.307
2.33
2.336
2.32
2.255
2.209
2.152
2.085
2.011
1.927
1.757
1.666
1.579
1.493
1.413
1.337
1.273
1.171
1.133
1.109
1.093
1.095
1.114
1.182
1.231
1.293
1.366
1.447
1.534
1.625
1.814
1.904
1.995
2.066
2.138
2.2
2.251
2.315
2.335
2.328
2.304
2.277
2.238
2.126
2.057
1.979
1.898
1.815
1.72
1.544
1.461
1.381
1.311
1.249
1.192
1.154
1.102
1.091
1.102
1.122
1.157
1.2
1.256
1.398
1.481
1.569
1.662
1.753
1.843
2.019
2.095
2.164
2.221
2.266
2.3
2.322
2.325
2.302
2.267
2.223
2.168
2.102
1.952
1.863
1.777
1.691
1.602
1.516
1.434
1.289
1.234
1.181
1.145
1.115
1.097
1.133
1.168
1.214
1.276
1.346
1.51
1.6
1.692
1.788
1.883
1.968
2.049
2.184
2.239
2.278
2.312
2.329
2.33
2.288
2.252
2.205
2.147
2.079
2.002
1.837
1.752
1.659
1.571
1.486
1.409
1.334
1.21
1.165
1.132
1.107
1.092
1.097
1.115
1.186
1.24
1.303
1.372
1.453
1.54
1.635
1.814
1.908
1.993
2.07
2.142
2.203
2.29
2.318
2.337
2.334
2.307
2.279
2.19
2.127
2.058
1.976
1.894
1.808
1.721
1.546
1.462
1.383
1.311
1.249
1.199
1.154
1.102
1.092
1.105
1.126
1.162
1.206
1.329
1.407
1.492
1.581
1.672
1.765
1.859
2.03
2.105
2.172
2.227
2.275
2.304
2.332
2.317
2.291
2.26
2.215
2.158
2.093
1.94
1.851
1.766
1.676
1.589
1.501
1.423
1.277
1.221
1.172
1.133
1.111
1.095
1.095
1.142
1.18
1.231
1.296
1.362
1.443
1.529
1.712
1.805
1.892
1.98
2.06
2.133
2.196
2.287
2.313
2.334
2.326
2.317
2.282
2.196
2.136
2.066
1.993
1.907
1.824
1.731
1.556
1.472
1.391
1.321
1.256
1.209
1.165
1.104
1.09
1.099
1.12
1.149
1.191
1.241
1.384
1.467
1.555
1.646
1.739
1.833
1.928
2.084
2.154
2.213
2.259
2.294
2.32
2.325
2.301
2.271
2.23
2.177
2.115
2.041
1.88
1.792
1.704
1.615
1.529
1.447
1.367
1.236
1.183
1.144
1.118
1.099
1.09
1.106
1.168
1.22
1.266
1.337
1.414
1.499
1.587
1.777
1.86
1.952
2.037
2.11
2.176
2.274
2.305
2.328
2.34
2.318
2.294
2.259
2.16
2.091
2.018
1.935
1.849
1.767
1.587
1.501
1.419
1.345
1.282
1.226
1.18
1.111
1.094
1.097
1.114
1.142
1.181
1.232
1.365
1.446
1.533
1.624
1.717
1.81
1.989
2.068
2.138
2.2
2.249
2.289
2.317
2.325
2.307
2.28
2.24
2.19
2.13
1.982
1.906
1.821
1.725
1.635
1.548
1.465
1.314
1.245
1.197
1.155
1.124
1.103
1.101
1.122
1.154
1.205
1.252
1.323
1.395
1.567
1.658
1.751
1.841
1.933
2.015
2.094
2.22
2.265
2.299
2.321
2.337
2.329
2.268
2.225
2.173
2.11
2.036
1.953
1.874
1.694
1.607
1.52
1.437
1.363
1.294
1.187
1.147
1.116
1.097
1.093
1.11
1.133
1.214
1.279
1.346
1.424
1.509
1.6
1.693
1.877
1.965
2.045
2.119
2.184
2.236
2.308
2.328
2.328
2.314
2.287
2.251
2.204
2.078
2.003
1.921
1.835
1.745
1.657
1.484
1.403
1.332
1.265
1.211
1.165
1.131
1.092
1.098
1.115
1.147
1.19
1.241
1.302
1.458
1.545
1.635
1.727
1.819
1.909
2.072
2.146
2.206
2.254
2.292
2.319
2.338
2.305
2.277
2.237
2.187
2.122
2.054
1.89
