59.8921,0.0
59.9021,0.81
59.9121,1.3
59.9231,1.36
59.9320,1.1
59.9480,0.75
59.9600,0.51
59.9629,0.41
59.9729,0.35
59.9829,0.22
59.9929,-0.0
60.0028,-0.22
60.0128,-0.35
60.0238,-0.41
60.0338,-0.51
60.0437,-0.75
60.0587,-1.1
60.0687,-1.36
60.0736,-1.3
60.0836,-0.8
60.0936,0.0
60.1036,0.81
60.1135,1.3
60.1245,1.36
60.1345,1.1
60.1445,0.75
60.1564,0.51
60.1704,0.41
60.1804,0.35
60.1844,0.22
60.1943,-0.0
60.2053,-0.22
60.2153,-0.35
60.2252,-0.41
60.2352,-0.51
60.2452,-0.75
60.2552,-1.1
60.2701,-1.36
60.2801,-1.3
60.2901,-0.8
60.2961,0.0
60.3060,0.81
60.3160,1.3
60.3270,1.36
60.3359,1.1
60.3469,0.75
60.3569,0.51
60.3669,0.41
60.3788,0.35
60.3918,0.22
60.4048,-0.0
60.4078,-0.22
60.4177,-0.35
60.4287,-0.41
60.4377,-0.51
60.4476,-0.75
60.4576,-1.1
60.4676,-1.36
60.4786,-1.3
60.4915,-0.8
60.5015,0.0
60.5135,0.81
60.5185,1.3
60.5284,1.36
60.5394,1.1
60.5494,0.75
60.5593,0.51
60.5693,0.41
60.5793,0.35
60.5893,0.22
60.5992,-0.0
60.6122,-0.22
60.6262,-0.35
60.6302,-0.41
60.6401,-0.51
60.6501,-0.75
60.6601,-1.1
60.6701,-1.36
60.6800,-1.3
60.6910,-0.8
60.7000,0.0
60.7199,0.81
60.7329,1.3
60.7359,1.36
60.7409,1.1
60.7508,0.75
60.7608,0.51
60.7718,0.41
60.7808,0.35
60.7907,0.22
60.8017,-0.0
60.8157,-0.22
60.8316,-0.35
60.8406,-0.41
60.8446,-0.51
60.8516,-0.75
60.8615,-1.1
60.8715,-1.36
60.8825,-1.3
60.8925,-0.8
60.9024,0.0
60.9134,0.81
60.9244,1.3
60.9403,1.36
60.9523,1.1
60.9543,0.75
60.9623,0.51
60.9722,0.41
60.9822,0.35
60.9932,0.22
61.0032,-0.0
61.0151,-0.22
61.0231,-0.35
61.0381,-0.41
61.0530,-0.51
61.0650,-0.75
61.0680,-1.1
61.0750,-1.36
61.0839,-1.3
61.0949,-0.8
61.1049,0.0
61.1149,0.81
61.1248,1.3
61.1348,1.36
61.1458,1.1
61.1587,0.75
61.1707,0.51
61.1757,0.41
61.1847,0.35
61.1956,0.22
61.2056,-0.0
61.2156,-0.22
61.2256,-0.35
61.2355,-0.41
61.2455,-0.51
61.2675,-0.75
61.2794,-1.1
61.2824,-1.36
61.2864,-1.3
61.2964,-0.8
61.3063,0.0
61.3163,0.81
61.3263,1.3
61.3363,1.36
61.3462,1.1
61.3572,0.75
61.3672,0.51
61.3802,0.41
61.3941,0.35
61.3971,0.22
61.4081,-0.0
61.4181,-0.22
61.4280,-0.35
61.4380,-0.41
61.4480,-0.51
61.4579,-0.75
61.4729,-1.1
61.4859,-1.36
61.4988,-1.3
61.5018,-0.8
61.5088,0.0
61.5188,0.81
61.5288,1.3
61.5387,1.36
61.5487,1.1
61.5587,0.75
61.5686,0.51
61.5796,0.41
61.5986,0.35
61.6006,0.22
61.6125,-0.0
61.6195,-0.22
61.6295,-0.35
61.6395,-0.41
61.6504,-0.51
61.6604,-0.75
61.6704,-1.1
61.6803,-1.36
61.6933,-1.3
61.7073,-0.8
61.7173,0.0
61.7202,0.81
61.7302,1.3
61.7412,1.36
61.7512,1.1
61.7611,0.75
61.7711,0.51
61.7821,0.41
61.7911,0.35
61.8080,0.22
61.8180,-0.0
61.8220,-0.22
61.8319,-0.35
61.8419,-0.41
61.8519,-0.51
61.8629,-0.75
61.8728,-1.1
61.8828,-1.36
61.8928,-1.3
61.9028,-0.8
61.9187,0.0
61.9287,0.81
61.9327,1.3
61.9426,1.36
61.9526,1.1
61.9636,0.75
61.9736,0.51
61.9835,0.41
61.9935,0.35
62.0035,0.22
62.0135,-0.0
62.0314,-0.22
62.0414,-0.35
62.0444,-0.41
62.0543,-0.51
62.0643,-0.75
62.0743,-1.1
62.0843,-1.36
62.0942,-1.3
62.1042,-0.8
62.1162,0.0
62.1301,0.81
62.1391,1.3
62.1491,1.36
62.1551,1.1
62.1651,0.75
62.1750,0.51
62.1850,0.41
62.1960,0.35
62.2059,0.22
62.2159,-0.0
62.2259,-0.22
62.2408,-0.35
62.2558,-0.41
62.2598,-0.51
62.2668,-0.75
62.2768,-1.1
62.2867,-1.36
62.2967,-1.3
62.3067,-0.8
62.3166,0.0
62.3266,0.81
62.3366,1.3
62.3506,1.36
62.3615,1.1
62.3715,0.75
62.3775,0.51
62.3875,0.41
62.3974,0.35
62.4074,0.22
62.4174,-0.0
62.4283,-0.22
62.4383,-0.35
62.4483,-0.41
62.4603,-0.51
62.4702,-0.75
62.4812,-1.1
62.4882,-1.36
62.4982,-1.3
62.5091,-0.8
62.5191,0.0
62.5291,0.81
62.5391,1.3
62.5490,1.36
62.5590,1.1
62.5789,0.75
62.5889,0.51
62.5909,0.41
62.5999,0.35
62.6099,0.22
62.6208,-0.0
62.6298,-0.22
62.6408,-0.35
62.6508,-0.41
62.6607,-0.51
62.6747,-0.75
62.6926,-1.1
62.6956,-1.36
62.7006,-1.3
62.7116,-0.8
62.7206,0.0
62.7315,0.81
62.7415,1.3
62.7515,1.36
62.7615,1.1
62.7714,0.75
62.7844,0.51
62.7954,0.41
62.8063,0.35
62.8113,0.22
62.8223,-0.0
62.8323,-0.22
62.8422,-0.35
62.8522,-0.41
62.8622,-0.51
62.8722,-0.75
62.8821,-1.1
62.8961,-1.36
62.9121,-1.3
62.9150,-0.8
62.9230,0.0
62.9330,0.81
62.9430,1.3
62.9539,1.36
62.9639,1.1
62.9739,0.75
62.9839,0.51
62.9938,0.41
63.0078,0.35
63.0198,0.22
63.0317,-0.0
63.0347,-0.22
63.0447,-0.35
63.0547,-0.41
63.0646,-0.51
63.0746,-0.75
63.0846,-1.1
63.0946,-1.36
63.1055,-1.3
63.1245,-0.8
63.1345,0.0
63.1365,0.81
63.1454,1.3
63.1554,1.36
63.1654,1.1
63.1753,0.75
63.1853,0.51
63.1953,0.41
63.2073,0.35
63.2162,0.22
63.2352,-0.0
63.2442,-0.22
63.2462,-0.35
63.2561,-0.41
63.2661,-0.51
63.2771,-0.75
63.2870,-1.1
63.2970,-1.36
63.3070,-1.3
63.3170,-0.8
63.3269,0.0
63.3389,0.81
63.3499,1.3
63.3618,1.36
63.3678,1.1
63.3778,0.75
63.3878,0.51
63.3978,0.41
63.4077,0.35
63.4187,0.22
63.4287,-0.0
63.4456,-0.22
63.4546,-0.35
63.4596,-0.41
63.4686,-0.51
63.4785,-0.75
63.4895,-1.1
63.4995,-1.36
63.5097,-1.3
63.5197,-0.8
63.5295,0.0
63.5397,0.81
63.5525,1.3
63.5595,1.36
63.5695,1.1
63.5794,0.75
63.5898,0.51
63.6007,0.41
63.6107,0.35
63.6207,0.22
63.6308,-0.0
63.6408,-0.22
63.6508,-0.35
63.6667,-0.41
63.6717,-0.51
63.6817,-0.75
63.6908,-1.1
63.7016,-1.36
63.7117,-1.3
63.7217,-0.8
63.7317,0.0
63.7411,0.81
63.7517,1.3
63.7616,1.36
63.7786,1.1
63.7836,0.75
63.7925,0.51
63.8027,0.41
63.8126,0.35
63.8228,0.22
63.8326,-0.0
63.8426,-0.22
63.8526,-0.35
63.8625,-0.41
63.8735,-0.51
63.8865,-0.75
63.8935,-1.1
63.9034,-1.36
63.9134,-1.3
63.9237,-0.8
63.9337,0.0
63.9437,0.81
63.9539,1.3
63.9639,1.36
63.9739,1.1
63.9839,0.75
63.9948,0.51
64.0048,0.41
64.0148,0.35
64.0247,0.22
64.0347,-0.0
64.0447,-0.22
64.0547,-0.35
64.0657,-0.41
64.0755,-0.51
64.0857,-0.75
64.0967,-1.1
64.1087,-1.36
64.1158,-1.3
64.1256,-0.8
64.1357,0.0
64.1457,0.81
64.1557,1.3
64.1656,1.36
64.1757,1.1
64.1867,0.75
64.1968,0.51
64.2087,0.41
64.2217,0.35
64.2267,0.22
64.2368,-0.0
64.2467,-0.22
64.2566,-0.35
64.2677,-0.41
64.2777,-0.51
64.2876,-0.75
64.2985,-1.1
64.3087,-1.36
64.3186,-1.3
64.3336,-0.8
64.3377,0.0
64.3477,0.81
64.3586,1.3
64.3677,1.36
64.3787,1.1
64.3888,0.75
64.3987,0.51
64.4088,0.41
64.4187,0.35
64.4317,0.22
64.4407,-0.0
64.4487,-0.22
64.4598,-0.35
64.4698,-0.41
64.4797,-0.51
64.4897,-0.75
64.4997,-1.1
64.5097,-1.36
64.5198,-1.3
64.5297,-0.8
64.5477,0.0
64.5507,0.81
64.5597,1.3
64.5707,1.36
64.5807,1.1
64.5907,0.75
64.6007,0.51
64.6107,0.41
64.6207,0.35
64.6307,0.22
64.6409,-0.0
64.6598,-0.22
64.6619,-0.35
64.6720,-0.41
64.6819,-0.51
64.6912,-0.75
64.7020,-1.1
64.7121,-1.36
64.7211,-1.3
64.7321,-0.8
64.7421,0.0
64.7520,0.81
64.7698,1.3
64.7727,1.36
64.7828,1.1
64.7927,0.75
64.8028,0.51
64.8128,0.41
64.8227,0.35
64.8328,0.22
64.8437,-0.0
64.8537,-0.22
64.8647,-0.35
64.8796,-0.41
64.8886,-0.51
64.8937,-0.75
64.9036,-1.1
64.9139,-1.36
64.9239,-1.3
64.9339,-0.8
64.9439,0.0
64.9549,0.81
64.9649,1.3
64.9798,1.36
64.9888,1.1
64.9948,0.75
65.0047,0.51
65.0147,0.41
65.0247,0.35
65.0347,0.22
65.0457,-0.0
65.0557,-0.22
65.0657,-0.35
65.0757,-0.41
65.0867,-0.51
65.0976,-0.75
65.1057,-1.1
65.1157,-1.36
65.1256,-1.3
65.1368,-0.8
65.1470,0.0
65.1570,0.81
65.1669,1.3
65.1767,1.36
65.1877,1.1
65.2017,0.75
65.2067,0.51
65.2167,0.41
65.2267,0.35
65.2367,0.22
65.2478,-0.0
65.2577,-0.22
65.2677,-0.35
65.2778,-0.41
65.2877,-0.51
65.2987,-0.75
65.3147,-1.1
65.3178,-1.36
65.3288,-1.3
65.3388,-0.8
65.3487,0.0
65.3587,0.81
65.3688,1.3
65.3797,1.36
65.3888,1.1
65.4007,0.75
65.4146,0.51
65.4226,0.41
65.4286,0.35
65.4396,0.22
65.4497,-0.0
65.4597,-0.22
65.4697,-0.35
65.4797,-0.41
65.4897,-0.51
65.4998,-0.75
65.5097,-1.1
65.5237,-1.36
65.5317,-1.3
65.5407,-0.8
65.5507,0.0
65.5607,0.81
65.5706,1.3
65.5807,1.36
65.5907,1.1
65.6007,0.75
65.6107,0.51
65.6208,0.41
65.6337,0.35
65.6416,0.22
65.6517,-0.0
65.6617,-0.22
65.6717,-0.35
65.6818,-0.41
65.6917,-0.51
65.7018,-0.75
65.7127,-1.1
65.7227,-1.36
65.7327,-1.3
65.7497,-0.8
65.7557,0.0
65.7627,0.81
65.7728,1.3
65.7828,1.36
65.7926,1.1
65.8027,0.75
65.8126,0.51
65.8236,0.41
65.8336,0.35
65.8437,0.22
65.8556,-0.0
65.8637,-0.22
65.8737,-0.35
65.8839,-0.41
65.8939,-0.51
65.9039,-0.75
65.9139,-1.1
65.9239,-1.36
65.9349,-1.3
65.9438,-0.8
65.9548,0.0
65.9688,0.81
65.9748,1.3
65.9847,1.36
65.9948,1.1
66.0047,0.75
66.0146,0.51
66.0257,0.41
66.0357,0.35
66.0457,0.22
66.0558,-0.0
66.0677,-0.22
66.0787,-0.35
66.0857,-0.41
66.0966,-0.51
66.1069,-0.75
66.1170,-1.1
66.1271,-1.36
66.1367,-1.3
66.1466,-0.8
66.1565,0.0
66.1667,0.81
66.1817,1.3
66.1887,1.36
66.1967,1.1
66.2066,0.75
66.2176,0.51
66.2277,0.41
66.2376,0.35
66.2476,0.22
66.2576,-0.0
66.2686,-0.22
66.2786,-0.35
66.2926,-0.41
66.2995,-0.51
66.3085,-0.75
66.3186,-1.1
66.3286,-1.36
66.3387,-1.3
66.3486,-0.8
66.3587,0.0
66.3687,0.81
66.3787,1.3
66.3887,1.36
66.4046,1.1
66.4126,0.75
66.4197,0.51
66.4296,0.41
66.4397,0.35
66.4497,0.22
66.4597,-0.0
66.4697,-0.22
66.4797,-0.35
66.4907,-0.41
66.5017,-0.51
66.5197,-0.75
66.5226,-1.1
66.5307,-1.36
66.5408,-1.3
66.5506,-0.8
66.5607,0.0
66.5707,0.81
66.5808,1.3
66.5907,1.36
66.6017,1.1
66.6127,0.75
66.6307,0.51
66.6337,0.41
66.6416,0.35
66.6516,0.22
66.6616,-0.0
66.6716,-0.22
66.6816,-0.35
66.6926,-0.41
66.7026,-0.51
66.7127,-0.75
66.7286,-1.1
66.7366,-1.36
66.7425,-1.3
66.7526,-0.8
66.7625,0.0
66.7727,0.81
66.7827,1.3
66.7936,1.36
66.8036,1.1
66.8136,0.75
66.8236,0.51
66.8385,0.41
66.8465,0.35
66.8535,0.22
66.8645,-0.0
66.8744,-0.22
66.8845,-0.35
66.8944,-0.41
66.9044,-0.51
66.9144,-0.75
66.9243,-1.1
66.9363,-1.36
66.9462,-1.3
66.9552,-0.8
66.9642,0.0
66.9742,0.81
66.9857,1.3
66.9957,1.36
67.0057,1.1
67.0157,0.75
67.0257,0.51
67.0357,0.41
67.0486,0.35
67.0625,0.22
67.0667,-0.0
67.0767,-0.22
67.0867,-0.35
67.0967,-0.41
67.1067,-0.51
67.1167,-0.75
67.1267,-1.1
67.1367,-1.36
67.1468,-1.3
67.1647,-0.8
67.1717,0.0
67.1777,0.81
67.1868,1.3
67.1977,1.36
67.2087,1.1
67.2186,0.75
67.2276,0.51
67.2386,0.41
67.2486,0.35
67.2586,0.22
67.2695,-0.0
67.2865,-0.22
67.2895,-0.35
67.2986,-0.41
67.3096,-0.51
67.3187,-0.75
67.3286,-1.1
67.3387,-1.36
67.3486,-1.3
67.3596,-0.8
67.3696,0.0
67.3806,0.81
67.3965,1.3
67.3996,1.36
67.4096,1.1
67.4196,0.75
67.4296,0.51
67.4396,0.41
67.4496,0.35
67.4596,0.22
67.4705,-0.0
67.4806,-0.22
67.4965,-0.35
67.5055,-0.41
67.5107,-0.51
67.5207,-0.75
67.5305,-1.1
67.5404,-1.36
67.5517,-1.3
67.5618,-0.8
67.5718,0.0
67.5817,0.81
67.5926,1.3
67.6046,1.36
67.6146,1.1
67.6236,0.75
67.6316,0.51
67.6416,0.41
67.6516,0.35
67.6626,0.22
67.6727,-0.0
67.6827,-0.22
67.6927,-0.35
67.7056,-0.41
67.7166,-0.51
67.7316,-0.75
67.7426,-1.1
67.7436,-1.36
67.7535,-1.3
67.7635,-0.8
67.7835,0.0
67.7845,0.81
67.7935,1.3
67.8034,1.36
67.8184,1.1
67.8274,0.75
67.8343,0.51
67.8433,0.41
67.8533,0.35
67.8643,0.22
67.8747,-0.0
67.8847,-0.22
67.8947,-0.35
67.9047,-0.41
67.9147,-0.51
67.9266,-0.75
67.9395,-1.1
67.9456,-1.36
67.9560,-1.3
67.9657,-0.8
67.9755,0.0
67.9858,0.81
67.9957,1.3
68.0057,1.36
68.0155,1.1
68.0256,0.75
68.0395,0.51
68.0465,0.41
68.0565,0.35
68.0667,0.22
68.0767,-0.0
68.0868,-0.22
68.0967,-0.35
68.1065,-0.41
68.1165,-0.51
68.1275,-0.75
68.1377,-1.1
68.1564,-1.36
68.1624,-1.3
68.1675,-0.8
68.1777,0.0
68.1877,0.81
68.1986,1.3
68.2081,1.36
68.2185,1.1
68.2276,0.75
68.2385,0.51
68.2485,0.41
68.2605,0.35
68.2724,0.22
68.2785,-0.0
68.2884,-0.22
68.2987,-0.35
68.3087,-0.41
68.3188,-0.51
68.3297,-0.75
68.3397,-1.1
68.3497,-1.36
68.3597,-1.3
68.3756,-0.8
68.3826,0.0
68.3897,0.81
68.3997,1.3
68.4097,1.36
68.4197,1.1
68.4297,0.75
68.4406,0.51
68.4506,0.41
68.4606,0.35
68.4775,0.22
68.4885,-0.0
68.4925,-0.22
68.5005,-0.35
68.5114,-0.41
68.5214,-0.51
68.5314,-0.75
68.5414,-1.1
68.5513,-1.36
68.5613,-1.3
68.5713,-0.8
68.5822,0.0
68.5982,0.81
68.6022,1.3
68.6112,1.36
68.6211,1.1
68.6321,0.75
68.6421,0.51
68.6521,0.41
68.6620,0.35
68.6720,0.22
68.6830,-0.0
68.7009,-0.22
68.7119,-0.35
68.7149,-0.41
68.7239,-0.51
68.7328,-0.75
68.7438,-1.1
68.7538,-1.36
68.7638,-1.3
68.7737,-0.8
68.7837,0.0
68.7937,0.81
68.8066,1.3
68.8156,1.36
68.8246,1.1
68.8346,0.75
68.8445,0.51
68.8545,0.41
68.8645,0.35
68.8745,0.22
68.8844,-0.0
68.8944,-0.22
68.9084,-0.35
68.9164,-0.41
68.9253,-0.51
68.9353,-0.75
68.9457,-1.1
68.9557,-1.36
68.9657,-1.3
68.9757,-0.8
68.9857,0.0
68.9958,0.81
69.0058,1.3
69.0177,1.36
69.0327,1.1
69.0367,0.75
69.0467,0.51
69.0567,0.41
69.0667,0.35
69.0767,0.22
69.0867,-0.0
69.0977,-0.22
69.1077,-0.35
69.1178,-0.41
69.1288,-0.51
69.1447,-0.75
69.1487,-1.1
69.1577,-1.36
69.1677,-1.3
69.1777,-0.8
69.1877,0.0
69.1977,0.81
69.2078,1.3
69.2187,1.36
69.2287,1.1
69.2436,0.75
69.2516,0.51
69.2587,0.41
69.2686,0.35
69.2786,0.22
69.2897,-0.0
69.2997,-0.22
69.3097,-0.35
69.3197,-0.41
69.3297,-0.51
69.3397,-0.75
69.3587,-1.1
69.3666,-1.36
69.3697,-1.3
69.3806,-0.8
69.3908,0.0
69.4007,0.81
69.4107,1.3
69.4207,1.36
69.4307,1.1
69.4402,0.75
69.4507,0.51
69.4657,0.41
69.4737,0.35
69.4807,0.22
69.4912,-0.0
69.5017,-0.22
69.5117,-0.35
69.5217,-0.41
69.5317,-0.51
69.5417,-0.75
69.5517,-1.1
69.5617,-1.36
69.5756,-1.3
69.5826,-0.8
69.5926,0.0
69.6026,0.81
69.6126,1.3
69.6226,1.36
69.6326,1.1
69.6427,0.75
69.6527,0.51
69.6627,0.41
69.6747,0.35
69.6876,0.22
69.6936,-0.0
69.7036,-0.22
69.7136,-0.35
69.7237,-0.41
69.7339,-0.51
69.7439,-0.75
69.7539,-1.1
69.7639,-1.36
69.7739,-1.3
69.7879,-0.8
69.7959,0.0
69.8039,0.81
69.8148,1.3
69.8338,1.36
69.8348,1.1
69.8507,0.75
69.8547,0.51
69.8657,0.41
69.8817,0.35
69.8857,0.22
69.9037,-0.0
69.9157,-0.22
69.9176,-0.35
69.9257,-0.41
69.9357,-0.51
69.9457,-0.75
69.9557,-1.1
69.9727,-1.36
69.9767,-1.3
69.9867,-0.8
69.9967,0.0
70.0067,0.81
70.0196,1.3
70.0266,1.36
70.0367,1.1
70.0467,0.75
70.0567,0.51
70.0667,0.41
70.0777,0.35
70.0878,0.22
70.0977,-0.0
70.1077,-0.22
70.1187,-0.35
70.1307,-0.41
70.1377,-0.51
70.1477,-0.75
70.1586,-1.1
70.1686,-1.36
70.1786,-1.3
70.1885,-0.8
70.1985,0.0
70.2085,0.81
70.2224,1.3
70.2324,1.36
70.2414,1.1
70.2484,0.75
70.2583,0.51
70.2693,0.41
70.2793,0.35
70.2893,0.22
70.2992,-0.0
70.3092,-0.22
70.3192,-0.35
70.3321,-0.41
70.3521,-0.51
70.3561,-0.75
70.3601,-1.1
70.3700,-1.36
70.3800,-1.3
70.3910,-0.8
70.4010,0.0
70.4099,0.81
70.4199,1.3
70.4309,1.36
70.4419,1.1
70.4548,0.75
70.4678,0.51
70.4718,0.41
70.4817,0.35
70.4917,0.22
70.5017,-0.0
70.5117,-0.22
70.5216,-0.35
70.5316,-0.41
70.5426,-0.51
70.5605,-0.75
70.5705,-1.1
70.5725,-1.36
70.5825,-1.3
70.5924,-0.8
70.6027,0.0
70.6126,0.81
70.6226,1.3
70.6326,1.36
70.6426,1.1
70.6535,0.75
70.6645,0.51
70.6765,0.41
70.6894,0.35
70.6934,0.22
70.7034,-0.0
70.7134,-0.22
70.7243,-0.35
70.7433,-0.41
70.7443,-0.51
70.7543,-0.75
70.7652,-1.1
70.7822,-1.36
70.7902,-1.3
70.8011,-0.8
70.8047,0.0
70.8147,0.81
70.8247,1.3
70.8346,1.36
70.8446,1.1
70.8557,0.75
70.8657,0.51
70.8766,0.41
70.8926,0.35
70.8957,0.22
70.9057,-0.0
70.9157,-0.22
70.9267,-0.35
70.9367,-0.41
70.9467,-0.51
70.9566,-0.75
70.9667,-1.1
70.9767,-1.36
70.9886,-1.3
71.0025,-0.8
71.0067,0.0
71.0166,0.81
71.0270,1.3
71.0366,1.36
71.0465,1.1
71.0577,0.75
71.0677,0.51
71.0777,0.41
71.0877,0.35
71.0987,0.22
71.1146,-0.0
71.1177,-0.22
71.1286,-0.35
71.1396,-0.41
71.1486,-0.51
71.1587,-0.75
71.1687,-1.1
71.1788,-1.36
71.1887,-1.3
71.1988,-0.8
71.2097,0.0
71.2247,0.81
71.2297,1.3
71.2397,1.36
71.2497,1.1
71.2597,0.75
71.2697,0.51
71.2797,0.41
71.2898,0.35
71.2997,0.22
71.3107,-0.0
71.3247,-0.22
71.3317,-0.35
71.3437,-0.41
71.3507,-0.51
71.3607,-0.75
71.3707,-1.1
71.3809,-1.36
71.3907,-1.3
71.4009,-0.8
71.4107,0.0
71.4227,0.81
71.4367,1.3
71.4417,1.36
71.4516,1.1
71.4617,0.75
71.4717,0.51
71.4818,0.41
71.4917,0.35
71.5017,0.22
71.5128,-0.0
71.5227,-0.22
71.5337,-0.35
71.5486,-0.41
71.5527,-0.51
71.5627,-0.75
71.5727,-1.1
71.5827,-1.36
71.5927,-1.3
71.6037,-0.8
71.6127,0.0
71.6227,0.81
71.6338,1.3
71.6457,1.36
71.6547,1.1
71.6637,0.75
71.6736,0.51
71.6839,0.41
71.6939,0.35
71.7039,0.22
71.7149,-0.0
71.7249,-0.22
71.7348,-0.35
71.7448,-0.41
71.7618,-0.51
71.7668,-0.75
71.7747,-1.1
71.7847,-1.36
71.7947,-1.3
71.8057,-0.8
71.8157,0.0
71.8257,0.81
71.8358,1.3
71.8457,1.36
71.8557,1.1
71.8667,0.75
71.8796,0.51
71.8857,0.41
71.8957,0.35
71.9057,0.22
71.9167,-0.0
71.9267,-0.22
71.9367,-0.35
71.9467,-0.41
71.9564,-0.51
71.9668,-0.75
71.9788,-1.1
71.9908,-1.36
71.9977,-1.3
72.0077,-0.8
72.0177,0.0
72.0277,0.81
72.0377,1.3
72.0477,1.36
72.0577,1.1
72.0677,0.75
72.0777,0.51
72.0937,0.41
72.0997,0.35
72.1088,0.22
72.1187,-0.0
72.1287,-0.22
72.1387,-0.35
72.1487,-0.41
72.1587,-0.51
72.1687,-0.75
72.1788,-1.1
72.1898,-1.36
72.2008,-1.3
72.2098,-0.8
72.2197,0.0
72.2297,0.81
72.2397,1.3
72.2497,1.36
72.2597,1.1
72.2697,0.75
72.2797,0.51
72.2897,0.41
72.3027,0.35
72.3106,0.22
72.3207,-0.0
72.3307,-0.22
72.3407,-0.35
72.3507,-0.41
72.3607,-0.51
72.3707,-0.75
72.3817,-1.1
72.3917,-1.36
72.4017,-1.3
72.4167,-0.8
72.4256,0.0
72.4317,0.81
72.4417,1.3
72.4517,1.36
72.4618,1.1
72.4718,0.75
72.4817,0.51
72.4927,0.41
72.5027,0.35
72.5127,0.22
72.5326,-0.0
72.5356,-0.22
72.5426,-0.35
72.5526,-0.41
72.5625,-0.51
72.5727,-0.75
72.5837,-1.1
72.5937,-1.36
72.6037,-1.3
72.6139,-0.8
72.6289,0.0
72.6389,0.81
72.6479,1.3
72.6548,1.36
72.6638,1.1
72.6738,0.75
72.6848,0.51
72.6947,0.41
72.7047,0.35
72.7147,0.22
72.7247,-0.0
72.7366,-0.22
72.7466,-0.35
72.7576,-0.41
72.7656,-0.51
72.7755,-0.75
72.7855,-1.1
72.7955,-1.36
72.8056,-1.3
72.8157,-0.8
72.8257,0.0
72.8357,0.81
72.8486,1.3
72.8616,1.36
72.8657,1.1
72.8758,0.75
72.8867,0.51
72.8967,0.41
72.9063,0.35
72.9164,0.22
72.9272,-0.0
72.9363,-0.22
72.9513,-0.35
72.9622,-0.41
72.9772,-0.51
72.9802,-0.75
72.9872,-1.1
73.0021,-1.36
73.0111,-1.3
73.0271,-0.8
73.0320,0.0
73.0380,0.81
73.0530,1.3
73.0590,1.36
73.0729,1.1
73.0819,0.75
73.0919,0.51
73.1019,0.41
73.1128,0.35
73.1218,0.22
73.1338,-0.0
73.1477,-0.22
73.1547,-0.35
73.1597,-0.41
73.1797,-0.51
73.1846,-0.75
73.1986,-1.1
73.2086,-1.36
73.2106,-1.3
73.2255,-0.8
73.2365,0.0
73.2495,0.81
73.2594,1.3
73.2644,1.36
73.2774,1.1
73.2844,0.75
73.3043,0.51
73.3153,0.41
73.3273,0.35
73.3303,0.22
73.3362,-0.0
73.3532,-0.22
73.3662,-0.35
73.3672,-0.41
73.3711,-0.51
73.3811,-0.75
73.3911,-1.1
73.4110,-1.36
73.4210,-1.3
73.4250,-0.8
73.4320,0.0
73.4420,0.81
73.4519,1.3
73.4619,1.36
73.4719,1.1
73.4828,0.75
73.4928,0.51
73.5028,0.41
73.5227,0.35
73.5347,0.22
73.5377,-0.0
73.5487,-0.22
73.5577,-0.35
73.5696,-0.41
73.5826,-0.51
73.5836,-0.75
73.5935,-1.1
73.6035,-1.36
73.6189,-1.3
73.6309,-0.8
73.6379,0.0
73.6498,0.81
73.6538,1.3
73.6708,1.36
73.6748,1.1
73.6848,0.75
73.6947,0.51
73.7047,0.41
73.7147,0.35
73.7286,0.22
73.7376,-0.0
73.7466,-0.22
73.7556,-0.35
73.7655,-0.41
73.7755,-0.51
73.7855,-0.75
73.7955,-1.1
73.8054,-1.36
73.8154,-1.3
73.8264,-0.8
73.8423,0.0
73.8523,0.81
73.8573,1.3
73.8673,1.36
73.8772,1.1
73.8872,0.75
73.8972,0.51
73.9072,0.41
73.9171,0.35
73.9271,0.22
73.9421,-0.0
73.9520,-0.22
73.9630,-0.35
73.9680,-0.41
73.9780,-0.51
73.9879,-0.75
73.9979,-1.1
74.0079,-1.36
74.0189,-1.3
74.0288,-0.8
74.0378,0.0
74.0508,0.81
74.0607,1.3
74.0697,1.36
74.0787,1.1
74.0887,0.75
74.0986,0.51
74.1086,0.41
74.1186,0.35
74.1286,0.22
74.1395,-0.0
74.1495,-0.22
74.1615,-0.35
74.1715,-0.41
74.1834,-0.51
74.1894,-0.75
74.1994,-1.1
74.2103,-1.36
74.2203,-1.3
74.2303,-0.8
74.2403,0.0
74.2502,0.81
74.2602,1.3
74.2712,1.36
74.2871,1.1
74.2931,0.75
74.3011,0.51
74.3111,0.41
74.3210,0.35
74.3310,0.22
74.3420,-0.0
74.3520,-0.22
74.3619,-0.35
74.3719,-0.41
74.3909,-0.51
74.4028,-0.75
74.4058,-1.1
74.4128,-1.36
74.4228,-1.3
74.4328,-0.8
74.4427,0.0
74.4527,0.81
74.4627,1.3
74.4726,1.36
74.4826,1.1
74.5016,0.75
74.5125,0.51
74.5155,0.41
74.5235,0.35
74.5335,0.22
74.5435,-0.0
74.5534,-0.22
74.5634,-0.35
74.5734,-0.41
74.5913,-0.51
74.5983,-0.75
74.6103,-1.1
74.6232,-1.36
74.6272,-1.3
74.6352,-0.8
74.6442,0.0
74.6542,0.81
74.6641,1.3
74.6751,1.36
74.6851,1.1
74.6950,0.75
74.7090,0.51
74.7220,0.41
74.7329,0.35
74.7369,0.22
74.7469,-0.0
74.7559,-0.22
74.7659,-0.35
74.7758,-0.41
74.7858,-0.51
74.7958,-0.75
74.8067,-1.1
74.8197,-1.36
74.8317,-1.3
74.8427,-0.8
74.8466,0.0
74.8566,0.81
74.8666,1.3
74.8766,1.36
74.8865,1.1
74.8965,0.75
74.9075,0.51
74.9404,0.41
74.9424,0.35
74.9534,0.22
74.9564,-0.0
74.9574,-0.22
74.9673,-0.35
74.9773,-0.41
74.9883,-0.51
74.9982,-0.75
75.0122,-1.1
75.0182,-1.36
75.0282,-1.3
75.0441,-0.8
75.0531,0.0
75.0661,0.81
75.0790,1.3
75.0800,1.36
75.0890,1.1
75.0990,0.75
75.1099,0.51
75.1189,0.41
75.1299,0.35
75.1399,0.22
75.1588,-0.0
75.1608,-0.22
75.1728,-0.35
75.1857,-0.41
75.1907,-0.51
75.2007,-0.75
75.2107,-1.1
75.2206,-1.36
75.2306,-1.3
75.2406,-0.8
75.2506,0.0
75.2705,0.81
75.2735,1.3
75.2855,1.36
75.2915,1.1
75.3014,0.75
75.3114,0.51
75.3214,0.41
75.3313,0.35
75.3413,0.22
75.3513,-0.0
75.3613,-0.22
75.3822,-0.35
75.3942,-0.41
75.3982,-0.51
75.4022,-0.75
75.4121,-1.1
75.4231,-1.36
75.4321,-1.3
75.4430,-0.8
75.4530,0.0
75.4630,0.81
75.4740,1.3
75.4879,1.36
75.5019,1.1
75.5049,0.75
75.5139,0.51
75.5238,0.41
75.5338,0.35
75.5438,0.22
75.5538,-0.0
75.5647,-0.22
75.5737,-0.35
75.5877,-0.41
75.5996,-0.51
75.6106,-0.75
75.6146,-1.1
75.6295,-1.36
75.6445,-1.3
75.6495,-0.8
75.6674,0.0
75.6824,0.81
75.6904,1.3
75.6954,1.36
75.7093,1.1
75.7173,0.75
75.7273,0.51
75.7293,0.41
75.7512,0.35
75.7662,0.22
75.7682,-0.0
75.7682,-0.22
75.7762,-0.35
75.7861,-0.41
75.8011,-0.51
75.8111,-0.75
75.8210,-1.1
75.8270,-1.36
75.8370,-1.3
75.8470,-0.8
75.8569,0.0
75.8669,0.81
75.8769,1.3
75.8879,1.36
75.8978,1.1
75.9098,0.75
75.9208,0.51
75.9317,0.41
75.9377,0.35
75.9477,0.22
75.9587,-0.0
75.9686,-0.22
75.9786,-0.35
75.9886,-0.41
75.9986,-0.51
76.0085,-0.75
76.0205,-1.1
76.0305,-1.36
76.0404,-1.3
76.0494,-0.8
76.0594,0.0
76.0694,0.81
76.0793,1.3
76.0893,1.36
76.0993,1.1
76.1093,0.75
76.1192,0.51
76.1362,0.41
76.1472,0.35
76.1502,0.22
76.1601,-0.0
76.1701,-0.22
76.1801,-0.35
76.1900,-0.41
76.2000,-0.51
76.2100,-0.75
76.2200,-1.1
76.2309,-1.36
76.2479,-1.3
76.2569,-0.8
76.2609,0.0
76.2708,0.81
76.2808,1.3
76.2918,1.36
76.3017,1.1
76.3117,0.75
76.3217,0.51
76.3317,0.41
76.3416,0.35
76.3606,0.22
76.3706,-0.0
76.3736,-0.22
76.3825,-0.35
76.3925,-0.41
76.4025,-0.51
76.4125,-0.75
76.4224,-1.1
76.4324,-1.36
76.4434,-1.3
76.4533,-0.8
76.4723,0.0
76.4843,0.81
76.4863,1.3
76.4932,1.36
76.5032,1.1
76.5142,0.75
76.5232,0.51
76.5331,0.41
76.5431,0.35
76.5541,0.22
76.5660,-0.0
76.5800,-0.22
76.5890,-0.35
76.5950,-0.41
76.6049,-0.51
76.6149,-0.75
76.6249,-1.1
76.6349,-1.36
76.6448,-1.3
76.6558,-0.8
76.6658,0.0
76.6767,0.81
76.6867,1.3
76.6957,1.36
76.7057,1.1
76.7156,0.75
76.7256,0.51
76.7366,0.41
76.7466,0.35
76.7565,0.22
76.7665,-0.0
76.7765,-0.22
76.7944,-0.35
76.8034,-0.41
76.8074,-0.51
76.8174,-0.75
76.8273,-1.1
76.8373,-1.36
76.8473,-1.3
76.8573,-0.8
76.8672,0.0
76.8772,0.81
76.8872,1.3
76.9061,1.36
76.9161,1.1
76.9181,0.75
76.9271,0.51
76.9380,0.41
76.9480,0.35
76.9580,0.22
76.9690,-0.0
76.9789,-0.22
76.9889,-0.35
76.9989,-0.41
77.0148,-0.51
77.0258,-0.75
77.0288,-1.1
77.0398,-1.36
77.0497,-1.3
77.0597,-0.8
77.0697,0.0
77.0797,0.81
77.0916,1.3
77.0996,1.36
77.1096,1.1
77.1265,0.75
77.1365,0.51
77.1405,0.41
77.1505,0.35
77.1605,0.22
77.1704,-0.0
77.1804,-0.22
77.1904,-0.35
77.2013,-0.41
77.2113,-0.51
77.2253,-0.75
77.2382,-1.1
77.2492,-1.36
77.2512,-1.3
77.2612,-0.8
77.2712,0.0
77.2811,0.81
77.2921,1.3
77.3021,1.36
77.3120,1.1
77.3220,0.75
77.3340,0.51
77.3489,0.41
77.3599,0.35
77.3629,0.22
77.3729,-0.0
77.3829,-0.22
77.3928,-0.35
77.4028,-0.41
77.4138,-0.51
77.4237,-0.75
77.4337,-1.1
77.4507,-1.36
77.4616,-1.3
77.4636,-0.8
77.4756,0.0
77.4836,0.81
77.4936,1.3
77.5035,1.36
77.5145,1.1
77.5245,0.75
77.5345,0.51
77.5464,0.41
77.5584,0.35
77.5684,0.22
77.5743,-0.0
77.5843,-0.22
77.5953,-0.35
77.6053,-0.41
77.6152,-0.51
77.6252,-0.75
77.6352,-1.1
77.6452,-1.36
77.6591,-1.3
77.6691,-0.8
77.6781,0.0
77.6850,0.81
77.6960,1.3
77.7060,1.36
77.7160,1.1
77.7259,0.75
77.7359,0.51
77.7459,0.41
77.7569,0.35
77.7708,0.22
77.7788,-0.0
77.7878,-0.22
77.7977,-0.35
77.8077,-0.41
77.8177,-0.51
77.8277,-0.75
77.8376,-1.1
77.8476,-1.36
77.8576,-1.3
77.8676,-0.8
77.8795,0.0
77.8945,0.81
77.8985,1.3
77.9084,1.36
77.9184,1.1
77.9284,0.75
77.9384,0.51
77.9483,0.41
77.9583,0.35
77.9683,0.22
77.9793,-0.0
77.9962,-0.22
78.0062,-0.35
78.0092,-0.41
78.0192,-0.51
78.0291,-0.75
78.0401,-1.1
78.0491,-1.36
78.0600,-1.3
78.0700,-0.8
78.0790,0.0
78.0900,0.81
78.1059,1.3
78.1119,1.36
78.1199,1.1
78.1299,0.75
78.1408,0.51
78.1508,0.41
78.1608,0.35
78.1707,0.22
78.1817,-0.0
78.1917,-0.22
78.2037,-0.35
78.2156,-0.41
78.2216,-0.51
78.2316,-0.75
78.2416,-1.1
78.2515,-1.36
78.2615,-1.3
78.2725,-0.8
78.2824,0.0
78.2924,0.81
78.3024,1.3
78.3154,1.36
78.3273,1.1
78.3323,0.75
78.3423,0.51
78.3523,0.41
78.3622,0.35
78.3732,0.22
78.3832,-0.0
78.3932,-0.22
78.4031,-0.35
78.4131,-0.41
78.4271,-0.51
78.4360,-0.75
78.4450,-1.1
78.4540,-1.36
78.4640,-1.3
78.4739,-0.8
78.4839,0.0
78.4939,0.81
78.5039,1.3
78.5148,1.36
78.5248,1.1
78.5358,0.75
78.5457,0.51
78.5547,0.41
78.5667,0.35
78.5757,0.22
78.5856,-0.0
78.5956,-0.22
78.6056,-0.35
78.6156,-0.41
78.6255,-0.51
78.6355,-0.75
78.6485,-1.1
78.6635,-1.36
78.6664,-1.3
78.6764,-0.8
78.6864,0.0
78.6964,0.81
78.7063,1.3
78.7163,1.36
78.7263,1.1
78.7363,0.75
78.7462,0.51
78.7592,0.41
78.7741,0.35
78.7771,0.22
78.7871,-0.0
78.7971,-0.22
78.8070,-0.35
78.8170,-0.41
78.8270,-0.51
78.8380,-0.75
78.8479,-1.1
78.8579,-1.36
78.8749,-1.3
78.8848,-0.8
78.8878,0.0
78.8988,0.81
78.9088,1.3
78.9367,1.36
78.9377,1.1
78.9387,0.75
78.9487,0.51
78.9596,0.41
78.9696,0.35
78.9856,0.22
78.9975,-0.0
78.9995,-0.22
79.0095,-0.35
79.0195,-0.41
79.0295,-0.51
79.0404,-0.75
79.0504,-1.1
79.0604,-1.36
79.0703,-1.3
79.0803,-0.8
79.0973,0.0
79.1062,0.81
79.1102,1.3
79.1202,1.36
79.1302,1.1
79.1402,0.75
79.1501,0.51
79.1611,0.41
79.1711,0.35
79.1810,0.22
79.1910,-0.0
79.2080,-0.22
79.2160,-0.35
79.2219,-0.41
79.2319,-0.51
79.2419,-0.75
79.2519,-1.1
79.2618,-1.36
79.2728,-1.3
79.2828,-0.8
79.2927,0.0
79.3077,0.81
79.3177,1.3
79.3227,1.36
79.3326,1.1
79.3436,0.75
79.3536,0.51
79.3636,0.41
79.3735,0.35
79.3835,0.22
79.3935,-0.0
79.4034,-0.22
79.4164,-0.35
79.4254,-0.41
79.4344,-0.51
79.4443,-0.75
79.4543,-1.1
79.4643,-1.36
79.4743,-1.3
79.4842,-0.8
79.4942,0.0
79.5042,0.81
79.5181,1.3
79.5291,1.36
79.5341,1.1
79.5451,0.75
79.5550,0.51
79.5650,0.41
79.5750,0.35
79.5850,0.22
79.5949,-0.0
79.6059,-0.22
79.6159,-0.35
79.6298,-0.41
79.6368,-0.51
79.6468,-0.75
79.6568,-1.1
79.6677,-1.36
79.6767,-1.3
79.6867,-0.8
79.6967,0.0
79.7066,0.81
79.7166,1.3
79.7266,1.36
79.7405,1.1
79.7485,0.75
79.7575,0.51
79.7675,0.41
79.7774,0.35
79.7874,0.22
79.7974,-0.0
79.8074,-0.22
79.8173,-0.35
79.8283,-0.41
79.8383,-0.51
79.8542,-0.75
79.8642,-1.1
79.8682,-1.36
79.8782,-1.3
79.8882,-0.8
79.8981,0.0
79.9081,0.81
79.9181,1.3
79.9290,1.36
79.9390,1.1
79.9490,0.75
79.9630,0.51
79.9709,0.41
79.9799,0.35
79.9899,0.22
79.9999,-0.0
80.0108,-0.22
80.0208,-0.35
80.0308,-0.41
80.0408,-0.51
80.0507,-0.75
80.0607,-1.1
80.0726,-1.36
80.0856,-1.3
80.0906,-0.8
80.1006,0.0
80.1106,0.81
80.1216,1.3
80.1314,1.36
80.1415,1.1
80.1516,0.75
80.1615,0.51
80.1716,0.41
80.1836,0.35
80.1916,0.22
80.2027,-0.0
80.2127,-0.22
80.2226,-0.35
80.2327,-0.41
80.2427,-0.51
80.2527,-0.75
80.2627,-1.1
80.2727,-1.36
80.2827,-1.3
80.2997,-0.8
80.3077,0.0
80.3137,0.81
80.3236,1.3
80.3336,1.36
80.3436,1.1
80.3538,0.75
80.3638,0.51
80.3737,0.41
80.3837,0.35
80.3936,0.22
80.4116,-0.0
80.4146,-0.22
80.4246,-0.35
80.4346,-0.41
80.4446,-0.51
80.4545,-0.75
80.4646,-1.1
80.4746,-1.36
80.4847,-1.3
80.4959,-0.8
80.5089,0.0
80.5168,0.81
80.5257,1.3
80.5357,1.36
80.5457,1.1
80.5557,0.75
80.5657,0.51
80.5757,0.41
80.5857,0.35
80.5957,0.22
80.6067,-0.0
80.6197,-0.22
80.6277,-0.35
80.6367,-0.41
80.6469,-0.51
80.6567,-0.75
80.6667,-1.1
80.6767,-1.36
80.6877,-1.3
80.6979,-0.8
80.7079,0.0
80.7179,0.81
80.7299,1.3
80.7379,1.36
80.7478,1.1
80.7588,0.75
80.7677,0.51
80.7777,0.41
80.7877,0.35
80.7987,0.22
80.8087,-0.0
80.8187,-0.22
80.8288,-0.35
80.8408,-0.41
80.8487,-0.51
80.8587,-0.75
80.8687,-1.1
80.8797,-1.36
80.8897,-1.3
80.8997,-0.8
80.9097,0.0
80.9197,0.81
80.9296,1.3
80.9456,1.36
80.9536,1.1
80.9597,0.75
80.9697,0.51
80.9796,0.41
80.9905,0.35
81.0006,0.22
81.0107,-0.0
81.0207,-0.22
81.0307,-0.35
81.0407,-0.41
81.0556,-0.51
81.0636,-0.75
81.0717,-1.1
81.0815,-1.36
81.0916,-1.3
81.1017,-0.8
81.1117,0.0
81.1216,0.81
81.1317,1.3
81.1417,1.36
81.1517,1.1
81.1646,0.75
81.1736,0.51
81.1827,0.41
81.1927,0.35
81.2027,0.22
81.2127,-0.0
81.2227,-0.22
81.2327,-0.35
81.2428,-0.41
81.2528,-0.51
81.2640,-0.75
81.2818,-1.1
81.2858,-1.36
81.2935,-1.3
81.3040,-0.8
81.3137,0.0
81.3237,0.81
81.3337,1.3
81.3431,1.36
81.3539,1.1
81.3639,0.75
81.3739,0.51
81.3919,0.41
81.3949,0.35
81.4048,0.22
81.4148,-0.0
81.4248,-0.22
81.4348,-0.35
81.4447,-0.41
81.4557,-0.51
81.4657,-0.75
81.4757,-1.1
81.4867,-1.36
81.4966,-1.3
81.5056,-0.8
81.5157,0.0
81.5257,0.81
81.5357,1.3
81.5457,1.36
81.5557,1.1
81.5667,0.75
81.5767,0.51
81.5867,0.41
81.5967,0.35
81.6067,0.22
81.6167,-0.0
81.6267,-0.22
81.6367,-0.35
81.6477,-0.41
81.6577,-0.51
81.6677,-0.75
81.6777,-1.1
81.6877,-1.36
81.6977,-1.3
81.7107,-0.8
81.7177,0.0
81.7276,0.81
81.7377,1.3
81.7477,1.36
81.7577,1.1
81.7687,0.75
81.7787,0.51
81.7886,0.41
81.7987,0.35
81.8087,0.22
81.8207,-0.0
81.8287,-0.22
81.8387,-0.35
81.8496,-0.41
81.8606,-0.51
81.8696,-0.75
81.8796,-1.1
81.8895,-1.36
81.8995,-1.3
81.9095,-0.8
81.9194,0.0
81.9364,0.81
81.9474,1.3
81.9504,1.36
81.9603,1.1
81.9703,0.75
81.9803,0.51
81.9903,0.41
82.0002,0.35
82.0102,0.22
82.0207,-0.0
82.0307,-0.22
82.0426,-0.35
82.0517,-0.41
82.0617,-0.51
82.0714,-0.75
82.0817,-1.1
82.0917,-1.36
82.1017,-1.3
82.1117,-0.8
82.1214,0.0
82.1317,0.81
82.1437,1.3
82.1526,1.36
82.1627,1.1
82.1723,0.75
82.1823,0.51
82.1927,0.41
82.2025,0.35
82.2127,0.22
82.2227,-0.0
82.2335,-0.22
82.2434,-0.35
82.2574,-0.41
82.2674,-0.51
82.2733,-0.75
82.2837,-1.1
82.2937,-1.36
82.3036,-1.3
82.3136,-0.8
82.3236,0.0
82.3339,0.81
82.3439,1.3
82.3549,1.36
82.3669,1.1
82.3758,0.75
82.3848,0.51
82.3948,0.41
82.4048,0.35
82.4147,0.22
82.4247,-0.0
82.4357,-0.22
82.4456,-0.35
82.4556,-0.41
82.4657,-0.51
82.4766,-0.75
82.4915,-1.1
82.4957,-1.36
82.5056,-1.3
82.5167,-0.8
82.5257,0.0
82.5367,0.81
82.5467,1.3
82.5567,1.36
82.5667,1.1
82.5767,0.75
82.5877,0.51
82.6016,0.41
82.6066,0.35
82.6166,0.22
82.6276,-0.0
82.6377,-0.22
82.6476,-0.35
82.6577,-0.41
82.6677,-0.51
82.6777,-0.75
82.6946,-1.1
82.7036,-1.36
82.7076,-1.3
82.7186,-0.8
82.7287,0.0
82.7387,0.81
82.7487,1.3
82.7587,1.36
82.7687,1.1
82.7787,0.75
82.7887,0.51
82.7997,0.41
82.8137,0.35
82.8187,0.22
82.8297,-0.0
82.8397,-0.22
82.8498,-0.35
82.8597,-0.41
82.8697,-0.51
82.8797,-0.75
82.8897,-1.1
82.8997,-1.36
82.9147,-1.3
82.9236,-0.8
82.9307,0.0
82.9407,0.81
82.9517,1.3
82.9607,1.36
82.9707,1.1
82.9807,0.75
82.9907,0.51
83.0007,0.41
83.0107,0.35
83.0256,0.22
83.0336,-0.0
83.0416,-0.22
83.0517,-0.35
83.0617,-0.41
83.0713,-0.51
83.0817,-0.75
83.0917,-1.1
83.1027,-1.36
83.1127,-1.3
83.1227,-0.8
83.1376,0.0
83.1466,0.81
83.1527,1.3
83.1627,1.36
83.1727,1.1
83.1827,0.75
83.1927,0.51
83.2027,0.41
83.2137,0.35
83.2237,0.22
83.2367,-0.0
83.2476,-0.22
83.2536,-0.35
83.2637,-0.41
83.2736,-0.51
83.2836,-0.75
83.2946,-1.1
83.3045,-1.36
83.3145,-1.3
83.3245,-0.8
83.3345,0.0
83.3464,0.81
83.3554,1.3
83.3643,1.36
83.3744,1.1
83.3844,0.75
83.3943,0.51
83.4057,0.41
83.4157,0.35
83.4256,0.22
83.4357,-0.0
83.4457,-0.22
83.4567,-0.35
83.4726,-0.41
83.4757,-0.51
83.4867,-0.75
83.4967,-1.1
83.5067,-1.36
83.5167,-1.3
83.5267,-0.8
83.5367,0.0
83.5467,0.81
83.5566,1.3
83.5686,1.36
83.5826,1.1
83.5867,0.75
83.5977,0.51
83.6077,0.41
83.6177,0.35
83.6277,0.22
83.6377,-0.0
83.6476,-0.22
83.6577,-0.35
83.6677,-0.41
83.6827,-0.51
83.6897,-0.75
83.6987,-1.1
83.7088,-1.36
83.7187,-1.3
83.7287,-0.8
83.7387,0.0
83.7487,0.81
83.7587,1.3
83.7686,1.36
83.7787,1.1
83.7907,0.75
83.8006,0.51
83.8097,0.41
83.8197,0.35
83.8297,0.22
83.8397,-0.0
83.8497,-0.22
83.8597,-0.35
83.8707,-0.41
83.8807,-0.51
83.8908,-0.75
83.9038,-1.1
83.9118,-1.36
83.9210,-1.3
83.9309,-0.8
83.9409,0.0
83.9510,0.81
83.9610,1.3
83.9709,1.36
83.9810,1.1
83.9917,0.75
84.0018,0.51
84.0137,0.41
84.0217,0.35
84.0317,0.22
84.0417,-0.0
84.0537,-0.22
84.0626,-0.35
84.0728,-0.41
84.0827,-0.51
84.0927,-0.75
84.1027,-1.1
84.1127,-1.36
84.1237,-1.3
84.1326,-0.8
84.1427,0.0
84.1527,0.81
84.1627,1.3
84.1727,1.36
84.1837,1.1
84.1937,0.75
84.2037,0.51
84.2137,0.41
84.2237,0.35
84.2337,0.22
84.2486,-0.0
84.2546,-0.22
84.2647,-0.35
84.2747,-0.41
84.2847,-0.51
84.2947,-0.75
84.3045,-1.1
84.3147,-1.36
84.3246,-1.3
84.3346,-0.8
84.3476,0.0
84.3565,0.81
84.3645,1.3
84.3756,1.36
84.3856,1.1
84.3958,0.75
84.4058,0.51
84.4158,0.41
84.4260,0.35
84.4388,0.22
84.4517,-0.0
84.4567,-0.22
84.4667,-0.35
84.4767,-0.41
84.4867,-0.51
84.4967,-0.75
84.5067,-1.1
84.5169,-1.36
84.5268,-1.3
84.5369,-0.8
84.5489,0.0
84.5629,0.81
84.5676,1.3
84.5777,1.36
84.5877,1.1
84.5977,0.75
84.6077,0.51
84.6177,0.41
84.6276,0.35
84.6377,0.22
84.6487,-0.0
84.6607,-0.22
84.6696,-0.35
84.6786,-0.41
84.6886,-0.51
84.6987,-0.75
84.7088,-1.1
84.7188,-1.36
84.7287,-1.3
84.7398,-0.8
84.7488,0.0
84.7597,0.81
84.7707,1.3
84.7837,1.36
84.7898,1.1
84.7998,0.75
84.8099,0.51
84.8198,0.41
84.8299,0.35
84.8399,0.22
84.8508,-0.0
84.8608,-0.22
84.8708,-0.35
84.8858,-0.41
84.8948,-0.51
84.9008,-0.75
84.9108,-1.1
84.9209,-1.36
84.9318,-1.3
84.9419,-0.8
84.9518,0.0
84.9617,0.81
84.9717,1.3
84.9817,1.36
84.9957,1.1
85.0027,0.75
85.0117,0.51
85.0220,0.41
85.0319,0.35
85.0419,0.22
85.0529,-0.0
85.0627,-0.22
85.0727,-0.35
85.0827,-0.41
85.0927,-0.51
85.1067,-0.75
85.1136,-1.1
85.1237,-1.36
85.1337,-1.3
85.1436,-0.8
85.1545,0.0
85.1635,0.81
85.1735,1.3
85.1835,1.36
85.1937,1.1
85.2040,0.75
85.2219,0.51
85.2289,0.41
85.2339,0.35
85.2439,0.22
85.2548,-0.0
85.2648,-0.22
85.2748,-0.35
85.2848,-0.41
85.2947,-0.51
85.3047,-0.75
85.3167,-1.1
85.3266,-1.36
85.3356,-1.3
85.3457,-0.8
85.3556,0.0
85.3656,0.81
85.3757,1.3
85.3857,1.36
85.3957,1.1
85.4057,0.75
85.4157,0.51
85.4286,0.41
85.4425,0.35
85.4467,0.22
85.4568,-0.0
85.4668,-0.22
85.4769,-0.35
85.4869,-0.41
85.4970,-0.51
85.5079,-0.75
85.5178,-1.1
85.5279,-1.36
85.5389,-1.3
85.5529,-0.8
85.5578,0.0
85.5679,0.81
85.5778,1.3
85.5877,1.36
85.5978,1.1
85.6077,0.75
85.6179,0.51
85.6287,0.41
85.6427,0.35
85.6497,0.22
85.6587,-0.0
85.6687,-0.22
85.6787,-0.35
85.6886,-0.41
85.6996,-0.51
85.7097,-0.75
85.7197,-1.1
85.7297,-1.36
85.7397,-1.3
85.7566,-0.8
85.7636,0.0
85.7697,0.81
85.7797,1.3
85.7897,1.36
85.7996,1.1
85.8097,0.75
85.8207,0.51
85.8307,0.41
85.8407,0.35
85.8507,0.22
85.8627,-0.0
85.8757,-0.22
85.8807,-0.35
85.8907,-0.41
85.9017,-0.51
85.9117,-0.75
85.9217,-1.1
85.9317,-1.36
85.9417,-1.3
85.9517,-0.8
85.9617,0.0
85.9737,0.81
85.9846,1.3
85.9917,1.36
86.0017,1.1
86.0128,0.75
86.0227,0.51
86.0327,0.41
86.0427,0.35
86.0527,0.22
86.0627,-0.0
86.0727,-0.22
86.0847,-0.35
86.0976,-0.41
86.1037,-0.51
86.1136,-0.75
86.1237,-1.1
86.1337,-1.36
86.1437,-1.3
86.1537,-0.8
86.1637,0.0
86.1737,0.81
86.1837,1.3
86.1986,1.36
86.2066,1.1
86.2146,0.75
86.2246,0.51
86.2346,0.41
86.2456,0.35
86.2545,0.22
86.2645,-0.0
86.2745,-0.22
86.2855,-0.35
86.2984,-0.41
86.3094,-0.51
86.3157,-0.75
86.3257,-1.1
86.3358,-1.36
86.3458,-1.3
86.3557,-0.8
86.3657,0.0
86.3757,0.81
86.3857,1.3
86.3957,1.36
86.4086,1.1
86.4226,0.75
86.4266,0.51
86.4367,0.41
86.4467,0.35
86.4567,0.22
86.4667,-0.0
86.4777,-0.22
86.4877,-0.35
86.4977,-0.41
86.5077,-0.51
86.5236,-0.75
86.5336,-1.1
86.5373,-1.36
86.5473,-1.3
86.5577,-0.8
86.5677,0.0
86.5777,0.81
86.5873,1.3
86.5987,1.36
86.6087,1.1
86.6187,0.75
86.6287,0.51
86.6436,0.41
86.6486,0.35
86.6586,0.22
86.6697,-0.0
86.6797,-0.22
86.6896,-0.35
86.6996,-0.41
86.7097,-0.51
86.7197,-0.75
86.7297,-1.1
86.7446,-1.36
86.7536,-1.3
86.7597,-0.8
86.7697,0.0
86.7797,0.81
86.7907,1.3
86.8007,1.36
86.8108,1.1
86.8207,0.75
86.8307,0.51
86.8407,0.41
86.8526,0.35
86.8616,0.22
86.8716,-0.0
86.8816,-0.22
86.8917,-0.35
86.9017,-0.41
86.9118,-0.51
86.9218,-0.75
86.9317,-1.1
86.9417,-1.36
86.9517,-1.3
86.9647,-0.8
86.9727,0.0
86.9827,0.81
86.9927,1.3
87.0027,1.36
87.0127,1.1
87.0227,0.75
87.0327,0.51
87.0427,0.41
87.0527,0.35
87.0627,0.22
87.0746,-0.0
87.0835,-0.22
87.0937,-0.35
87.1037,-0.41
87.1139,-0.51
87.1239,-0.75
87.1339,-1.1
87.1439,-1.36
87.1549,-1.3
87.1639,-0.8
87.1808,0.0
87.1918,0.81
87.1988,1.3
87.2048,1.36
87.2148,1.1
87.2247,0.75
87.2347,0.51
87.2447,0.41
87.2547,0.35
87.2647,0.22
87.2757,-0.0
87.2896,-0.22
87.3015,-0.35
87.3057,-0.41
87.3158,-0.51
87.3258,-0.75
87.3359,-1.1
87.3478,-1.36
87.3570,-1.3
87.3671,-0.8
87.3768,0.0
87.3868,0.81
87.3968,1.3
87.4128,1.36
87.4169,1.1
87.4270,0.75
87.4370,0.51
87.4468,0.41
87.4568,0.35
87.4678,0.22
87.4777,-0.0
87.4876,-0.22
87.4977,-0.35
87.5077,-0.41
87.5227,-0.51
87.5277,-0.75
87.5382,-1.1
87.5487,-1.36
87.5584,-1.3
87.5683,-0.8
87.5786,0.0
87.5886,0.81
87.5986,1.3
87.6086,1.36
87.6245,1.1
87.6335,0.75
87.6385,0.51
87.6485,0.41
87.6584,0.35
87.6694,0.22
87.6794,-0.0
87.6894,-0.22
87.6993,-0.35
87.7093,-0.41
87.7193,-0.51
87.7372,-0.75
87.7462,-1.1
87.7502,-1.36
87.7602,-1.3
87.7701,-0.8
87.7801,0.0
87.7901,0.81
87.8001,1.3
87.8106,1.36
87.8206,1.1
87.8306,0.75
87.8435,0.51
87.8555,0.41
87.8616,0.35
87.8715,0.22
87.8817,-0.0
87.8916,-0.22
87.9017,-0.35
87.9117,-0.41
87.9217,-0.51
87.9327,-0.75
87.9447,-1.1
87.9526,-1.36
87.9627,-1.3
87.9727,-0.8
87.9827,0.0
87.9927,0.81
88.0027,1.3
88.0127,1.36
88.0227,1.1
88.0327,0.75
88.0436,0.51
88.0536,0.41
88.0636,0.35
88.0736,0.22
88.0839,-0.0
88.0937,-0.22
88.1039,-0.35
88.1139,-0.41
88.1239,-0.51
88.1339,-0.75
88.1439,-1.1
88.1579,-1.36
88.1688,-1.3
88.1748,-0.8
88.1848,0.0
88.1948,0.81
88.2048,1.3
88.2147,1.36
88.2247,1.1
88.2357,0.75
88.2457,0.51
88.2557,0.41
88.2656,0.35
88.2776,0.22
88.2857,-0.0
88.2957,-0.22
88.3058,-0.35
88.3167,-0.41
88.3267,-0.51
88.3367,-0.75
88.3467,-1.1
88.3567,-1.36
88.3667,-1.3
88.3787,-0.8
88.3917,0.0
88.3967,0.81
88.4067,1.3
88.4167,1.36
88.4267,1.1
88.4386,0.75
88.4477,0.51
88.4577,0.41
88.4677,0.35
88.4777,0.22
88.4896,-0.0
88.5026,-0.22
88.5087,-0.35
88.5187,-0.41
88.5287,-0.51
88.5387,-0.75
88.5487,-1.1
88.5587,-1.36
88.5687,-1.3
88.5787,-0.8
88.5886,0.0
88.5996,0.81
88.6146,1.3
88.6197,1.36
88.6297,1.1
88.6397,0.75
88.6496,0.51
88.6596,0.41
88.6696,0.35
88.6797,0.22
88.6897,-0.0
88.7006,-0.22
88.7185,-0.35
88.7265,-0.41
88.7306,-0.51
88.7407,-0.75
88.7506,-1.1
88.7607,-1.36
88.7703,-1.3
88.7807,-0.8
88.7907,0.0
88.8007,0.81
88.8106,1.3
88.8256,1.36
88.8335,1.1
88.8417,0.75
88.8516,0.51
88.8617,0.41
88.8717,0.35
88.8817,0.22
88.8926,-0.0
88.9027,-0.22
88.9127,-0.35
88.9227,-0.41
88.9356,-0.51
88.9436,-0.75
88.9527,-1.1
88.9627,-1.36
88.9727,-1.3
88.9828,-0.8
88.9927,0.0
89.0027,0.81
89.0137,1.3
89.0237,1.36
89.0337,1.1
89.0466,0.75
89.0546,0.51
89.0639,0.41
89.0739,0.35
89.0839,0.22
89.0949,-0.0
89.1049,-0.22
89.1149,-0.35
89.1249,-0.41
89.1348,-0.51
89.1478,-0.75
89.1618,-1.1
89.1697,-1.36
89.1747,-1.3
89.1857,-0.8
89.1957,0.0
89.2056,0.81
89.2157,1.3
89.2256,1.36
89.2357,1.1
89.2456,0.75
89.2566,0.51
89.2665,0.41
89.2755,0.35
89.2857,0.22
89.2967,-0.0
89.3068,-0.22
89.3166,-0.35
89.3268,-0.41
89.3370,-0.51
89.3470,-0.75
89.3567,-1.1
89.3687,-1.36
89.3826,-1.3
89.3870,-0.8
89.3981,0.0
89.4081,0.81
89.4178,1.3
89.4280,1.36
89.4379,1.1
89.4479,0.75
89.4578,0.51
89.4679,0.41
89.4789,0.35
89.4938,0.22
89.4989,-0.0
89.5088,-0.22
89.5187,-0.35
89.5287,-0.41
89.5407,-0.51
89.5487,-0.75
89.5587,-1.1
89.5696,-1.36
89.5816,-1.3
89.5906,-0.8
89.5995,0.0
89.6097,0.81
89.6197,1.3
89.6297,1.36
89.6397,1.1
89.6497,0.75
89.6597,0.51
89.6696,0.41
89.6796,0.35
89.6965,0.22
89.7035,-0.0
89.7105,-0.22
89.7206,-0.35
89.7306,-0.41
89.7406,-0.51
89.7507,-0.75
89.7617,-1.1
89.7717,-1.36
89.7817,-1.3
89.7917,-0.8
89.8047,0.0
89.8117,0.81
89.8217,1.3
89.8316,1.36
89.8416,1.1
89.8516,0.75
89.8615,0.51
89.8715,0.41
89.8825,0.35
89.8925,0.22
89.9024,-0.0
89.9204,-0.22
89.9294,-0.35
89.9324,-0.41
89.9433,-0.51
89.9533,-0.75
89.9633,-1.1
89.9732,-1.36
89.9832,-1.3
89.9932,-0.8
90.0032,0.0
90.0131,0.81
90.0301,1.3
90.0391,1.36
90.0431,1.1
90.0540,0.75
90.0630,0.51
90.0740,0.41
90.0840,0.35
90.0939,0.22
90.1049,-0.0
90.1149,-0.22
90.1248,-0.35
90.1368,-0.41
90.1468,-0.51
90.1558,-0.75
90.1657,-1.1
90.1757,-1.36
90.1857,-1.3
90.1957,-0.8
90.2057,0.0
90.2157,0.81
90.2256,1.3
90.2375,1.36
90.2485,1.1
90.2555,0.75
90.2667,0.51
90.2767,0.41
90.2867,0.35
90.2967,0.22
90.3067,-0.0
90.3167,-0.22
90.3267,-0.35
90.3377,-0.41
90.3486,-0.51
90.3616,-0.75
90.3677,-1.1
90.3777,-1.36
90.3877,-1.3
90.3977,-0.8
90.4077,0.0
90.4177,0.81
90.4277,1.3
90.4377,1.36
90.4477,1.1
90.4607,0.75
90.4706,0.51
90.4806,0.41
90.4886,0.35
90.4986,0.22
90.5087,-0.0
90.5187,-0.22
90.5287,-0.35
90.5397,-0.41
90.5496,-0.51
90.5596,-0.75
90.5716,-1.1
90.5796,-1.36
90.5897,-1.3
90.5997,-0.8
90.6097,0.0
90.6197,0.81
90.6297,1.3
90.6417,1.36
90.6507,1.1
90.6607,0.75
90.6727,0.51
90.6857,0.41
90.6907,0.35
90.7007,0.22
90.7107,-0.0
90.7204,-0.22
90.7317,-0.35
90.7416,-0.41
90.7518,-0.51
90.7619,-0.75
90.7717,-1.1
90.7827,-1.36
90.7966,-1.3
90.8018,-0.8
90.8118,0.0
90.8218,0.81
90.8317,1.3
90.8429,1.36
90.8529,1.1
90.8628,0.75
90.8729,0.51
90.8828,0.41
90.8946,0.35
90.9026,0.22
90.9127,-0.0
90.9237,-0.22
90.9337,-0.35
90.9437,-0.41
90.9536,-0.51
90.9637,-0.75
90.9737,-1.1
90.9837,-1.36
90.9937,-1.3
91.0076,-0.8
91.0146,0.0
91.0236,0.81
91.0345,1.3
91.0445,1.36
91.0545,1.1
91.0645,0.75
91.0745,0.51
91.0844,0.41
91.0944,0.35
91.1044,0.22
91.1173,-0.0
91.1303,-0.22
91.1356,-0.35
91.1458,-0.41
91.1558,-0.51
91.1657,-0.75
91.1757,-1.1
91.1857,-1.36
91.1957,-1.3
91.2057,-0.8
91.2157,0.0
91.2276,0.81
91.2406,1.3
91.2467,1.36
91.2568,1.1
91.2669,0.75
91.2769,0.51
91.2868,0.41
91.2968,0.35
91.3068,0.22
91.3177,-0.0
91.3277,-0.22
91.3417,-0.35
91.3506,-0.41
91.3577,-0.51
91.3678,-0.75
91.3777,-1.1
91.3877,-1.36
91.3977,-1.3
91.4087,-0.8
91.4187,0.0
91.4286,0.81
91.4446,1.3
91.4535,1.36
91.4586,1.1
91.4686,0.75
91.4787,0.51
91.4887,0.41
91.4986,0.35
91.5086,0.22
91.5195,-0.0
91.5297,-0.22
91.5397,-0.35
91.5546,-0.41
91.5636,-0.51
91.5697,-0.75
91.5797,-1.1
91.5897,-1.36
91.5996,-1.3
91.6106,-0.8
91.6207,0.0
91.6307,0.81
91.6407,1.3
91.6507,1.36
91.6646,1.1
91.6736,0.75
91.6807,0.51
91.6906,0.41
91.7008,0.35
91.7117,0.22
91.7217,-0.0
91.7326,-0.22
91.7417,-0.35
91.7517,-0.41
91.7617,-0.51
91.7737,-0.75
91.7817,-1.1
91.7927,-1.36
91.8027,-1.3
91.8127,-0.8
91.8227,0.0
91.8327,0.81
91.8427,1.3
91.8527,1.36
91.8627,1.1
91.8727,0.75
91.8836,0.51
91.8926,0.41
91.9036,0.35
91.9135,0.22
91.9237,-0.0
91.9337,-0.22
91.9437,-0.35
91.9536,-0.41
91.9639,-0.51
91.9739,-0.75
91.9839,-1.1
91.9989,-1.36
92.0068,-1.3
92.0148,-0.8
92.0248,0.0
92.0348,0.81
92.0447,1.3
92.0547,1.36
92.0647,1.1
92.0747,0.75
92.0846,0.51
92.0956,0.41
92.1086,0.35
92.1157,0.22
92.1257,-0.0
92.1357,-0.22
92.1457,-0.35
92.1557,-0.41
92.1657,-0.51
92.1766,-0.75
92.1866,-1.1
92.1967,-1.36
92.2076,-1.3
92.2196,-0.8
92.2267,0.0
92.2364,0.81
92.2466,1.3
92.2567,1.36
92.2667,1.1
92.2767,0.75
92.2864,0.51
92.2977,0.41
92.3077,0.35
92.3187,0.22
92.3327,-0.0
92.3376,-0.22
92.3478,-0.35
92.3577,-0.41
92.3687,-0.51
92.3787,-0.75
92.3887,-1.1
92.3987,-1.36
92.4087,-1.3
92.4185,-0.8
92.4345,0.0
92.4434,0.81
92.4486,1.3
92.4587,1.36
92.4687,1.1
92.4787,0.75
92.4897,0.51
92.4997,0.41
92.5097,0.35
92.5197,0.22
92.5297,-0.0
92.5456,-0.22
92.5546,-0.35
92.5597,-0.41
92.5707,-0.51
92.5806,-0.75
92.5907,-1.1
92.6007,-1.36
92.6106,-1.3
92.6206,-0.8
92.6307,0.0
92.6407,0.81
92.6546,1.3
92.6616,1.36
92.6706,1.1
92.6818,0.75
92.6918,0.51
92.7017,0.41
92.7117,0.35
92.7217,0.22
92.7317,-0.0
92.7416,-0.22
92.7517,-0.35
92.7647,-0.41
92.7726,-0.51
92.7827,-0.75
92.7927,-1.1
92.8027,-1.36
92.8127,-1.3
92.8227,-0.8
92.8346,0.0
92.8427,0.81
92.8527,1.3
92.8627,1.36
92.8746,1.1
92.8836,0.75
92.8937,0.51
92.9036,0.41
92.9139,0.35
92.9239,0.22
92.9339,-0.0
92.9439,-0.22
92.9549,-0.35
92.9649,-0.41
92.9819,-0.51
92.9899,-0.75
92.9948,-1.1
93.0048,-1.36
93.0148,-1.3
93.0248,-0.8
93.0347,0.0
93.0447,0.81
93.0547,1.3
93.0657,1.36
93.0757,1.1
93.0877,0.75
93.0976,0.51
93.1066,0.41
93.1156,0.35
93.1257,0.22
93.1357,-0.0
93.1467,-0.22
93.1567,-0.35
93.1667,-0.41
93.1767,-0.51
93.1886,-0.75
93.2026,-1.1
93.2067,-1.36
93.2166,-1.3
93.2267,-0.8
93.2366,0.0
93.2466,0.81
93.2566,1.3
93.2677,1.36
93.2777,1.1
93.2877,0.75
93.2986,0.51
93.3126,0.41
93.3177,0.35
93.3277,0.22
93.3388,-0.0
93.3487,-0.22
93.3587,-0.35
93.3687,-0.41
93.3787,-0.51
93.3887,-0.75
93.3987,-1.1
93.4117,-1.36
93.4257,-1.3
93.4287,-0.8
93.4387,0.0
93.4497,0.81
93.4596,1.3
93.4696,1.36
93.4797,1.1
93.4897,0.75
93.4997,0.51
93.5097,0.41
93.5257,0.35
93.5346,0.22
93.5407,-0.0
93.5507,-0.22
93.5607,-0.35
93.5707,-0.41
93.5808,-0.51
93.5907,-0.75
93.6007,-1.1
93.6107,-1.36
93.6207,-1.3
93.6356,-0.8
93.6446,0.0
93.6516,0.81
93.6616,1.3
93.6716,1.36
93.6818,1.1
93.6918,0.75
93.7018,0.51
93.7116,0.41
93.7218,0.35
93.7317,0.22
93.7447,-0.0
93.7526,-0.22
93.7627,-0.35
93.7727,-0.41
93.7828,-0.51
93.7928,-0.75
93.8028,-1.1
93.8128,-1.36
93.8239,-1.3
93.8339,-0.8
93.8439,0.0
93.8539,0.81
93.8639,1.3
93.8739,1.36
93.8839,1.1
93.8939,0.75
93.9039,0.51
93.9138,0.41
93.9258,0.35
93.9349,0.22
93.9449,-0.0
93.9548,-0.22
93.9648,-0.35
93.9748,-0.41
93.9847,-0.51
93.9947,-0.75
94.0047,-1.1
94.0157,-1.36
94.0258,-1.3
94.0359,-0.8
94.0459,0.0
94.0558,0.81
94.0668,1.3
94.0758,1.36
94.0857,1.1
94.0957,0.75
94.1057,0.51
94.1157,0.41
94.1267,0.35
94.1367,0.22
94.1466,-0.0
94.1566,-0.22
94.1667,-0.35
94.1787,-0.41
94.1886,-0.51
94.1968,-0.75
94.2077,-1.1
94.2177,-1.36
94.2277,-1.3
94.2377,-0.8
94.2476,0.0
94.2577,0.81
94.2678,1.3
94.2779,1.36
94.2888,1.1
94.3008,0.75
94.3077,0.51
94.3177,0.41
94.3287,0.35
94.3387,0.22
94.3487,-0.0
94.3587,-0.22
94.3687,-0.35
94.3787,-0.41
94.3887,-0.51
94.4077,-0.75
94.4147,-1.1
94.4196,-1.36
94.4297,-1.3
94.4397,-0.8
94.4497,0.0
94.4597,0.81
94.4694,1.3
94.4797,1.36
94.4897,1.1
94.4997,0.75
94.5146,0.51
94.5246,0.41
94.5307,0.35
94.5407,0.22
94.5507,-0.0
94.5606,-0.22
94.5707,-0.35
94.5806,-0.41
94.5918,-0.51
94.6018,-0.75
94.6118,-1.1
94.6267,-1.36
94.6337,-1.3
94.6417,-0.8
94.6517,0.0
94.6617,0.81
94.6717,1.3
94.6817,1.36
94.6917,1.1
94.7017,0.75
94.7127,0.51
94.7226,0.41
94.7336,0.35
94.7475,0.22
94.7526,-0.0
94.7626,-0.22
94.7727,-0.35
94.7827,-0.41
94.7936,-0.51
94.8037,-0.75
94.8136,-1.1
94.8237,-1.36
94.8338,-1.3
94.8507,-0.8
94.8597,0.0
94.8640,0.81
94.8739,1.3
94.8839,1.36
94.8939,1.1
94.9039,0.75
94.9138,0.51
94.9248,0.41
94.9348,0.35
94.9477,0.22
94.9557,-0.0
94.9647,-0.22
94.9747,-0.35
94.9856,-0.41
94.9957,-0.51
95.0057,-0.75
95.0156,-1.1
95.0267,-1.36
95.0357,-1.3
95.0466,-0.8
95.0576,0.0
95.0658,0.81
95.0757,1.3
95.0855,1.36
95.0959,1.1
95.1059,0.75
95.1158,0.51
95.1268,0.41
95.1368,0.35
95.1467,0.22
95.1597,-0.0
95.1717,-0.22
95.1787,-0.35
95.1877,-0.41
95.1978,-0.51
95.2076,-0.75
95.2177,-1.1
95.2277,-1.36
95.2377,-1.3
95.2477,-0.8
95.2577,0.0
95.2686,0.81
95.2835,1.3
95.2886,1.36
95.2986,1.1
95.3087,0.75
95.3187,0.51
95.3287,0.41
95.3386,0.35
95.3487,0.22
95.3597,-0.0
95.3696,-0.22
95.3816,-0.35
95.3896,-0.41
95.3996,-0.51
95.4097,-0.75
95.4197,-1.1
95.4297,-1.36
95.4397,-1.3
95.4497,-0.8
95.4598,0.0
95.4698,0.81
95.4808,1.3
95.4948,1.36
95.5047,1.1
95.5107,0.75
95.5207,0.51
95.5310,0.41
95.5410,0.35
95.5509,0.22
95.5617,-0.0
95.5717,-0.22
95.5817,-0.35
95.5917,-0.41
95.6117,-0.51
95.6146,-0.75
95.6217,-1.1
95.6317,-1.36
95.6417,-1.3
95.6525,-0.8
95.6616,0.0
95.6725,0.81
95.6826,1.3
95.6927,1.36
95.7025,1.1
95.7135,0.75
95.7225,0.51
95.7327,0.41
95.7427,0.35
95.7525,0.22
95.7635,-0.0
95.7735,-0.22
95.7837,-0.35
95.7937,-0.41
95.8037,-0.51
95.8137,-0.75
95.8286,-1.1
95.8376,-1.36
95.8439,-1.3
95.8539,-0.8
95.8639,0.0
95.8739,0.81
95.8848,1.3
95.8948,1.36
95.9048,1.1
95.9147,0.75
95.9277,0.51
95.9387,0.41
95.9447,0.35
95.9547,0.22
95.9657,-0.0
95.9756,-0.22
95.9857,-0.35
95.9956,-0.41
96.0055,-0.51
96.0157,-0.75
96.0257,-1.1
96.0386,-1.36
96.0496,-1.3
96.0567,-0.8
96.0667,0.0
96.0767,0.81
96.0867,1.3
96.0967,1.36
96.1067,1.1
96.1167,0.75
96.1286,0.51
96.1366,0.41
96.1496,0.35
96.1576,0.22
96.1677,-0.0
96.1777,-0.22
96.1877,-0.35
96.1976,-0.41
96.2076,-0.51
96.2177,-0.75
96.2277,-1.1
96.2387,-1.36
96.2526,-1.3
96.2596,-0.8
96.2686,0.0
96.2787,0.81
96.2887,1.3
96.2987,1.36
96.3087,1.1
96.3197,0.75
96.3287,0.51
96.3386,0.41
96.3497,0.35
96.3656,0.22
96.3826,-0.0
96.3846,-0.22
96.3897,-0.35
96.3997,-0.41
96.4097,-0.51
96.4197,-0.75
96.4307,-1.1
96.4407,-1.36
96.4507,-1.3
96.4607,-0.8
96.4707,0.0
96.4806,0.81
96.4906,1.3
96.5008,1.36
96.5110,1.1
96.5208,0.75
96.5309,0.51
96.5420,0.41
96.5510,0.35
96.5620,0.22
96.5720,-0.0
96.5830,-0.22
96.5970,-0.35
96.6017,-0.41
96.6117,-0.51
96.6227,-0.75
96.6327,-1.1
96.6426,-1.36
96.6523,-1.3
96.6626,-0.8
96.6727,0.0
96.6826,0.81
96.6956,1.3
96.7036,1.36
96.7126,1.1
96.7227,0.75
96.7326,0.51
96.7436,0.41
96.7536,0.35
96.7637,0.22
96.7737,-0.0
96.7837,-0.22
96.7937,-0.35
96.8117,-0.41
96.8196,-0.51
96.8246,-0.75
96.8346,-1.1
96.8446,-1.36
96.8546,-1.3
96.8645,-0.8
96.8746,0.0
96.8845,0.81
96.8944,1.3
96.9064,1.36
96.9224,1.1
96.9254,0.75
96.9355,0.51
96.9460,0.41
96.9557,0.35
96.9659,0.22
96.9759,-0.0
96.9858,-0.22
96.9958,-0.35
97.0068,-0.41
97.0177,-0.51
97.0317,-0.75
97.0367,-1.1
97.0467,-1.36
97.0566,-1.3
97.0667,-0.8
97.0767,0.0
97.0866,0.81
97.0967,1.3
97.1067,1.36
97.1167,1.1
97.1337,0.75
97.1466,0.51
97.1486,0.41
97.1576,0.35
97.1677,0.22
97.1777,-0.0
97.1877,-0.22
97.1977,-0.35
97.2087,-0.41
97.2196,-0.51
97.2286,-0.75
97.2446,-1.1
97.2526,-1.36
97.2587,-1.3
97.2687,-0.8
97.2787,0.0
97.2887,0.81
97.2986,1.3
97.3086,1.36
97.3197,1.1
97.3297,0.75
97.3397,0.51
97.3517,0.41
97.3596,0.35
97.3696,0.22
97.3797,-0.0
97.3907,-0.22
97.4007,-0.35
97.4107,-0.41
97.4207,-0.51
97.4307,-0.75
97.4406,-1.1
97.4536,-1.36
97.4615,-1.3
97.4705,-0.8
97.4806,0.0
97.4905,0.81
97.5007,1.3
97.5116,1.36
97.5218,1.1
97.5317,0.75
97.5420,0.51
97.5518,0.41
97.5635,0.35
97.5775,0.22
97.5817,-0.0
97.5917,-0.22
97.6025,-0.35
97.6127,-0.41
97.6226,-0.51
97.6325,-0.75
97.6426,-1.1
97.6522,-1.36
97.6626,-1.3
97.6766,-0.8
97.6846,0.0
97.6926,0.81
97.7036,1.3
97.7136,1.36
97.7235,1.1
97.7335,0.75
97.7437,0.51
97.7537,0.41
97.7637,0.35
97.7739,0.22
97.7879,-0.0
97.7949,-0.22
97.8039,-0.35
97.8138,-0.41
97.8248,-0.51
97.8348,-0.75
97.8448,-1.1
97.8547,-1.36
97.8647,-1.3
97.8757,-0.8
97.8847,0.0
97.8966,0.81
97.9066,1.3
97.9157,1.36
97.9257,1.1
97.9356,0.75
97.9457,0.51
97.9557,0.41
97.9657,0.35
97.9758,0.22
97.9866,-0.0
97.9967,-0.22
98.0076,-0.35
98.0166,-0.41
98.0267,-0.51
98.0367,-0.75
98.0467,-1.1
98.0567,-1.36
98.0666,-1.3
98.0777,-0.8
98.0877,0.0
98.0977,0.81
98.1076,1.3
98.1206,1.36
98.1276,1.1
98.1377,0.75
98.1477,0.51
98.1577,0.41
98.1677,0.35
98.1777,0.22
98.1886,-0.0
98.1987,-0.22
98.2086,-0.35
98.2187,-0.41
98.2306,-0.51
98.2425,-0.75
98.2495,-1.1
98.2595,-1.36
98.2697,-1.3
98.2796,-0.8
98.2897,0.0
98.2996,0.81
98.3096,1.3
98.3206,1.36
98.3297,1.1
98.3446,0.75
98.3536,0.51
98.3597,0.41
98.3696,0.35
98.3807,0.22
98.3907,-0.0
98.4007,-0.22
98.4107,-0.35
98.4206,-0.41
98.4307,-0.51
98.4456,-0.75
98.4536,-1.1
98.4617,-1.36
98.4717,-1.3
98.4816,-0.8
98.4916,0.0
98.5016,0.81
98.5116,1.3
98.5217,1.36
98.5316,1.1
98.5416,0.75
98.5556,0.51
98.5625,0.41
98.5727,0.35
98.5827,0.22
98.5926,-0.0
98.6028,-0.22
98.6128,-0.35
98.6228,-0.41
98.6328,-0.51
98.6429,-0.75
98.6539,-1.1
98.6699,-1.36
98.6739,-1.3
98.6837,-0.8
98.6937,0.0
98.7036,0.81
98.7135,1.3
98.7239,1.36
98.7338,1.1
98.7438,0.75
98.7538,0.51
98.7707,0.41
98.7817,0.35
98.7897,0.22
98.7947,-0.0
98.8046,-0.22
98.8147,-0.35
98.8247,-0.41
98.8347,-0.51
98.8456,-0.75
98.8559,-1.1
98.8659,-1.36
98.8778,-1.3
98.8918,-0.8
98.8958,0.0
98.9058,0.81
98.9157,1.3
98.9257,1.36
98.9356,1.1
98.9457,0.75
98.9567,0.51
98.9666,0.41
98.9767,0.35
98.9886,0.22
99.0026,-0.0
99.0066,-0.22
99.0167,-0.35
99.0266,-0.41
99.0376,-0.51
99.0476,-0.75
99.0576,-1.1
99.0676,-1.36
99.0777,-1.3
99.0877,-0.8
99.0987,0.0
99.1116,0.81
99.1177,1.3
99.1276,1.36
99.1376,1.1
99.1486,0.75
99.1586,0.51
99.1685,0.41
99.1787,0.35
99.1887,0.22
99.1987,-0.0
99.2117,-0.22
99.2256,-0.35
99.2296,-0.41
99.2396,-0.51
99.2496,-0.75
99.2597,-1.1
99.2696,-1.36
99.2796,-1.3
99.2896,-0.8
99.2997,0.0
99.3097,0.81
99.3246,1.3
99.3336,1.36
99.3406,1.1
99.3505,0.75
99.3606,0.51
99.3707,0.41
99.3807,0.35
99.3907,0.22
99.4007,-0.0
99.4127,-0.22
99.4216,-0.35
99.4365,-0.41
99.4425,-0.51
99.4515,-0.75
99.4615,-1.1
99.4715,-1.36
99.4815,-1.3
99.4916,-0.8
99.5016,0.0
99.5115,0.81
99.5217,1.3
99.5317,1.36
99.5457,1.1
99.5536,0.75
99.5627,0.51
99.5727,0.41
99.5827,0.35
99.5927,0.22
99.6028,-0.0
99.6127,-0.22
99.6237,-0.35
99.6337,-0.41
99.6437,-0.51
99.6606,-0.75
99.6696,-1.1
99.6736,-1.36
99.6837,-1.3
99.6936,-0.8
99.7036,0.0
99.7146,0.81
99.7236,1.3
99.7345,1.36
99.7445,1.1
99.7545,0.75
99.7664,0.51
99.7744,0.41
99.7847,0.35
99.7947,0.22
99.8057,-0.0
99.8156,-0.22
99.8256,-0.35
99.8355,-0.41
99.8456,-0.51
99.8555,-0.75
99.8694,-1.1
99.8764,-1.36
99.8872,-1.3
99.8955,-0.8
99.9056,0.0
99.9156,0.81
99.9265,1.3
99.9365,1.36
99.9465,1.1
99.9564,0.75
99.9685,0.51
99.9775,0.41
99.9885,0.35
99.9966,0.22
100.0074,-0.0
100.0175,-0.22
100.0275,-0.35
100.0375,-0.41
100.0475,-0.51
100.0575,-0.75
100.0674,-1.1
100.0804,-1.36
100.0884,-1.3
100.0983,-0.8
100.1073,0.0
100.1184,0.81
100.1284,1.3
100.1384,1.36
100.1483,1.1
100.1583,0.75
100.1683,0.51
100.1783,0.41
100.1902,0.35
100.2022,0.22
100.2092,-0.0
100.2191,-0.22
100.2292,-0.35
100.2392,-0.41
100.2492,-0.51
100.2591,-0.75
100.2701,-1.1
100.2801,-1.36
100.2901,-1.3
100.3061,-0.8
100.3151,0.0
100.3201,0.81
100.3300,1.3
100.3406,1.36
100.3507,1.1
100.3607,0.75
100.3706,0.51
100.3807,0.41
100.3907,0.35
100.4006,0.22
100.4156,-0.0
100.4256,-0.22
100.4317,-0.35
100.4417,-0.41
100.4527,-0.51
100.4617,-0.75
100.4717,-1.1
100.4814,-1.36
100.4927,-1.3
100.5027,-0.8
100.5136,0.0
100.5226,0.81
100.5327,1.3
100.5426,1.36
100.5525,1.1
100.5626,0.75
100.5725,0.51
100.5855,0.41
100.5974,0.35
100.6064,0.22
100.6234,-0.0
100.6384,-0.22
100.6393,-0.35
100.6483,-0.41
100.6593,-0.51
100.6639,-0.75
100.6739,-1.1
100.6839,-1.36
100.6939,-1.3
100.7039,-0.8
100.7149,0.0
100.7248,0.81
100.7338,1.3
100.7458,1.36
100.7547,1.1
100.7647,0.75
100.7747,0.51
100.7847,0.41
100.7957,0.35
100.8056,0.22
100.8157,-0.0
100.8257,-0.22
100.8357,-0.35
100.8466,-0.41
100.8596,-0.51
100.8657,-0.75
100.8767,-1.1
100.8867,-1.36
100.8966,-1.3
100.9066,-0.8
100.9166,0.0
100.9266,0.81
100.9365,1.3
100.9465,1.36
100.9615,1.1
100.9754,0.75
100.9824,0.51
100.9874,0.41
100.9974,0.35
101.0073,0.22
101.0173,-0.0
101.0273,-0.22
101.0373,-0.35
101.0482,-0.41
101.0582,-0.51
101.0752,-0.75
101.0811,-1.1
101.0886,-1.36
101.0986,-1.3
101.1086,-0.8
101.1185,0.0
101.1285,0.81
101.1385,1.3
101.1485,1.36
101.1584,1.1
101.1684,0.75
101.1824,0.51
101.1903,0.41
101.1996,0.35
101.2096,0.22
101.2196,-0.0
101.2295,-0.22
101.2395,-0.35
101.2495,-0.41
101.2605,-0.51
101.2704,-0.75
101.2804,-1.1
101.2974,-1.36
101.3053,-1.3
101.3103,-0.8
101.3203,0.0
101.3306,0.81
101.3406,1.3
101.3506,1.36
101.3605,1.1
101.3706,0.75
101.3816,0.51
101.3946,0.41
101.4026,0.35
101.4115,0.22
101.4215,-0.0
101.4316,-0.22
101.4416,-0.35
101.4526,-0.41
101.4626,-0.51
101.4726,-0.75
101.4826,-1.1
101.4926,-1.36
101.5025,-1.3
101.5205,-0.8
101.5225,0.0
101.5326,0.81
101.5427,1.3
101.5525,1.36
101.5626,1.1
101.5736,0.75
101.5834,0.51
101.5939,0.41
101.6039,0.35
101.6149,0.22
101.6238,-0.0
101.6340,-0.22
101.6460,-0.35
101.6540,-0.41
101.6640,-0.51
101.6759,-0.75
101.6849,-1.1
101.6949,-1.36
101.7058,-1.3
101.7148,-0.8
101.7248,0.0
