1.639363
1.637675
1.637675
1.639363
1.639363
1.619674
1.602237
1.602237
1.631675
1.631675
1.682114
1.682114
1.687364
1.687364
1.634675
1.642363
1.642363
1.640675
1.640675
1.640488
1.640488
1.640675
1.649488
1.649488
1.712677
1.712677
1.850494
1.850494
1.659801
1.641237
1.641237
1.638425
1.638425
1.637862
1.637862
1.6238
1.6238
1.607674
1.680426
1.680426
1.773054
1.773054
1.695802
1.695802
1.636737
1.638613
1.638613
1.640488
1.640488
1.641988
1.641988
1.669176
1.669176
1.659988
1.749616
1.749616
1.785054
1.785054
1.665238
1.665238
1.641613
1.641613
1.638425
1.6388
1.6388
1.624549
1.624549
1.615549
1.615549
1.697677
1.801555
1.801555
1.734615
1.734615
1.635612
1.635612
1.63805
1.643863
1.643863
1.6418
1.6418
1.669926
1.669926
1.668988
1.837744
1.837744
1.817868
1.817868
1.712865
1.712865
1.641613
1.641425
1.641425
1.6403
1.6403
1.623425
1.623425
1.609362
1.609362
1.677239
1.79443
1.79443
1.73199
1.73199
1.6373
1.6373
1.6373
1.642363
1.642363
1.642175
1.642175
1.668988
1.668988
1.669363
1.853494
1.853494
1.91987
1.0
1.919871
1.701052
1.701052
1.6418
1.642925
1.642925
1.6388
1.6388
1.622112
1.622112
1.609174
1.661113
1.661113
1.827243
1.827243
1.766866
1.766866
1.636175
1.64105
1.64105
1.642175
1.642175
1.643488
1.643488
1.670676
1.671239
1.671239
1.88087
1.88087
1.851057
1.851057
1.70349
1.652675
1.694677
1.919684
1.919684
1.690739
1.690739
1.64105
1.642363
1.642363
1.639363
1.639363
1.640112
1.640112
1.605236
1.612549
1.612549
1.658676
1.658676
1.735928
1.735928
1.680801
1.638613
1.638613
1.641613
1.641613
1.640675
1.640675
1.644613
1.644613
1.6328
1.672551
1.672551
1.818993
1.818993
1.702364
1.643113
1.643113
1.643675
1.643675
1.639925
1.639925
1.637675
1.637675
1.614237
1.614237
1.611612
1.71174
1.71174
1.81918
1.81918
1.70724
1.70724
1.635237
1.635237
1.640863
1.645925
1.645925
1.642363
1.642363
1.64555
1.64555
1.650988
1.650988
1.865494
1.80193
1.80193
1.64405
1.64405
1.6418
1.6418
1.634862
1.642363
1.642363
1.619674
1.619674
1.616299
1.616299
1.725803
1.725803
1.849369
1.686802
1.686802
1.639363
1.639363
1.641425
1.641425
1.640863
1.640863
1.6403
1.671801
1.671801
1.674989
1.674989
1.78618
1.78618
1.770617
1.770617
1.639925
1.643488
1.643488
1.638988
1.639738
1.617237
1.617237
1.608237
1.608237
1.680614
1.680614
1.729178
1.683801
1.683801
1.6388
1.6388
1.640488
1.640488
1.639363
1.63936
3.0
1.640675
1.663738
1.663738
1.660926
1.660926
1.744553
1.744553
1.778867
1.778867
1.645925
1.643675
1.643675
1.642738
1.642738
1.639363
1.639363
1.624362
1.620987
1.620987
1.640863
1.640863
1.727678
1.727678
1.717927
1.717927
1.63505
1.6403
1.6403
1.643863
1.643863
1.641988
1.641988
1.641613
1.64105
1.64105
1.639175
1.639175
1.6523
1.662051
1.662051
1.721678
1.721678
1.690552
1.690552
1.727303
1.6448
1.6448
1.644613
1.644613
1.641613
1.641613
1.636362
1.636362
1.608799
1.614049
1.614049
1.605611
1.605611
1.609549
1.609549
1.629237
1.629237
1.6388
1.6433
1.6433
1.642363
1.642363
1.64255
1.64255
1.657363
1.672364
1.672364
1.683801
1.683801
1.734615
1.734615
1.643863
1.643863
1.638425
1.64105
1.64105
1.636925
1.636925
1.628862
1.628862
1.612549
1.612549
1.768742
1.874682
1.874682
1.642925
1.642925
1.636175
1.642363
1.642363
1.643675
1.643675
1.643488
1.643488
1.628675
1.628675
1.658301
1.814493
1.814493
1.81693
1.81693
1.6478
1.6478
1.638425
1.638425
1.638613
1.641425
1.641425
1.613299
1.613299
1.6223
1.6223
1.707802
1.740241
1.740241
1.641613
1.641613
1.640112
1.640112
1.642175
1.642175
1.6373
1.638988
1.638988
1.63205
1.63205
1.639738
1.639738
1.779242
1.779242
1.745678
1.6463
1.6463
1.641237
1.641237
1.639738
1.639738
1.6373
1.624549
1.624549
1.614612
1.614612
1.707427
1.707427
1.766117
1.766117
1.691114
1.644988
1.644988
1.643675
1.643675
1.641988
1.641988
1.643488
1.64405
1.64405
1.65005
1.65005
1.809243
1.809243
1.823493
1.823493
1.646113
1.643863
1.643863
1.641988
1.641988
1.639738
1.639738
1.620987
1.615549
1.615549
1.661676
1.661676
1.833618
1.833618
1.702552
1.638238
1.641237
1.641425
1.641425
1.6388
1.6343
1.6343
1.658676
1.658676
1.718865
1.718865
1.801555
1.673114
1.673114
1.642175
1.642175
1.639738
1.639738
1.6388
1.6388
1.626237
1.610299
1.610299
1.62305
1.62305
1.728803
1.728803
1.693552
1.693552
1.638425
1.6418
1.6418
1.639738
1.639738
1.639738
1.639738
1.639738
1.657363
1.657363
1.739678
1.739678
1.791055
1.791055
1.721115
1.721115
1.640112
1.641613
1.641613
1.639175
1.639175
1.628675
1.628675
1.606924
1.606924
1.610862
1.607299
1.607299
1.650425
1.650425
1.639175
1.639175
1.63505
1.63505
1.639738
1.64255
1.64255
1.647425
1.647425
1.647238
1.709115
1.709115
1.829306
1.829306
1.697677
1.697677
1.642363
1.642363
1.640488
1.639363
1.639363
1.636925
1.636925
1.612174
1.612174
1.616299
1.616299
1.784492
1.741366
1.741366
1.636925
1.636925
1.638425
1.638425
1.639175
1.641988
1.641988
1.635987
1.635987
1.635425
1.635425
1.662426
1.776804
1.776804
1.729365
1.729365
1.644988
1.644988
1.638425
1.638425
1.638988
1.640112
1.640112
1.605611
1.605611
1.611799
1.611799
1.769116
1.769116
1.814493
1.643113
1.643113
1.6418
1.6418
1.640863
1.640863
1.639925
1.638613
1.638613
1.642363
1.642363
1.673676
1.673676
1.81768
1.81768
1.724865
1.646488
1.646488
1.643488
1.643488
1.639363
1.639363
1.6373
1.6373
1.617987
1.618174
1.618174
1.672551
1.672551
1.740991
1.740991
1.72224
1.63655
1.637487
1.637487
1.641425
1.641425
1.638988
1.639175
1.639175
1.641237
1.641237
1.684739
1.684739
1.619112
1.643675
1.643675
1.6403
1.6403
1.636925
1.636925
1.633925
1.622112
1.622112
1.616487
1.616487
1.6403
1.6403
1.642363
1.642363
1.708927
1.636925
1.636925
1.640112
1.640112
1.639738
1.639738
1.63805
1.63805
1.661301
1.659051
1.659051
1.779992
1.779992
1.772304
1.772304
1.641988
1.641988
1.640488
1.639363
1.639363
1.6358
1.6358
1.617237
1.617237
1.606362
1.606362
1.665801
1.80493
1.80493
1.728053
1.728053
1.6373
1.6373
1.637487
1.637487
1.63955
1.641237
1.641237
1.63955
1.63955
1.653425
1.653425
1.786742
1.774179
1.774179
1.674051
1.674051
1.639738
1.639738
1.634862
1.634862
1.63505
1.6373
1.6373
1.615362
1.615362
1.6343
1.6343
1.865119
1.865119
1.770429
1.638425
1.638425
1.640675
1.640675
1.638238
1.638238
1.637487
1.631862
1.631862
1.662051
1.662051
1.737615
1.737615
1.790867
1.790867
1.656613
1.64255
1.64255
1.640675
1.640675
1.638988
1.638988
1.6373
1.6373
1.607299
1.617237
1.617237
1.0
637112.0
1.637112
1.668051
1.668051
1.639738
1.639738
1.636362
1.642175
1.642175
1.641988
1.641988
1.732178
1.852931
1.852931
1.698239
1.698239
1.639175
1.639175
1.637862
1.637487
1.637487
1.6358
1.6358
1.607862
1.618362
1.618362
1.878432
1.878432
1.675364
1.648363
1.651925
1.651925
1.673489
1.673489
1.698052
1.642925
1.642925
1.639175
1.639175
1.635425
1.635425
1.635237
1.616674
1.616674
1.608987
1.608987
1.659801
1.659801
1.662801
1.671239
1.671239
1.637675
1.637675
1.638613
1.638613
1.6388
1.6388
1.638613
1.6373
1.6373
1.661488
1.661488
1.665051
1.665051
1.674989
1.674989
1.638425
1.639738
1.639738
1.635987
1.635987
1.636175
1.636175
1.611424
1.605049
1.605049
1.675176
1.675176
1.614612
1.614612
1.695802
1.637862
1.637862
1.640112
1.640112
1.637487
1.637487
1.637487
1.637487
1.63805
1.658113
1.658113
1.6373
1.6373
1.622862
1.622862
1.637112
1.637487
1.637487
1.63805
1.63805
1.636362
1.636362
1.627362
1.627362
1.612362
1.673864
1.673864
1.767054
1.767054
1.686239
1.686239
1.6373
1.6373
1.637487
1.637487
1.637487
1.638613
1.638613
1.620612
1.620612
1.644425
1.768366
1.768366
1.670301
1.670301
1.639925
1.639925
1.637862
1.637487
1.637487
1.639925
1.639925
1.621737
1.621737
1.614612
1.614612
1.644238
1.782804
1.782804
1.72749
1.72749
1.63955
1.63955
1.636175
1.6
36175.0
1.637675
1.64255
1.64255
1.6388
1.6388
1.6433
1.6433
1.759554
1.759554
1.778492
1.642738
1.642738
1.640112
1.640112
1.639363
1.639363
1.634112
1.624737
1.624737
1.615737
1.615737
1.675926
1.675926
1.806618
1.806618
1.710802
1.637112
1.637112
1.638988
1.638988
1.641425
1.641425
1.640112
1.6373
1.6403
1.634675
1.634675
1.64555
1.64555
1.677051
1.763116
1.763116
1.740241
1.740241
1.638238
1.638238
1.634487
1.634487
1.63055
1.632237
1.632237
1.612924
1.612924
1.617424
1.617424
1.752991
1.831181
1.831181
1.637112
1.637112
1.635425
1.635425
1.637862
1.637862
1.634862
1.634862
1.631487
1.647238
1.647238
1.662426
1.662426
1.657176
1.657176
1.628862
1.639363
1.639363
1.635237
1.635237
1.634112
1.634112
1.633175
1.633175
1.606924
1.603174
1.603174
1.632425
1.632425
1.664676
1.664676
1.63205
1.63205
1.632237
1.6358
1.6358
1.635425
1.635425
1.640112
1.640112
1.64855
1.64855
1.664676
1.63955
1.63955
1.616112
1.616112
1.636737
1.636737
1.634487
1.634487
1.631675
1.635237
1.635237
1.592486
1.592486
1.616299
1.616299
1.702739
1.702739
1.741366
1.655488
1.655488
1.635425
1.635425
1.634112
1.634112
1.634487
1.634487
1.6268
1.629237
1.629237
1.646675
1.646675
1.777179
1.777179
1.727865
1.638425
1.638425
1.635425
1.635425
1.634675
1.634675
1.633362
1.610299
1.610299
1.608987
1.608987
1.733303
1.733303
1.834743
1.834743
1.660551
1.63805
1.63805
1.6343
1.6343
1.636362
1.636362
1.635237
1.635237
1.63955
1.647613
1.647613
1.777742
1.777742
1.806805
1.806805
1.637675
1.639175
1.639175
1.633362
1.633362
1.634675
1.634675
1.609362
1.615549
1.615549
1.696177
1.696177
1.787117
1.787117
1.643113
1.643113
1.632612
1.635237
1.608987
1.628487
1.627737
1.627737
1.62755
1.63205
1.63205
1.629237
1.629237
1.627737
1.6433
1.6433
1.668613
1.668613
1.655676
1.655676
1.661113
1.661113
1.629612
1.631675
1.631675
1.629425
1.629425
1.612924
1.612924
1.598111
1.598111
1.604111
1.597361
1.597361
1.615549
1.615549
1.6253
1.6253
1.626425
1.629987
1.629987
1.631487
1.631487
1.632237
1.632237
1.637675
1.637675
1.675364
1.679301
1.679301
1.692989
1.692989
1.6328
1.6328
1.629237
1.629237
1.623987
1.615362
1.615362
1.595111
1.595111
1.612362
1.612362
1.607299
1.607299
1.586111
1.625675
1.625675
1.630737
1.630737
1.631487
1.631487
1.62905
1.638238
1.638238
1.650425
1.650425
1.669551
1.669551
1.62155
1.62155
1.610487
1.631487
1.631487
1.62905
1.62905
1.627175
1.627175
1.620799
1.620799
1.589674
1.598674
1.598674
1.705364
1.705364
1.702552
1.624362
1.630925
1.630925
1.629237
1.629237
1.6298
1.6298
1.622675
1.622675
1.621174
1.695052
1.695052
1.776242
1.776242
1.687364
1.687364
1.630925
1.630925
1.624175
1.6298
1.6298
1.621737
1.621737
1.606737
1.606737
1.609549
1.609549
1.706302
1.682301
1.682301
1.628112
1.628112
1.625487
1.625487
1.628112
1.628112
1.62605
1.671801
1.671801
1.72674
1.679676
1.679676
1.630737
1.630737
1.627737
1.627737
1.6268
1.624925
1.624925
1.599611
1.599611
1.602237
1.602237
1.707802
1.650988
1.764991
1.764991
1.72299
1.6253
1.6253
1.623987
1.623987
1.620424
1.622487
1.622487
1.597549
1.597549
1.595861
1.595861
1.674051
1.674051
1.739866
1.703302
1.703302
1.620049
1.620049
1.62155
1.62155
1.621174
1.627175
1.627175
1.628487
1.628487
1.63955
1.63955
1.817493
1.817493
1.762929
1.625675
1.625675
1.623425
1.623425
1.621362
1.621362
1.619487
1.599236
1.599236
1.592486
1.592486
1.692052
1.692052
1.734428
1.671801
1.671801
1.617987
1.617987
1.619862
1.619862
1.6238
1.6238
1.620612
1.632237
1.632237
1.627925
1.627925
1.669738
1.669738
1.630362
1.630362
1.620049
1.622675
1.622675
1.620799
1.620799
1.620612
1.620612
1.599236
1.599236
1.608049
1.608049
1.642738
1.608987
1.608987
1.620799
1.620799
1.618174
1.618174
1.619862
1.619862
1.621362
1.621362
1.629612
1.628862
1.628862
1.706115
1.706115
1.729553
1.729553
1.63955
1.63955
1.620049
1.623612
1.623612
1.619112
1.619112
1.609924
1.609924
1.592861
1.592861
1.601861
1.727303
1.727303
1.700114
1.700114
1.617799
1.617799
1.618737
1.618737
1.618737
1.62
1362.0
1.621362
1.619487
1.619487
1.633362
1.633362
1.701239
1.701239
1.780742
1.638238
1.638238
1.623612
1.623612
1.620987
1.620987
1.618362
1.618362
1.609549
1.595674
1.595674
1.597549
1.597549
1.722428
1.722428
1.715865
1.715865
1.615174
1.618362
1.618362
1.620237
1.620237
1.621362
1.621362
1.628112
1.628112
1.615737
1.612549
1.607862
1.607862
1.610112
1.610112
1.580861
1.580861
1.581798
1.641237
1.641237
1.647238
1.647238
1.609737
1.609737
1.608612
1.608612
1.611049
1.612174
1.612174
1.6223
1.6223
1.6403
1.6403
1.669176
1.741741
1.741741
1.697114
1.697114
1.614049
1.614049
1.611049
1.611049
1.608612
1.609737
1.609737
1.576548
1.576548
1.584236
1.584236
1.752616
1.734053
1.734053
1.669926
1.669926
1.606924
1.606924
1.610299
1.610299
1.609549
1.617237
1.617237
1.646488
1.646488
1.723553
1.723553
1.849556
1.849556
1.843931
1.612924
1.612924
1.609737
1.609737
1.608987
1.608987
1.608612
1.576923
1.576923
1.583861
1.583861
1.750178
1.750178
1.857432
1.857432
1.669926
1.607674
1.607674
1.608612
1.608612
1.609362
1.609362
1.615174
1.645175
1.645175
1.692989
1.692989
1.816368
1.816368
1.746241
1.746241
1.613299
1.613112
1.613112
1.608424
1.608424
1.605986
1.605986
1.581236
1.581236
1.581611
1.766304
1.766304
1.805305
1.805305
1.662051
1.662051
1.605236
1.605236
1.608987
1.612549
1.612549
1.610487
1.610487
1.6298
1.6298
1.0
0.65155
1.65155
1.750741
1.750366
1.750366
1.610112
1.610112
1.608799
1.608799
1.607112
1.607112
1.607674
1.581236
1.581236
1.582548
1.582548
1.72074
1.818993
1.818993
1.71474
1.71474
1.603924
1.603924
1.607112
1.608987
1.608987
1.614612
1.614612
1.640112
1.640112
1.64855
1.64855
1.79068
1.896995
1.896995
1.616862
1.604861
1.604486
1.601861
1.601861
1.596799
1.596799
1.574298
1.574298
1.579923
1.666926
1.666926
1.664113
1.664113
1.599424
1.599424
1.600361
1.605049
1.605049
1.605424
1.605424
1.595674
1.595674
1.591174
1.633175
1.633175
1.726365
1.726365
1.650425
1.650425
1.602986
1.602986
1.600736
1.601111
1.601111
1.603174
1.603174
1.564923
1.564923
1.572048
1.572048
1.602049
1.576361
1.576361
1.601674
1.601674
1.601111
1.601111
1.600924
1.600924
1.601674
1.604861
1.604861
1.607862
1.607862
1.593986
1.593986
1.625675
1.625675
1.598111
1.607299
1.607299
1.602049
1.602049
1.599799
1.599799
1.597174
1.565298
1.565298
1.576923
1.576923
1.695614
1.695614
1.703864
1.703864
1.617424
1.599611
1.599611
1.603736
1.603736
1.604674
1.604674
1.601861
1.601861
1.599049
1.609924
1.609924
1.589298
1.589298
1.614987
1.614987
1.605049
1.605049
1.599049
1.600174
1.600174
1.600361
1.600361
1.573173
1.573173
1.575798
1.6433
1.6433
1.572235
1.572235
1.593236
1.593236
1.602049
1.602049
1.602611
1.602611
1.602611
1.600361
1.600361
1.611799
1.0
611799.0
1.656238
1.755991
1.755991
1.689239
1.689239
1.603924
1.603924
1.601486
1.600736
1.600736
1.599986
1.599986
1.572798
1.572798
1.601674
1.597736
1.597736
1.601861
1.601861
1.604486
1.604486
1.603362
1.603362
1.616674
1.613862
1.613862
1.638238
1.638238
1.678176
1.678176
1.605049
1.607299
1.607299
1.607299
1.696927
1.698239
1.698239
1.644238
1.644238
1.604299
1.600924
1.600924
1.600924
1.600924
1.582548
1.582548
1.570923
1.605986
1.605986
1.676489
1.676489
1.698614
1.698614
1.599236
1.599236
1.599424
1.605049
1.605049
1.603362
1.603362
1.617237
1.617237
1.613862
1.715302
1.715302
1.758241
1.758241
1.665051
1.665051
1.600924
1.600924
1.600736
1.604299
1.604299
1.586111
1.586111
1.567173
1.567173
1.619674
1.619674
1.687364
1.70949
1.70949
1.601299
1.601299
1.601111
1.601111
1.600924
1.600924
1.600174
1.624925
1.624925
1.633175
1.633175
1.716427
1.716427
1.71399
1.63205
1.63205
1.605611
1.605611
1.602049
1.602049
1.601299
1.601299
1.588923
1.569048
1.569048
1.596611
1.596611
1.692614
1.692614
1.687551
1.601861
1.601861
1.601486
1.601486
1.602049
1.602049
1.603174
1.603174
1.624549
1.6283
1.6283
1.695989
1.695989
1.727865
1.727865
1.64105
1.64105
1.607674
1.606362
1.606362
1.602424
1.602424
1.592674
1.592674
1.574673
1.589111
1.589111
1.721115
1.721115
1.789555
1.789555
1.604111
1.604111
1.601111
1.605049
1.605049
1.605611
1.605611
1.6253
1.6253
1.630737
1.630737
1.692427
1.72749
1.72749
1.701802
1.701802
1.608237
1.608237
1.602049
1.603924
1.603924
1.595111
1.595111
1.579173
1.579173
1.601111
1.601111
1.718678
1.819931
1.819931
1.604486
1.604486
1.603362
1.603362
1.602049
1.602049
1.691864
1.677051
1.677051
1.603549
1.603549
1.605236
1.609362
1.609362
1.608237
1.608237
1.630175
1.64405
1.64405
1.768554
1.768554
1.752803
1.752803
1.607299
1.607487
1.607487
1.606737
1.606737
1.606362
1.606362
1.588923
1.588923
1.576736
1.688114
1.688114
1.832681
1.832681
1.700114
1.700114
1.604861
1.604861
1.608237
1.608237
1.649675
1.649675
1.638988
1.638988
1.848431
1.848431
1.744553
1.613299
1.613299
1.610487
1.610487
1.607487
1.607487
1.606737
1.606737
1.581048
1.583673
1.583673
1.654926
1.654926
1.72974
1.72974
1.658488
1.658488
1.601674
1.608612
1.608612
1.607487
1.607487
1.608237
1.63505
1.63505
1.62905
1.62905
1.774554
1.774554
1.724115
1.619862
1.619862
1.611799
1.611799
1.605611
1.605611
1.605986
1.605986
1.589674
1.579923
1.579923
1.678551
1.678551
1.745491
1.745491
1.677051
1.677051
1.603549
1.608612
1.608612
1.611424
1.611424
1.609549
1.609549
1.630175
1.630175
1.64705
1.858932
1.858932
1.767991
1.767991
1.622862
1.622862
1.607299
1.607299
1.606174
1.608049
1.608049
1.590799
1.590799
1.58161
1.0
1.581611
1.647988
1.71849
1.71849
1.682489
1.682489
1.608049
1.608049
1.608049
1.608049
1.608612
1.612737
1.612737
1.6373
1.6373
1.630362
1.630362
1.730865
1.743616
1.743616
1.62905
1.62905
1.613112
1.613112
1.607674
1.607674
1.608049
1.592111
1.592111
1.581611
1.581611
1.608799
1.608799
1.728615
1.745678
1.730115
1.730115
1.615362
1.612924
1.612924
1.613674
1.613674
1.611424
1.611424
1.580298
1.586111
1.586111
1.769116
1.769116
1.772679
1.772679
1.633925
1.612362
1.612362
1.614424
1.614424
1.614799
1.614799
1.6268
1.6268
1.6388
1.706302
1.706302
1.772304
1.772304
1.713802
1.713802
1.615737
1.614987
1.614987
1.612362
1.612362
1.611237
1.611237
1.583673
1.583673
1.587236
1.725053
1.725053
1.757679
1.757679
1.6508
1.6508
1.612174
1.612174
1.613299
1.616674
1.616674
1.6253
1.6253
1.640112
1.640112
1.705927
1.705927
1.80418
1.765741
1.765741
1.619299
1.619299
1.613674
1.613674
1.609549
1.609549
1.613299
1.591736
1.591736
1.592111
1.592111
1.760304
1.760304
1.73724
1.73724
1.661301
1.616112
1.616112
1.614612
1.614612
1.614987
1.614987
1.616862
1.616862
1.649488
1.692052
1.692052
1.80043
1.80043
1.726553
1.726553
1.615549
1.616112
1.616112
1.614612
1.614612
1.614424
1.614424
1.583111
1.592486
1.592486
1.699364
1.699364
1.744366
1.744366
1.674614
1.674614
1.611424
1.615362
1.615362
1.618174
1.618174
1.623237
1.623237
1.644988
1.672364
1.672364
1.779242
1.779242
1.769491
1.769491
1.619112
1.616299
1.616299
1.615924
1.615924
1.608799
1.584798
1.587423
1.587423
1.726178
1.746428
1.746428
1.671051
1.671051
1.612549
1.612549
1.615174
1.615174
1.614424
1.621174
1.621174
1.649863
1.649863
1.664676
1.616487
1.614049
1.615362
1.619299
1.619299
1.640112
1.640112
1.6433
1.737615
1.737615
1.749616
1.749616
1.707802
1.707802
1.618549
1.619299
1.619299
1.615924
1.615924
1.608799
1.608799
1.579548
1.604111
1.604111
1.791617
1.791617
1.729553
1.614612
1.614612
1.616299
1.616299
1.617049
1.617049
1.619112
1.619112
1.635425
1.648925
1.648925
1.755241
1.755241
1.789367
1.789367
1.718678
1.718678
1.619299
1.620799
1.620799
1.616299
1.616299
1.611049
1.611049
1.579173
1.597924
1.597924
1.828181
1.828181
1.752428
1.752428
1.617424
1.617424
1.612924
1.617049
1.617049
1.620424
1.620424
1.6343
1.6343
1.644425
1.644425
1.762929
1.788617
1.788617
1.700114
1.700114
1.62155
1.62155
1.617612
1.617612
1.614799
1.611237
1.611237
1.582548
1.582548
1.598486
1.598486
1.788992
1.788992
1.763491
1.63205
1.63205
1.615549
1.615549
1.617799
1.617799
1.617049
1.617049
1.631487
1.642363
1.642363
1.71924
1.71924
1.778679
1.778679
1.70724
1.620424
1.620424
1.617237
1.617237
1.612174
1.612174
1.613112
1.589111
1.589111
1.590799
1.590799
1.0
72524.0
1.72524
1.720178
1.720178
1.622112
1.617049
1.617049
1.619862
1.619862
1.618174
1.618174
1.628112
1.628112
1.6478
1.721678
1.721678
1.749991
1.749991
1.683426
1.683426
1.619862
1.620424
1.620424
1.619299
1.619299
1.616299
1.616299
1.587236
1.587236
1.586486
1.709115
1.709115
1.735553
1.735553
1.64705
1.666176
1.614799
1.614799
1.613674
1.613674
1.615549
1.616487
1.616487
1.6448
1.648175
1.648175
1.814305
1.814305
1.781679
1.781679
1.643488
1.643488
1.614987
1.616674
1.616674
1.614799
1.614799
1.596049
1.596049
1.583298
1.672926
1.672926
1.763679
1.763679
1.73199
1.73199
1.613112
1.613112
1.612174
1.616112
1.616112
1.616862
1.616862
1.65305
1.65305
1.644425
1.644425
1.792742
1.757866
1.757866
1.667488
1.667488
1.617987
1.617987
1.615549
1.615549
1.613112
1.602049
1.602049
1.584423
1.584423
1.639175
1.639175
1.748678
1.714177
1.714177
1.613112
1.613112
1.613112
1.613112
1.616674
1.616862
1.616862
1.63955
1.63955
1.643488
1.643488
1.775492
1.757866
1.757866
1.667488
1.667488
1.619862
1.619862
1.614799
1.614799
1.613112
1.602049
1.602049
1.582923
1.582923
1.6448
1.6448
1.781492
1.781492
1.755054
1.613487
1.613487
1.613862
1.613862
1.617049
1.617049
1.616487
1.63955
1.63955
1.641425
1.641425
1.753553
1.753553
1.748116
1.748116
1.672176
1.619487
1.619487
1.616112
1.616112
1.612924
1.612924
1.606174
1.606174
1.5
86298.0
1.6298
1.6298
1.861744
1.861744
1.760866
1.760866
1.613487
1.618737
1.618737
1.618362
1.618362
1.616674
1.616674
1.6433
1.656801
1.656801
1.789555
1.789555
1.800992
1.800992
1.702364
1.702364
1.616299
1.617237
1.617237
1.617424
1.617424
1.608799
1.608799
1.584423
1.584423
1.609362
1.808868
1.808868
1.706677
1.610299
1.610299
1.612174
1.615174
1.615174
1.615549
1.615549
1.6403
1.654551
1.654551
1.839994
1.839994
1.754304
1.754304
1.614799
1.614799
1.614612
1.616112
1.616112
1.615174
1.615174
1.592299
1.592299
1.584611
1.584611
1.702927
1.774367
1.774367
1.680801
1.680801
1.611237
1.611237
1.612174
1.615924
1.615924
1.619674
1.619674
1.64855
1.64855
1.648175
1.648175
1.836619
1.751678
1.751678
1.623612
1.623612
1.617612
1.617612
1.614424
1.614424
1.611424
1.611424
1.586673
1.592486
1.592486
1.686051
1.686051
1.716052
1.716052
1.661676
1.661676
1.609924
1.616112
1.616112
1.617987
1.617987
1.615549
1.615549
1.646113
1.640488
1.640488
1.816368
1.816368
1.767429
1.767429
1.635237
1.635237
1.614049
1.614049
1.614237
1.615362
1.615362
1.596611
1.596611
1.592861
1.592861
1.666551
1.666551
1.750366
1.72599
1.72599
1.613112
1.613112
1.616112
1.616112
1.612737
1.616862
1.616862
1.6418
1.6418
1.655488
1.655488
1.800055
1.800055
1.768929
1.632987
1.632987
1.617424
1.617424
1.615362
1.615362
1.615362
1.601861
1.601861
1.587611
1.587611
1.662051
1.662051
1.707802
1.677989
1.677989
1.617424
1.617424
1.615737
1.615737
1.616862
1.616862
1.617237
1.743053
1.743053
1.747741
1.747741
1.637487
1.620049
1.620049
1.617987
1.617987
1.615174
1.615174
1.597549
1.583861
1.583861
1.659613
1.659613
1.72074
1.72074
1.583673
1.583673
1.685489
1.722428
1.722428
1.64105
1.612924
1.612924
1.619487
1.619487
1.618924
1.618924
1.627175
1.627175
1.6463
1.71174
1.71174
1.751866
1.751866
1.675926
1.675926
1.619862
1.617237
1.617237
1.616674
1.616674
1.617049
1.617049
1.586111
1.586111
1.585736
1.671426
1.671426
1.731803
1.731803
1.665988
1.665988
1.614612
1.614612
1.616674
1.619112
1.619112
1.624737
1.624737
1.654738
1.654738
1.71849
1.71849
1.793492
1.729178
1.729178
1.619487
1.619487
1.617799
1.617799
1.614987
1.614987
1.616299
1.587611
1.587611
1.590799
1.590799
1.736303
1.736303
1.796117
1.664488
1.664488
1.615549
1.615549
1.615362
1.615362
1.618174
1.618174
1.624362
1.658676
1.658676
1.696739
1.696739
1.848994
1.848994
1.781492
1.781492
1.620237
1.619299
1.619299
1.615174
1.615174
1.613674
1.613674
1.590799
1.593236
1.593236
1.692427
1.692427
1.735553
1.735553
1.652863
1.652863
1.615174
1.62155
1.62155
1.619299
1.619299
1.623425
1.623425
1.660176
1.660176
1.677801
1.814493
1.814493
1.762179
1.762179
1.621924
1.621924
1.61967
4.0
1.619674
1.617424
1.619112
1.619112
1.593424
1.593424
1.588923
1.588923
1.667676
1.667676
1.716052
1.653988
1.653988
1.616112
1.616112
1.618549
1.618549
1.618174
1.625675
1.625675
1.665426
1.665426
1.696552
1.696552
1.875432
1.875432
1.89437
1.626237
1.626237
1.622675
1.622675
1.617612
1.617612
1.611237
1.587236
1.587236
1.618549
1.619674
1.619487
1.619487
1.642363
1.648363
1.648363
1.784305
1.784305
1.845244
1.746241
1.746241
1.6223
1.6223
1.618362
1.618362
1.617987
1.617987
1.612174
1.587986
1.587986
1.601111
1.601111
1.849556
1.849556
1.811868
1.811868
1.623425
1.617799
1.617799
1.617612
1.617612
1.617049
1.644613
1.644613
1.659051
1.659051
1.777929
1.777929
1.865494
1.865494
1.73349
1.620799
1.620799
1.621924
1.621924
1.617799
1.617799
1.616112
1.616112
1.586298
1.591361
1.591361
1.846556
1.846556
1.80118
1.80118
1.633925
1.633925
1.614049
1.614049
1.617987
1.622862
1.622862
1.636737
1.636737
1.6433
1.6433
1.727115
1.805118
1.805118
1.715302
1.715302
1.6223
1.6223
1.617049
1.617049
1.614237
1.614612
1.614612
1.590049
1.590049
1.593424
1.593424
1.815243
1.767241
1.767241
1.628862
1.628862
1.617049
1.617049
1.620049
1.620049
1.616112
1.628487
1.628487
1.644238
1.644238
1.739491
1.739491
1.767054
1.767054
1.711365
1.622112
1.622112
1.618549
1.618549
1.618737
1.618737
1.620049
1.620049
1.581236
1.594736
1.594736
1.716052
1.71
6052.0
1.736678
1.736678
1.631675
1.631675
1.615362
1.621362
1.621362
1.620049
1.620049
1.636175
1.636175
1.657551
1.657551
1.734991
1.816368
1.816368
1.751866
1.751866
1.622675
1.622675
1.619487
1.618362
1.618362
1.618362
1.618362
1.582361
1.582361
1.595486
1.595486
1.680989
1.696739
1.696739
1.636362
1.636362
1.617987
1.685301
1.693552
1.614799
1.614799
1.616862
1.616862
1.617049
1.617049
1.616487
1.643488
1.643488
1.6388
1.6388
1.756929
1.756929
1.749053
1.691302
1.691302
1.617612
1.617612
1.616674
1.616299
1.616299
1.603924
1.603924
1.586861
1.586861
1.650613
1.650613
1.746241
1.690177
1.690177
1.615362
1.615362
1.618362
1.618362
1.618737
1.618737
1.616112
1.6508
1.6508
1.6433
1.6433
1.837556
1.837556
1.806993
1.806993
1.680614
1.622487
1.622487
1.618362
1.618362
1.616674
1.616674
1.605986
1.605986
1.589298
1.635237
1.635237
1.746241
1.746241
1.725803
1.725803
1.614799
1.614799
1.616862
1.621924
1.621924
1.617987
1.617987
1.644425
1.644425
1.6523
1.758804
1.758804
1.71924
1.71924
1.6538
1.6538
1.619862
1.621174
1.621174
1.618924
1.618924
1.608612
1.608612
1.588361
1.588361
1.607862
1.805868
1.805868
1.749803
1.749803
1.615737
1.615737
1.614237
1.616674
1.616674
1.620612
1.620612
1.64105
1.64105
1.646488
1.646488
1.714177
1.744928
1.744928
1.668801
1.668801
1.624737
1.624737
1.618549
1.617424
1.617424
1.610112
1.610112
1.0
587799.0
1.587799
1.597549
1.597549
1.689614
1.71774
1.71774
1.617799
1.617799
1.618362
1.618362
1.619674
1.619674
1.650425
1.71249
1.71249
1.79293
1.707427
1.707427
1.624362
1.624362
1.620612
1.620612
1.619862
1.619862
1.608612
1.585923
1.585923
1.602611
1.602611
1.776054
1.6238
1.6238
1.621174
1.621174
1.616487
1.618549
1.618549
1.595486
1.595486
1.593799
1.593799
1.72599
1.770804
1.770804
1.665051
1.665051
1.614987
1.614237
1.614237
1.616112
1.616112
1.617424
1.617424
1.647425
1.647425
1.64105
1.813555
1.813555
1.769116
1.769116
1.63055
1.63055
1.618549
1.619299
1.619299
1.618362
1.618362
1.602424
1.602424
1.593424
1.593424
1.671426
1.73649
1.73649
1.689052
1.689052
1.616862
1.616862
1.617237
1.617237
1.618924
1.620987
1.620987
1.643488
1.643488
1.655863
1.655863
1.850307
1.812243
1.812243
1.638988
1.638988
1.620237
1.620237
1.620049
1.620049
1.615737
1.598674
1.598674
1.592299
1.592299
1.677989
1.677989
1.702927
1.702927
1.685301
1.620424
1.620424
1.617799
1.617799
1.619112
1.619112
1.619487
1.619487
1.654363
1.658113
1.658113
1.774554
1.774554
1.738178
1.738178
1.635987
1.635987
1.620424
1.621737
1.621737
1.617799
1.617799
1.602424
1.602424
1.585361
1.585361
1.642925
1.734615
1.734615
1.669176
1.669176
1.614987
1.614987
1.615549
1.622112
1.622112
1.620424
1.620424
1.6403
1.6403
1.640488
1.717365
1.717365
1.796492
1.796492
1.665613
1.665613
1.621174
1.619299
1.619299
1.620987
1.620987
1.600361
1.600361
1.582173
1.630175
1.630175
1.740241
1.740241
1.752241
1.752241
1.614424
1.622487
1.622487
1.621737
1.621737
1.6223
1.6223
1.63655
1.63655
1.640488
1.733678
1.733678
1.623237
1.620049
1.620049
1.616862
1.617612
1.617612
1.585548
1.585548
1.594736
1.73124
1.73124
1.72899
1.72899
1.680426
1.680426
1.617612
1.617612
1.617049
1.62305
1.62305
1.626425
1.626425
1.641988
1.677801
1.677801
1.748116
1.748116
1.753928
1.753928
1.622487
1.622487
1.616862
1.617987
1.617987
1.619112
1.619112
1.588361
1.588361
1.592674
1.714177
1.714177
1.721115
1.721115
1.645363
1.645363
1.617799
1.617799
1.615549
1.620612
1.620612
1.626612
1.626612
1.659613
1.659613
1.675739
1.675739
1.769679
1.70724
1.70724
1.622487
1.622487
1.621362
1.621362
1.618737
1.618737
1.614612
1.591924
1.591924
1.586486
1.586486
1.679301
1.679301
1.757116
1.651175
1.651175
1.619112
1.619112
1.619299
1.619299
1.621362
1.621362
1.620612
1.627925
1.627925
1.650238
1.650238
1.849181
1.849181
1.844869
1.844869
1.620237
1.62155
1.62155
1.620424
1.620424
1.618737
1.618737
1.586673
1.592486
1.592486
1.647425
1.647425
1.743616
1.743616
1.657926
1.657926
1.615174
1.623425
1.623425
1.6223
1.6223
1.622862
1.622862
1.63805
1.656613
1.65
6613.0
1.790492
1.790492
1.806243
1.806243
1.621362
1.621362
1.620612
1.619862
1.619862
1.621174
1.621174
1.595111
1.595111
1.591924
1.682489
1.682489
1.717177
1.717177
1.644238
1.644238
1.617987
1.617987
1.620612
1.6223
1.6223
1.622675
1.622675
1.637487
1.637487
1.647613
1.647613
1.752803
1.754679
1.754679
1.731053
1.659613
1.622675
1.622675
1.619112
1.619112
1.616112
1.615362
1.615362
1.581986
1.581986
1.596986
1.596986
1.726365
1.743991
1.743991
1.619112
1.619112
1.618174
1.618174
1.617987
1.622487
1.622487
1.63205
1.63205
1.64105
1.64105
1.720178
1.720178
1.749053
1.697864
1.697864
1.622112
1.622112
1.618362
1.618362
1.617987
1.617987
1.617424
1.588923
1.588923
1.591549
1.591549
1.719427
1.719427
1.755991
1.642738
1.642738
1.617987
1.617987
1.620799
1.620799
1.619487
1.619487
1.628487
1.646675
1.646675
1.730115
1.730115
1.790492
1.790492
1.71324
1.623612
1.623612
1.622112
1.622112
1.618737
1.618737
1.615549
1.615549
1.584798
1.599986
1.599986
1.79518
1.79518
1.692427
1.692427
1.6283
1.6283
1.616862
1.621362
1.621362
1.621174
1.621174
1.624175
1.635237
1.635237
1.688114
1.688114
1.717177
1.717177
1.717552
1.717552
1.617987
1.621924
1.621924
1.620424
1.620424
1.620049
1.620049
1.580673
1.592861
1.592861
1.690364
1.690364
1.714552
1.714552
1.644425
1.644425
1.614612
1.620424
1.620424
1.622487
1.622487
1.6283
1.0
6283.0
1.643675
1.643675
1.682864
1.78768
1.78768
1.72674
1.72674
1.624175
1.624175
1.619674
1.619674
1.616112
1.620612
1.591549
1.673676
1.72899
1.72899
1.639175
1.639175
1.619862
1.619862
1.618737
1.618737
1.617987
1.630175
1.630175
1.656801
1.656801
1.678739
1.678739
1.615549
1.747366
1.747366
1.722428
1.722428
1.615924
1.617424
1.617424
1.618549
1.618549
1.618737
1.641613
1.641613
1.640488
1.640488
1.698239
1.698239
1.736115
1.677989
1.677989
1.623425
1.623425
1.620799
1.620799
1.616487
1.616487
1.602049
1.583486
1.583486
1.631487
1.631487
1.741928
1.741928
1.680614
1.615924
1.615924
1.613862
1.613862
1.615362
1.615362
1.616487
1.616487
1.6268
1.656238
1.656238
1.708552
1.708552
1.749241
1.749241
1.659801
1.619862
1.619862
1.62155
1.62155
1.618737
1.618737
1.607299
1.607299
1.582548
1.606549
1.606549
1.71774
1.71774
1.703302
1.703302
1.617237
1.617237
1.614799
1.619674
1.619674
1.620049
1.620049
1.64405
1.64405
1.6448
1.6448
1.751678
1.741366
1.741366
1.681926
1.681926
1.623425
1.623425
1.617612
1.617612
1.616112
1.609737
1.609737
1.584236
1.584236
1.604861
1.604861
1.754304
1.754304
1.780742
1.618924
1.618924
1.618362
1.618362
1.620049
1.620049
1.617612
1.617612
1.639175
1.659801
1.659801
1.770992
1.770992
1.786555
1.786555
1.686427
1.621174
1.621174
1.620237
1.620237
1.0
0.619487
1.619487
1.614049
1.614049
1.582923
1.598111
1.598111
1.835306
1.835306
1.741553
1.741553
1.619862
1.619112
1.619112
1.617987
1.617987
1.619862
1.641425
1.641425
1.650425
1.650425
1.743241
1.743241
1.760304
1.760304
1.698052
1.6253
1.6253
1.620799
1.620799
1.617424
1.617424
1.615549
1.615549
1.587423
1.721865
1.62605
1.621174
1.621174
1.613862
1.613862
1.618924
1.594361
1.594361
1.592486
1.592486
1.6493
1.723365
1.723365
1.701614
1.701614
1.615924
1.617987
1.617987
1.620049
1.620049
1.617424
1.617424
1.643488
1.643488
1.645738
1.779054
1.779054
1.734241
1.734241
1.628675
1.628675
1.621174
1.618549
1.618549
1.618737
1.618737
1.597549
1.597549
1.594174
1.594174
1.651363
1.688302
1.688302
1.675739
1.675739
1.616299
1.616299
1.617799
1.617799
1.618737
1.620424
1.620424
1.64405
1.64405
1.641237
1.647425
1.647425
1.618362
1.617987
1.617987
1.618549
1.618549
1.605611
1.605611
1.592674
1.592674
1.665238
1.738178
1.738178
1.71849
1.71849
1.616299
1.616299
1.617987
1.617987
1.619299
1.6223
1.6223
1.63955
1.63955
1.653988
1.653988
1.769679
1.769679
1.79743
1.658488
1.658488
1.620424
1.620424
1.617799
1.617799
1.617799
1.617799
1.603924
1.593424
1.593424
1.659426
1.659426
1.757116
1.757116
1.693927
1.618924
1.618924
1.620049
1.620049
1.619487
1.619487
1.619112
1.619112
1.656238
1.657551
1.657551
1.822368
1.822368
1.7
93117.0
1.793117
1.661863
1.661863
1.619674
1.622675
1.622675
1.621362
1.621362
1.606549
1.606549
1.589111
1.614612
1.614612
1.784117
1.784117
1.759179
1.759179
1.617612
1.617612
1.620612
1.624362
1.624362
1.623237
1.623237
1.627175
1.627175
1.627362
1.709677
1.709677
1.693739
1.590799
1.691489
1.691489
1.719052
1.669551
1.669551
1.616487
1.616487
1.617612
1.623987
1.623987
1.62755
1.62755
1.6418
1.6418
1.679489
1.752428
1.752428
1.711552
1.711552
1.624925
1.624925
1.619112
1.619112
1.616674
1.620799
1.620799
1.594549
1.594549
1.590049
1.590049
1.677614
1.677614
1.718865
1.654738
1.654738
1.619487
1.619487
1.618924
1.618924
1.618174
1.6268
1.6268
1.656051
1.656051
1.666551
1.666551
1.774742
1.774742
1.72224
1.623612
1.623612
1.623612
1.623612
1.620987
1.620987
1.617987
1.617987
1.588923
1.597174
1.597174
1.665051
1.665051
1.755241
1.755241
1.670676
1.670676
1.617237
1.622487
1.622487
1.621737
1.621737
1.619674
1.619674
1.640675
1.643488
1.643488
1.759554
1.759554
1.71699
1.71699
1.622487
1.622675
1.622675
1.620987
1.620987
1.616674
1.616674
1.593049
1.598674
1.598674
1.662238
1.662238
1.699739
1.699739
1.672739
1.672739
1.617987
1.623987
1.623987
1.622112
1.622112
1.6223
1.6223
1.64555
1.640863
1.640863
1.776054
1.776054
1.812805
1.812805
1.630175
1.630175
1.622487
1.621737
1.62173
7.0
1.62305
1.62305
1.600924
1.600924
1.591174
1.591174
1.662613
1.684926
1.684926
1.659613
1.659613
1.618924
1.618924
1.619862
1.62305
1.62305
1.624549
1.624549
1.646863
1.646863
1.644425
1.644425
1.734615
1.779804
1.779804
1.631112
1.631112
1.624925
1.624925
1.620049
1.620049
1.618174
1.602049
1.602049
1.621174
1.620049
1.591736
1.591736
1.594174
1.783929
1.783929
1.709865
1.709865
1.642363
1.642363
1.619112
1.619862
1.619862
1.620424
1.620424
1.637487
1.637487
1.658863
1.658863
1.747553
1.738553
1.738553
1.677239
1.677239
1.624549
1.624549
1.62155
1.62155
1.619112
1.620612
1.620612
1.591924
1.591924
1.591549
1.591549
1.772117
1.742491
1.742491
1.637862
1.637862
1.619112
1.619112
1.618924
1.618924
1.620799
1.636737
1.636737
1.653238
1.653238
1.740428
1.740428
1.822181
1.822181
1.72224
1.72224
1.625675
1.624737
1.624737
1.619299
1.619299
1.621174
1.621174
1.591174
1.591174
1.590236
1.821243
1.821243
1.784492
1.784492
1.660926
1.660926
1.616862
1.62155
1.62155
1.623987
1.623987
1.630925
1.630925
1.661676
1.661676
1.743241
1.835118
1.835118
1.770429
1.770429
1.6238
1.6238
1.6238
1.6238
1.619299
1.621924
1.621924
1.588548
1.588548
1.592111
1.592111
1.697302
1.71999
1.71999
1.656801
1.656801
1.617799
1.617799
1.617612
1.622487
1.622487
1.632237
1.632237
1.648925
1.648925
1.704615
1.704615
1.827806
1.744178
1.744
178.0
1.626987
1.626987
1.622487
1.622487
1.619862
1.6223
1.6223
1.590049
1.590049
1.597361
1.704427
1.704427
1.716052
1.716052
1.646488
1.646488
1.619862
1.619862
1.622487
1.624925
1.624925
1.6358
1.6358
1.654176
1.654176
1.669551
1.737053
1.737053
1.788055
1.788055
1.627175
1.627175
1.6238
1.6238
1.6478
1.787867
1.833993
1.833993
1.720927
1.720927
1.626987
1.626987
1.620424
1.624362
1.624362
1.610674
1.610674
1.590236
1.590236
1.64255
1.838869
1.838869
1.788055
1.788055
1.6223
1.6223
1.621174
1.625675
1.625675
1.622862
1.622862
1.651925
1.651925
1.660738
1.761991
1.761991
1.778117
1.778117
1.694677
1.694677
1.627175
1.627175
1.622487
1.624549
1.624549
1.616299
1.616299
1.593986
1.593986
1.612924
1.612924
1.857807
1.783179
1.783179
1.6223
1.6223
1.620799
1.620799
1.624737
1.624737
1.620799
1.648175
1.648175
1.653988
1.653988
1.81093
1.81093
1.762741
1.762741
1.674989
1.627175
1.627175
1.6238
1.6238
1.622862
1.622862
1.618174
1.589674
1.589674
1.606174
1.606174
1.773054
1.773054
1.734053
1.734053
1.626612
1.622862
1.6253
1.6253
1.621737
1.640675
1.640675
1.647238
1.647238
1.705177
1.705177
1.628112
1.624737
1.624737
1.6238
1.6238
1.619299
1.619299
1.589674
1.589674
1.594736
1.71999
1.71999
1.750178
1.750178
1.628862
1.628862
1.622487
1.622487
1.623612
1.6268
1.6268
1.640863
1.640863
1.643113
1.643113
1.0
722803.0
1.722803
1.80868
1.723365
1.723365
1.629987
1.629987
1.62305
1.62305
1.623425
1.623425
1.621924
1.594549
1.594549
1.602237
1.602237
1.790492
1.790492
1.791055
1.791055
1.636737
1.625675
1.625675
1.624175
1.624175
1.624925
1.624925
1.6343
1.6343
1.654926
1.761241
1.761241
1.744553
1.744553
1.621924
1.626425
1.626425
1.622487
1.622487
1.62605
1.654176
1.654176
1.6478
1.6478
1.789555
1.789555
1.784867
1.784867
1.660551
1.631675
1.631675
1.62605
1.62605
1.624362
1.624362
1.607487
1.607487
1.595486
1.6508
1.6508
1.710802
1.710802
1.680051
1.680051
1.622675
1.627175
1.627175
1.629987
1.629987
1.628487
1.628487
1.632987
1.632987
1.6448
1.726365
1.726365
1.749991
1.749991
1.656238
1.656238
1.629237
1.629237
1.625487
1.625487
1.626612
1.610674
1.610674
1.593049
1.593049
1.651363
1.651363
1.698427
1.698427
1.666176
1.628487
1.628487
1.625487
1.625487
1.628487
1.628487
1.627362
1.645738
1.645738
1.647238
1.647238
1.713615
1.713615
1.791617
1.680239
1.680239
1.63205
1.63205
1.627362
1.627362
1.623425
1.614987
1.614987
1.598111
1.598111
1.619299
1.619299
1.731428
1.731428
1.743616
1.626425
1.626425
1.627925
1.627925
1.627925
1.627925
1.627362
1.627362
1.646488
1.656051
1.656051
1.701427
1.701427
1.607674
1.607674
1.610487
1.610487
1.630737
1.6313
1.6313
1.6283
1.0
0.6283
1.616674
1.616674
1.598111
1.598111
1.609737
1.749241
1.749241
1.70499
1.70499
1.626987
1.626987
1.6268
1.627737
1.627737
1.6313
1.6313
1.634862
1.634862
1.648363
1.648363
1.72224
1.637487
1.637487
1.606924
1.606924
1.631487
1.631487
1.628675
1.628675
1.6268
1.62155
1.62155
1.599799
1.599799
1.6283
1.6283
1.625862
1.602611
1.602611
1.601674
1.601674
1.677051
1.677051
1.628862
1.658863
1.658863
1.6268
1.6268
1.627737
1.627737
1.628675
1.628112
1.628112
1.661676
1.661676
1.663738
1.663738
1.757491
1.757491
1.755804
1.632425
1.632425
1.629612
1.629612
1.6253
1.6253
1.626987
1.602424
1.602424
1.602237
1.602237
1.654363
1.654363
1.73574
1.73574
1.701614
1.628112
1.628112
1.628862
1.628862
1.627925
1.627925
1.628862
1.663551
1.663551
1.660363
1.660363
1.841306
1.841306
1.78843
1.78843
1.630362
1.631675
1.631675
1.630175
1.630175
1.628112
1.628112
1.602986
1.602986
1.604861
1.672364
1.672364
1.740053
1.740053
1.676864
1.676864
1.622862
1.629425
1.629425
1.631112
1.631112
1.630925
1.630925
1.65005
1.65005
1.641613
1.752803
1.752803
1.710427
1.710427
1.638238
1.638238
1.629987
1.629987
1.62605
1.626987
1.626987
1.607674
1.607674
1.604674
1.604674
1.649863
1.649863
1.735365
1.699364
1.699364
1.627737
1.627737
1.6313
1.6313
1.62905
1.630175
1.652113
1.652113
1.663363
1.663363
1.852182
1.852182
1.824806
1.65
3238.0
1.653238
1.63205
1.63205
1.628112
1.628112
1.628675
1.628675
1.605799
1.599986
1.599986
1.656801
1.656801
1.703115
1.667676
1.667676
1.629425
1.629425
1.627737
1.627737
1.629237
1.629237
1.629425
1.659613
1.659613
1.656613
1.656613
1.754116
1.754116
1.757116
1.757116
1.64855
1.64855
1.6313
1.747928
1.788617
1.630175
1.630175
1.630925
1.630925
1.627175
1.628675
1.628675
1.591924
1.591924
1.595111
1.704239
1.704239
1.740616
1.740616
1.647988
1.647988
1.626237
1.629987
1.629987
1.629612
1.629612
1.643675
1.643675
1.663738
1.72299
1.72299
1.747178
1.747178
1.718678
1.718678
1.631862
1.630362
1.630362
1.63055
1.63055
1.626237
1.626237
1.599611
1.599611
1.596236
1.693552
1.693552
1.735553
1.735553
1.6478
1.6478
1.626987
1.626987
1.6268
1.6313
1.6313
1.6373
1.6373
1.653238
1.653238
1.683614
1.683614
1.739491
1.702177
1.702177
1.63505
1.63505
1.62905
1.62905
1.62905
1.62905
1.62605
1.606549
1.606549
1.599236
1.599236
1.681739
1.681739
1.72224
1.72224
1.6538
1.630925
1.630925
1.629987
1.629987
1.628675
1.628675
1.634112
1.634112
1.661863
1.695614
1.695614
1.794055
1.794055
1.71174
1.71174
1.63055
1.63055
1.628112
1.6313
1.6313
1.6283
1.6283
1.603174
1.603174
1.602237
1.602237
1.722615
1.770992
1.770992
1.674989
1.674989
1.624549
1.624549
1.625112
1.631487
1.631487
1.635425
1.635425
1.662238
1.662238
1.6
73489.0
1.673489
1.782429
1.79593
1.79593
1.63355
1.63355
1.6343
1.6343
1.6268
1.6268
1.605236
1.661301
1.661301
1.721115
1.670488
1.670488
1.629612
1.629612
1.631862
1.631862
1.627737
1.627737
1.6313
1.663926
1.663926
1.660738
1.660738
