2.652456
2.658831
2.659394
2.53414
1.258726
1.251976
1.251976
1.830243
2.656581
2.654519
2.655081
2.655643
2.656581
2.655831
2.655456
2.655269
2.650581
2.650206
2.655831
2.658643
2.575954
2.150691
1.278227
1.250851
1.738553
2.659019
2.656018
2.655269
2.656206
2.656581
2.657331
2.656394
2.654519
2.649831
2.651706
2.656394
2.658268
2.530015
2.096314
1.307477
1.252163
1.80643
2.656581
2.655643
2.656018
2.656581
2.658268
2.659769
2.659019
2.658456
2.654331
2.652269
2.656018
2.659394
2.374948
1.861744
1.251226
1.780367
2.657706
2.655643
2.655831
2.656581
2.656769
2.657894
2.658081
2.655081
2.649456
2.650956
2.655643
2.658456
2.440199
1.933559
1.344979
1.251038
1.640112
2.653206
2.655269
2.656206
2.656581
2.657144
2.657894
2.656581
2.652081
1.88687
1.366917
1.464045
2.648518
2.656394
2.655643
2.656206
2.656206
2.657144
2.656769
2.656769
2.656581
2.648893
2.651893
2.655081
2.658643
2.482763
1.96056
1.409668
1.253288
1.396918
2.653581
2.656018
2.655269
2.656394
2.656394
2.656581
2.656769
2.655456
2.651331
2.650768
2.654894
2.658643
2.417324
1.859494
1.386042
1.253101
1.267914
2.492514
2.654894
2.656018
2.656206
2.656206
2.657331
2.656581
2.655269
2.650393
2.651331
2.655643
2.658643
2.465888
1.901871
1.428606
1.253476
1.251038
2.419761
2.658643
2.658456
2.658831
2.659581
2.659769
2.659206
2.658643
2.655643
2.653206
2.656581
2.660519
2.653956
2.381885
1.681739
1.251976
1.290227
2.588329
2.658456
2.658268
2.658456
2.658643
2.659581
2.658831
2.658643
2.655081
2.656018
2.599204
1.550297
1.251413
1.251976
2.067063
2.658831
2.658268
2.658456
2.659019
2.659581
2.660331
2.659206
2.655643
2.653206
2.656394
2.660144
2.604079
2.075876
1.542422
1.253851
1.253288
2.172254
2.658456
2.658456
2.658643
2.658831
2.659581
2.659581
2.659206
2.654894
2.652081
2.655081
2.660331
2.660331
2.585704
2.027687
1.536234
1.255726
1.253101
1.808868
2.658831
2.657706
2.657894
2.658268
2.658643
2.658831
2.658081
2.653956
2.652269
2.655269
2.659769
2.634643
2.190442
1.253851
1.252538
2.024874
2.655643
2.655269
2.655831
2.656956
2.656206
2.653018
2.649268
2.651518
2.656956
2.656769
2.390698
1.89287
1.254976
1.250101
2.135503
2.657894
2.656206
2.656018
2.656394
2.655456
2.656206
2.655643
2.651143
2.652643
2.656581
2.435887
1.97856
1.253851
1.498546
2.658643
2.655456
2.655269
2.655643
2.656018
2.655456
2.655643
2.654519
2.650956
2.650581
2.656581
2.658643
2.605767
2.252131
1.253663
1.252163
1.781304
2.656206
2.655456
2.655831
2.656206
2.656956
2.658643
2.659019
2.656581
2.653018
2.654706
2.659206
2.661456
2.352822
1.87337
1.254413
1.254038
1.307102
2.619455
2.656956
2.658081
2.658268
2.658643
2.657706
2.658268
2.658456
2.654894
2.654894
2.658456
2.660894
2.661831
2.612892
1.323978
1.252163
1.579361
2.656581
2.654331
2.655456
2.655831
2.656018
2.655456
2.651143
2.656206
2.658456
2.631268
2.344572
1.336728
1.250663
1.525547
2.645143
2.655456
2.655831
2.656018
2.656394
2.656769
2.655269
2.654706
2.651143
2.651331
2.656206
2.658831
2.63783
2.36951
1.253663
2.654331
2.655269
2.655643
2.655831
2.656018
2.656018
2.655081
2.653018
2.651893
2.655831
2.658643
2.658643
2.62883
2.336696
1.459357
1.253288
2.656206
2.655643
2.656018
2.656206
2.656769
2.655831
2.654706
2.652269
2.650956
2.654706
2.657894
2.656769
2.4492
1.567548
1.254601
1.325478
2.652456
2.654519
2.655269
2.656206
2.656956
2.656206
2.656018
2.655456
2.652831
2.652831
2.656018
2.658268
2.516889
2.041937
1.453544
1.253476
1.259851
2.620018
2.655456
2.655831
2.656581
2.656769
2.657706
2.657144
2.656018
2.651143
2.650768
2.654519
2.657706
2.650768
2.405886
1.657738
1.253101
1.258913
2.539952
2.659206
2.658643
2.658831
2.659019
2.659019
2.658081
2.658643
2.657331
2.654331
2.660144
2.661831
2.612705
1.840931
1.254226
1.253476
2.658831
2.657894
2.659394
2.659394
2.659769
2.658081
2.654894
2.653956
2.656206
2.660519
2.653206
2.386198
1.665988
1.252913
1.250663
2.215005
2.658643
2.658268
2.658456
2.658643
2.658831
2.659019
2.658831
2.654706
2.652456
2.656581
2.660331
2.661831
2.601267
1.916121
1.253663
1.252726
2.017561
2.656956
2.656581
2.657706
2.658268
2.658643
2.658831
2.658456
2.654894
2.653018
2.656956
2.660144
2.661269
2.652081
2.12369
1.254601
1.253663
1.253663
2.011186
2.655831
2.655456
2.656018
2.656394
2.657144
2.656018
2.652831
2.650206
2.652456
2.629768
2.115252
1.253663
1.250476
2.124627
2.656769
2.655831
2.655831
2.655831
2.656394
2.656018
2.656581
2.654519
2.649831
2.652456
2.657331
2.659206
2.62283
2.167379
1.254226
1.252913
1.952122
2.655643
2.656206
2.655456
2.653956
2.653956
2.650768
2.651518
2.656394
2.659019
2.595829
2.165316
1.254788
1.253663
1.836994
2.655831
2.655456
2.655643
2.656018
2.655831
2.651893
2.650018
2.651143
2.654331
2.658643
2.648518
2.438324
1.252538
1.251413
1.884807
2.654331
2.655643
2.655456
2.656394
2.656206
2.655831
2.656394
2.655456
2.649831
2.651518
2.657144
2.659019
2.576704
2.175816
1.253288
1.253101
1.953435
2.656018
2.654519
2.656206
2.656394
2.656956
2.656581
2.655831
2.655456
2.651893
2.654144
2.656769
2.658643
2.62958
2.385448
1.255351
1.251413
1.311228
2.641393
2.654894
2.655081
2.655643
2.655643
2.656394
2.655269
2.655081
2.650956
2.659019
2.660894
2.661456
2.631455
1.343666
1.254038
1.858744
2.658268
2.656581
2.657894
2.658831
2.657894
2.654519
2.654331
2.658643
2.658643
2.660894
2.656018
2.471138
1.358667
1.251788
1.357166
2.656206
2.658456
2.658456
2.658643
2.659019
2.659956
2.658456
2.656581
2.652081
2.653956
2.658456
2.661831
2.366885
1.779242
1.288727
1.252913
1.327353
2.641581
2.657894
2.658268
2.658643
2.659206
2.659019
2.657519
2.657519
2.653769
2.654331
2.657706
2.659956
2.661081
2.662394
1.674239
1.254601
1.282352
2.657894
2.656581
2.657706
2.657894
2.658268
2.659206
2.656956
2.655081
2.649081
2.650956
2.654894
2.657706
2.659019
1.252163
2.642706
2.656581
2.655081
2.655831
2.656581
2.655456
2.655456
2.654894
2.652643
2.652269
2.655456
2.658081
2.659394
2.582704
1.71774
1.253851
1.251976
2.465138
2.654706
2.654706
2.655081
2.656018
2.656018
2.651706
2.650581
2.653956
2.657331
2.659019
2.523639
1.745678
1.255538
1.256851
2.617392
2.654144
2.654706
2.655269
2.655643
2.654519
2.650018
2.650956
2.653581
2.657706
2.659019
2.602579
1.822368
1.252351
1.254038
2.437387
2.654331
2.655269
2.655643
2.656206
2.656769
2.656581
2.656394
2.653956
2.651706
2.654331
2.658081
2.659394
2.586266
1.824056
1.253101
1.251976
2.11619
2.654144
2.654706
2.655269
2.656018
2.656769
2.656956
2.656206
2.653769
2.651518
2.653581
2.657331
2.659394
2.621705
1.924559
1.252538
1.251413
1.908621
2.655081
2.655269
2.656018
2.656206
2.655269
2.657706
2.654894
2.652643
2.656581
2.660144
2.661456
2.651518
2.110752
1.254976
1.253663
2.026374
2.659769
2.657519
2.657519
2.658081
2.658456
2.657894
2.656581
2.655643
2.661456
2.649456
2.209192
1.253663
1.251601
2.112439
2.112439
2.656769
2.657894
2.657706
2.658268
2.659206
2.660331
2.657519
2.654706
2.652269
2.655456
2.659581
2.662206
2.448262
1.935059
1.255351
1.252726
1.983811
2.659206
2.658268
2.658456
2.658456
2.658831
2.659769
2.658456
2.655269
2.652643
2.655269
2.659769
2.661456
2.617392
2.189879
1.254788
1.254413
1.975373
2.658081
2.657144
2.657519
2.658643
2.659206
2.659956
2.658081
2.656394
2.653581
2.656206
2.658081
2.658643
2.626018
2.338196
1.252538
1.251976
1.89887
2.653956
2.656206
2.657331
2.656394
2.654706
2.650206
2.653018
2.657144
2.658268
2.658081
2.498701
1.253476
1.254226
1.651363
2.658643
2.655456
2.654706
2.655269
2.656394
2.656769
2.655643
2.653769
2.649831
2.651143
2.258319
1.253663
1.251038
1.768554
2.657519
2.655081
2.655456
2.655831
2.656394
2.656394
2.656769
2.656206
2.655831
2.652269
2.651893
2.656018
2.658456
2.643831
2.44845
1.296414
1.251976
1.518609
2.658831
2.656018
2.656394
2.658456
2.659206
2.659394
2.659206
2.657706
2.652643
2.653769
2.659019
2.661269
2.662019
2.548203
1.39523
1.253476
1.446419
2.660706
2.657144
2.658081
2.658456
2.658643
2.658456
2.657706
2.658081
2.655269
2.656206
2.658456
2.660331
2.660331
2.659394
1.543922
1.251788
1.339353
2.644018
2.654706
2.654706
2.655456
2.655643
2.651143
2.648706
2.655081
2.657519
2.658831
2.659581
1.641988
1.251976
1.507546
2.660331
2.656394
2.655456
2.656018
2.655831
2.656769
2.656769
2.655643
2.650018
2.650956
2.655456
2.658268
1.254976
1.301477
2.646081
2.655456
2.654706
2.655269
2.656018
2.656581
2.655643
2.654144
2.652643
2.653018
2.655269
2.657706
2.658831
2.659769
1.837556
2.645331
2.655081
2.655456
2.656206
2.656581
2.655831
2.656769
2.656018
2.656018
2.651518
2.651143
2.654331
2.658081
2.659769
2.499076
1.722428
1.255163
1.253663
2.577266
2.654331
2.655081
2.655831
2.656394
2.656769
2.656769
2.654894
2.650956
2.649831
2.654331
2.657519
2.659019
2.659581
1.953435
1.253663
1.252351
2.427824
2.656394
2.655081
2.655269
2.656018
2.655456
2.654331
2.652081
2.649643
2.654331
2.657331
2.658643
2.659581
2.035937
1.254413
1.250101
2.61008
2.655643
2.655456
2.655456
2.655831
2.656018
2.655081
2.655269
2.653581
2.651143
2.654706
2.657894
2.659394
2.63183
2.654331
2.653956
2.654706
2.655081
2.655456
2.655081
2.655456
2.651706
2.651706
2.652643
2.657331
2.658268
2.659394
2.180317
1.253851
1.251976
2.343634
2.657706
2.656018
2.655456
2.656018
2.656394
2.655081
2.654706
2.653018
2.650206
2.653394
2.657519
2.659019
2.590204
2.022999
1.253851
1.252163
2.290195
2.656206
2.655081
2.655081
2.656206
2.656394
2.656769
2.656394
2.655643
2.654706
2.651331
2.653394
2.658643
2.545765
2.017374
1.252538
1.251601
2.05225
2.658081
2.655269
2.656206
2.656769
2.656769
2.657144
2.659019
2.656956
2.653769
2.654331
2.659394
2.661831
2.652831
2.361447
1.251413
1.250101
2.091626
2.659581
2.657706
2.659019
2.658831
2.659394
2.659956
2.659206
2.656018
2.653581
2.655831
2.659581
2.662019
2.491576
2.046062
1.252726
2.019437
2.659019
2.659206
2.659206
2.659581
2.659206
2.656206
2.653581
2.654894
2.659769
2.661456
2.532077
2.144503
1.253663
1.251226
1.931684
2.659956
2.657894
2.658081
2.658268
2.659206
2.659956
2.659956
2.658456
2.657519
2.652643
2.654144
2.658831
2.661456
2.588892
2.228506
1.253476
1.250851
1.594174
2.660144
2.657894
2.658456
2.658643
2.659206
2.658456
2.658268
2.657331
2.654519
2.654894
2.658643
2.661456
2.641581
2.36576
1.294165
1.251788
1.533609
2.650956
2.657331
2.655643
2.656018
2.656394
2.656769
2.654331
2.649268
2.650956
2.659394
2.515764
1.385855
1.251788
1.676489
2.652456
2.656581
2.655643
2.656018
2.656206
2.656581
2.656769
2.654894
2.649831
2.651143
2.655643
2.658456
2.647393
2.381323
1.416043
1.252726
1.547485
2.655831
2.656394
2.656581
2.656394
2.655643
2.650956
2.651893
2.656018
2.658456
2.659394
2.571828
1.54561
1.251788
1.428981
2.656581
2.654894
2.655081
2.655831
2.656018
2.656394
2.656394
2.655643
2.650581
2.649081
2.655269
2.661269
2.632018
2.238068
1.475857
1.252913
1.451107
2.653018
2.659206
2.658643
2.659394
2.659769
2.659394
2.658831
2.658456
2.654144
2.654894
2.657894
2.660894
2.651331
2.476013
1.685864
1.251601
1.318353
2.61833
2.657894
2.657706
2.657706
2.656394
2.656018
2.655456
2.654706
2.651518
2.651893
2.654331
2.658831
1.252913
1.263039
2.646268
2.655081
2.655081
2.655269
2.655831
2.656394
2.656206
2.656018
2.650393
2.652643
2.654519
2.657706
2.659019
2.644768
1.892308
1.252726
1.282164
2.60633
2.658081
2.655831
2.655831
2.655456
2.652081
2.649643
2.654706
2.657706
2.659206
2.659956
1.983436
1.254038
1.254038
1.250101
2.431012
2.654519
2.655081
2.655269
2.655831
2.654894
2.652831
2.649456
2.653581
2.657519
2.658643
2.61008
1.923059
1.253288
1.253101
2.386198
2.656206
2.656018
2.655831
2.656581
2.656581
2.656769
2.655081
2.651518
2.650956
2.653956
2.657894
2.659581
2.497389
1.849181
1.251601
1.250101
2.170004
2.656206
2.656206
2.656018
2.656206
2.656394
2.655831
2.656581
2.653956
2.652456
2.654519
2.657331
2.658643
2.659769
2.27932
1.251788
1.249913
2.335196
2.656206
2.655269
2.656018
2.656206
2.656769
2.658081
2.659019
2.656581
2.653769
2.655269
2.659769
2.661456
2.550453
2.026937
1.254413
1.253288
1.844119
2.658456
2.658268
2.658456
2.658831
2.659206
2.652081
2.656206
2.660331
2.661456
2.637268
2.299383
1.254038
1.252163
2.015499
2.661269
2.658456
2.658081
2.658456
2.658831
2.657144
2.658831
2.658081
2.654144
2.654894
2.659394
2.661644
2.613642
2.21463
1.252726
1.251976
1.992811
2.659206
2.657894
2.658456
2.659019
2.659019
2.659769
2.658643
2.658268
2.654331
2.654331
2.659581
2.661269
2.662019
2.602767
1.251976
1.253101
1.408731
2.660706
2.658268
2.657519
2.657894
2.658643
2.659019
2.657894
2.655831
2.650956
2.652269
2.656206
2.659019
2.634268
1.256663
1.253101
1.617987
2.651893
2.655269
2.655269
2.656206
2.655831
2.654144
2.650768
2.651518
2.656018
2.659019
2.650018
2.451637
1.307852
1.251226
1.729365
2.658456
2.656206
2.656018
2.656394
2.657144
2.657894
2.657144
2.655831
2.658831
2.590579
2.206755
1.326603
1.253101
1.63955
2.657519
2.655456
2.655831
2.656206
2.656581
2.656581
2.656956
2.656769
2.655269
2.649643
2.650956
2.655831
2.658081
2.659394
2.572204
1.485608
1.253101
1.478483
2.657706
2.655081
2.655269
2.655643
2.656769
2.658831
2.658643
2.658268
2.653581
2.654331
2.658268
2.661456
2.662206
2.518577
1.533797
1.251413
1.402355
2.656769
2.658831
2.658081
2.659206
2.659206
2.658456
2.658643
2.659206
2.656394
2.654706
2.656206
2.657894
2.659206
2.655643
1.718865
1.253476
2.597704
2.654331
2.655456
2.655643
2.655831
2.655269
2.652456
2.650581
2.653956
2.657894
2.659394
2.627892
1.765741
1.254226
1.252538
2.443762
2.656018
2.655081
2.655269
2.656018
2.655831
2.655643
2.655456
2.650768
2.650581
2.61908
1.836994
1.254788
1.284414
2.650581
2.655831
2.655269
2.655643
2.656206
2.655831
2.654519
2.655269
2.653581
2.653206
2.655081
2.656769
2.658643
2.659394
1.257413
2.560016
2.655269
2.655456
2.656018
2.656769
2.657144
2.657144
2.656018
2.651706
2.650581
2.654331
2.657894
2.659581
2.563016
1.830618
1.253288
1.249726
1.906933
2.656206
2.655269
2.655643
2.655643
2.655831
2.656581
2.655831
2.653769
2.652269
2.653581
2.657331
2.659581
2.621143
1.974248
1.254976
1.251976
2.173191
2.656206
2.654894
2.655081
2.655456
2.655456
2.654706
2.655269
2.653581
2.651331
2.653018
2.657144
2.659019
2.649643
2.12519
1.253288
2.325071
2.657894
2.657706
2.658643
2.659206
2.659394
2.659206
2.659206
2.657331
2.653394
2.654894
2.659206
2.662206
1.254976
1.932246
2.658831
2.657331
2.657331
2.657331
2.657706
2.658081
2.658081
2.658268
2.655643
2.651893
2.655081
2.659019
2.661081
2.662019
2.378697
1.253476
1.251413
2.013624
2.658268
2.658268
2.658081
2.658456
2.659019
2.659581
2.658643
2.656018
2.651331
2.655456
2.659956
2.661644
2.645893
2.327321
1.252913
1.251976
1.536984
2.661081
2.658268
2.658081
2.658643
2.658831
2.659206
2.657706
2.656018
2.653581
2.656581
2.659394
2.661081
2.661644
2.612705
1.252913
1.252351
1.927746
2.655269
2.654894
2.654706
2.654894
2.655643
2.651143
2.650956
2.656206
2.658456
2.659581
2.562453
1.251788
1.251226
1.991123
2.659019
2.655643
2.655456
2.656206
2.656018
2.656206
2.656018
2.655269
2.650768
2.650768
2.656394
2.658456
2.659769
2.517077
2.657706
2.655456
2.655456
2.656018
2.656394
2.655831
2.654706
2.654706
2.655081
2.651706
2.653206
2.656581
2.658268
2.659769
2.629018
1.351916
1.250476
2.655456
2.655456
2.656018
2.656581
2.656206
2.656206
2.654144
2.650393
2.651518
2.656018
2.658643
2.596204
2.21988
1.337478
1.252163
1.493671
2.657706
2.656018
2.656206
2.656581
2.656581
2.656206
2.655643
2.656018
2.651893
2.653018
2.656206
2.658643
2.659581
2.60858
1.47942
1.251038
1.581986
2.657144
2.655643
2.655643
2.656018
2.656206
2.656581
2.655643
2.650956
2.651706
2.655269
2.658268
2.655643
2.485951
1.513734
1.252538
1.253851
2.331259
2.657144
2.655456
2.655831
2.655643
2.656018
2.655456
2.653394
2.650956
2.650581
2.654894
2.658456
2.659581
2.591704
1.659801
1.252726
2.656018
2.655831
2.656394
2.656018
2.655456
2.651518
2.649081
2.654519
2.658081
2.659394
2.601829
1.72374
1.254226
1.279727
2.643831
2.654144
2.655081
2.655831
2.656018
2.656394
2.656956
2.654894
2.650206
2.649831
2.654331
2.657894
2.659394
2.608017
1.800617
1.250476
1.250851
2.405511
2.656018
2.655456
2.655643
2.656394
2.656581
2.656581
2.656581
2.655269
2.652456
2.651518
2.654519
2.658268
2.659206
1.81168
1.253663
1.253663
2.380948
2.656956
2.655643
2.655643
2.655643
2.655831
2.656581
2.655643
2.654706
2.652269
2.655456
2.660144
2.662019
2.638581
1.949872
1.254788
1.251413
2.561328
2.657331
2.657706
2.657894
2.658456
2.659019
2.658831
2.659019
2.654144
2.654144
2.656769
2.660144
2.661644
2.632018
1.952684
1.254601
1.253288
2.14169
2.658081
2.659394
2.659206
2.658081
2.656018
2.655081
2.657706
2.659956
2.661081
2.661644
2.288695
1.251413
1.248788
2.432512
2.432512
2.657331
2.657519
2.658081
2.658456
2.659019
2.657706
2.657706
2.655456
2.653581
2.654894
2.659394
2.661456
2.650956
2.218943
1.252538
1.251226
1.939934
2.659581
2.658081
2.658081
2.658456
2.659019
2.659394
2.658643
2.656956
2.652643
2.655269
2.659769
2.661456
2.642331
2.250631
1.254788
1.252726
2.301445
2.658643
2.658456
2.656956
2.655643
2.656018
2.655643
2.654706
2.654519
2.652081
2.656394
2.659581
1.252163
1.250288
2.092564
2.656394
2.655831
2.655456
2.655643
2.656394
2.656394
2.656206
2.653769
2.650768
2.652456
2.656769
2.658456
2.659206
2.575954
1.253476
1.253476
1.807368
2.657144
2.654894
2.655456
2.655831
2.653581
2.650206
2.651143
2.656018
2.658643
2.659769
2.536952
1.253663
1.251226
1.503796
2.656018
2.655456
2.655831
2.655831
2.656206
2.656018
2.656581
2.655269
2.650581
2.648518
2.652643
2.655081
2.659206
2.545203
1.277851
1.250663
1.722053
2.660706
2.658081
2.658456
2.659206
2.659206
2.659206
2.659394
2.659019
2.655269
2.654706
2.659019
2.659019
2.661269
2.662394
2.586079
1.31779
1.253476
1.424856
2.659206
2.657144
2.657519
2.657331
2.656206
2.655456
2.654706
2.650018
2.650393
2.655456
2.657894
2.659581
1.253288
2.656769
2.654144
2.655081
2.655456
2.655456
2.655643
2.655831
2.655831
2.655456
2.651518
2.651893
2.656018
2.658268
2.659769
2.616455
1.494608
1.251601
2.659581
2.656206
2.655831
2.656394
2.656581
2.656018
2.652456
2.652643
2.655643
2.657706
2.658831
2.659769
1.662988
1.253851
1.518796
2.656769
2.654331
2.655456
2.655831
2.656206
2.656206
2.655643
2.651706
2.655269
2.658081
2.655456
2.458387
1.554985
1.251038
1.355291
2.588704
2.656206
2.655831
2.656018
2.656018
2.656769
2.657331
2.656206
2.656394
2.652269
2.651331
2.655643
2.658081
2.659394
2.602579
1.734241
1.254601
1.255351
2.457263
2.655643
2.654519
2.655643
2.656018
2.656581
2.656581
2.655269
2.651331
2.651331
2.654706
2.657894
2.575204
1.770804
1.249726
1.260038
2.591704
2.655643
2.655643
2.656206
2.656206
2.656769
2.656581
2.659206
2.655831
2.653206
2.656769
2.661081
2.660144
2.468325
1.716802
1.252726
1.252163
1.873557
2.659956
2.658456
2.658268
2.658456
2.659581
2.658643
2.654706
2.660144
2.661269
2.662394
2.029562
1.252538
1.251413
2.592267
2.657519
2.657894
2.658456
2.658831
2.658456
2.659206
2.659019
2.654519
2.652456
2.656018
2.660331
2.661831
2.649643
2.05
1.251788
1.251788
1.250663
2.190067
2.659581
2.657894
2.658456
2.658831
2.659206
2.658643
2.658456
2.655269
2.653769
2.656018
2.659394
2.661081
2.659019
2.123502
1.253476
1.250476
2.350384
2.659956
2.658081
2.658268
2.658268
2.658456
2.657894
2.658643
2.657331
2.652456
2.652269
2.656769
2.659019
2.658643
2.206942
1.250101
1.966185
2.655269
2.655456
2.656018
2.656581
2.655269
2.652831
2.651331
2.654144
2.656956
2.658081
2.658831
2.444137
1.253101
1.251226
2.304258
2.655643
2.655831
2.655831
2.656018
2.656956
2.656769
2.655831
2.652831
2.651331
2.659394
2.483326
1.253476
1.252163
2.114877
2.653581
2.654706
2.655081
2.656018
2.656581
2.656581
2.655831
2.654331
2.656956
2.659019
2.603892
2.248569
1.252163
1.251038
1.720927
2.655269
2.655269
2.655456
2.655643
2.656206
2.656206
2.656206
2.655456
2.654894
2.651893
2.651893
2.656394
2.658831
2.648518
2.416949
1.252163
1.253101
1.631675
2.658081
2.655456
2.655269
2.655456
2.655831
2.656018
2.655456
2.653769
2.650768
2.651893
2.656206
2.658643
2.659206
2.601642
1.261726
1.253101
1.633175
2.655269
2.654894
2.655269
2.655831
2.656206
2.655456
2.654894
2.650768
2.650956
2.655643
2.658268
2.659019
2.611955
1.32304
1.254038
1.531172
2.658456
2.656018
2.655081
2.655456
2.655643
2.656769
2.656018
2.654894
2.650393
2.651143
2.655456
1.253288
2.656018
2.653769
2.653769
2.655081
2.655456
2.655831
2.656394
2.656581
2.656394
2.648706
2.652831
2.655456
2.658268
2.659206
2.659769
1.536422
1.253663
1.267539
2.599204
2.656769
2.655269
2.655081
2.655456
2.656018
2.655643
2.655643
2.651143
2.650581
2.655081
2.657894
2.658643
2.659394
1.680239
1.251226
1.471357
2.658081
2.655456
2.655081
2.655643
2.656206
2.656206
2.656394
2.656206
2.655081
2.651143
2.654894
2.659206
2.603329
2.603329
1.666551
1.252913
1.340478
2.649643
2.655269
2.656206
2.656581
2.656581
2.656206
2.655269
2.652456
2.653206
2.655456
2.657706
2.658831
2.659581
1.872432
1.253288
1.298102
2.645331
2.656206
2.654706
2.654894
2.655081
2.655456
2.655081
2.655081
2.653018
2.652831
2.654894
2.657331
2.658831
2.659581
1.251226
2.654706
2.656018
2.656581
2.656581
2.655643
2.655269
2.654144
2.650018
2.653581
2.657519
2.658643
2.659581
1.915934
1.252913
1.253288
2.077939
2.658643
2.655643
2.655269
2.655456
2.656018
2.655831
2.654706
2.650581
2.650393
2.653581
2.657519
2.659019
2.650393
1.945372
1.252538
1.249351
2.632018
2.656394
2.655831
2.656018
2.656018
2.656018
2.656206
2.655831
2.654144
2.651331
2.654706
2.657331
2.659394
2.659206
2.032
1.253663
1.252163
2.097814
2.655456
2.655081
2.655269
2.657331
2.658643
2.658456
2.657331
2.655643
2.654331
2.656206
2.659206
2.660706
2.662019
2.267319
1.254788
1.251788
2.146753
2.658081
2.657144
2.657706
2.657894
2.658081
2.658081
2.658268
2.656581
2.653581
2.654331
2.659581
2.661269
2.661644
2.328634
1.253101
2.660331
2.656769
2.657894
2.658643
2.658831
2.656769
2.656394
2.653956
2.655456
2.659581
2.660894
2.662019
2.409261
1.253663
1.252351
1.949497
2.657519
2.657331
2.657706
2.658081
2.658456
2.658268
2.657331
2.656018
2.653206
2.654894
2.659206
2.661269
2.662394
2.506389
1.252726
1.251038
2.033499
2.656018
2.657894
2.658268
2.658456
2.658456
2.657706
2.659394
2.656018
2.652831
2.655269
2.659394
2.660894
2.662394
2.534515
1.253663
1.254413
1.702364
2.655643
2.654706
2.654894
2.655456
2.655643
2.655831
2.655081
2.652456
2.649456
2.652456
2.658456
2.657331
1.258913
1.248788
1.819931
2.658081
2.655643
2.655081
2.655269
2.655643
2.655269
2.655831
2.654331
2.651143
2.652081
2.655831
2.658456
2.659394
1.284414
1.252538
1.88762
2.655456
2.655456
2.655456
2.656581
2.655643
2.654331
2.650018
2.651331
2.655831
2.658081
2.659019
2.626205
1.327165
1.253476
1.662051
2.658268
2.654706
2.655269
2.655643
2.656206
2.656581
2.654144
2.653769
2.650581
2.651143
2.656206
2.658643
2.659581
2.619455
1.38323
1.253476
1.678176
2.662581
2.658643
2.657894
2.658081
2.658643
2.659206
2.659581
2.656769
2.653956
2.655269
2.657894
2.660706
2.661269
2.662019
1.556485
1.250288
1.614799
2.662394
2.657894
2.656206
2.656018
2.656206
2.656581
2.656956
2.650768
2.651893
2.655643
2.524577
1.529109
1.249538
1.508109
2.658081
2.655831
2.655643
2.656018
2.656206
2.656769
2.656581
2.654894
2.650206
2.651143
2.655643
2.658643
2.653956
2.443762
1.545047
1.253288
1.38548
2.657706
2.655831
2.655269
2.656394
2.656018
2.651331
2.651518
2.655643
2.658456
2.659956
2.485576
1.64105
1.250663
1.511671
2.657331
2.656956
2.655831
2.656018
2.656581
2.653769
2.652831
2.649268
2.652456
2.657706
2.659581
2.62658
1.809805
1.251413
1.29754
2.626393
2.655831
2.655643
2.655456
2.655456
2.656018
2.656769
2.656769
2.656769
2.652456
2.651893
2.653956
2.657706
2.659206
2.619267
1.845244
1.254788
1.253851
2.332009
2.657519
2.655081
2.654894
2.655456
2.656018
2.655643
2.654894
2.651331
2.651143
2.653769
2.658831
2.659956
2.010436
1.251976
1.288352
2.645893
2.656956
2.656018
2.655831
2.655643
2.656206
2.656581
2.656018
2.652643
2.653206
2.657144
2.659956
2.662019
2.662581
2.076626
1.254226
1.252163
2.325258
2.657331
2.657331
2.657894
2.658643
2.659206
2.658456
2.657144
2.659956
2.661456
2.662206
2.240318
1.251226
1.251601
2.476201
2.659581
2.658268
2.658456
2.659019
2.659394
2.658081
2.658643
2.656769
2.654331
2.655081
2.655081
2.659206
2.661081
2.662394
2.337259
1.251038
1.249726
2.497951
2.658081
2.658456
2.658643
2.659206
2.659581
2.658643
2.659394
2.656769
2.652456
2.655456
2.659956
2.662206
2.559453
2.012499
1.253288
1.251038
2.249881
2.658081
2.657706
2.658456
2.659019
2.659581
2.658831
2.656394
2.654144
2.652081
2.654144
2.657331
2.659206
2.458012
1.253476
1.977998
2.654706
2.653769
2.655643
2.656018
2.656769
2.655831
2.654331
2.651143
2.652081
2.656206
2.658268
2.659769
2.577266
1.252913
1.251788
1.989436
2.654894
2.655643
2.656206
2.656206
2.656581
2.656769
2.656206
2.652081
2.659019
2.587391
2.209942
1.251413
1.252163
1.534734
2.647768
2.655643
2.654894
2.655269
2.656018
2.656581
2.655643
2.654519
2.656018
2.658456
2.659394
2.580641
1.260976
1.252351
1.982123
2.658456
2.656018
2.655643
2.655831
2.656206
2.656581
2.656018
2.656018
2.655456
2.651331
2.650393
2.656581
2.659206
2.631268
2.389573
1.274476
1.253288
1.717927
2.657519
2.654894
2.655269
2.655643
2.656206
2.656206
2.656206
2.655456
2.651331
2.652269
2.656018
2.658081
2.659394
2.660144
1.253663
1.624549
1.624549
2.657144
2.654706
2.655081
2.655643
2.655456
2.654144
2.655081
2.651893
2.653956
2.658456
2.661269
2.662206
2.61908
1.468545
1.253476
1.482045
2.658081
2.657706
2.657894
2.658643
2.658831
2.658831
2.658456
2.658456
2.655081
2.657706
2.659956
1.671801
1.251788
1.29904
2.659581
2.656581
2.657894
2.658081
2.658831
2.659581
2.658081
2.657331
2.653769
2.654144
2.658268
2.660519
2.661269
2.662394
1.72449
1.72449
1.254788
1.262289
2.611017
2.658643
2.657706
2.657894
2.658081
2.657706
2.657519
2.657894
2.655269
2.653956
2.657144
2.660519
2.662206
2.623393
1.754866
1.253476
1.281789
2.617205
2.658456
2.658081
2.658268
2.658831
2.658831
2.658268
2.658456
2.654331
2.654144
2.656769
2.658268
2.659019
2.620205
1.252163
1.332416
2.656394
2.655643
2.656206
2.654894
2.654144
2.653206
2.650393
2.648893
2.657144
2.658643
2.659769
1.922496
1.254976
1.254788
2.627892
2.655081
2.655456
2.656018
2.656018
2.655831
2.655831
2.655831
2.654144
2.652081
2.654706
2.657331
2.659019
1.252163
2.62808
2.657144
2.657144
2.655456
2.655831
2.656394
2.656394
2.655643
2.656206
2.652269
2.650956
2.654519
2.657519
2.659019
2.660331
2.024124
1.254976
1.253288
2.104002
2.653769
2.655081
2.654706
2.655456
2.656018
2.655831
2.655456
2.652831
2.653956
2.656394
2.660706
2.661831
2.638581
2.038562
1.252913
1.250663
2.327508
2.659394
2.658081
2.658456
2.659019
2.658831
2.659206
2.658081
2.654894
2.653018
2.655831
2.660331
2.661081
2.627705
2.092564
1.254038
1.251788
2.106627
2.655081
2.655269
2.655269
2.655456
2.653206
2.648893
2.652643
2.656769
2.658643
2.659394
2.350759
1.252913
1.251601
2.30032
2.655831
2.655269
2.656018
2.656394
2.656769
2.656394
2.655831
2.653206
2.650768
2.653018
2.657331
2.659206
2.649268
2.344009
1.251788
2.656018
2.655269
2.655643
2.656206
2.656394
2.655831
2.654144
2.651331
2.652456
2.656769
2.658268
2.659206
2.581391
1.252351
1.250663
2.237131
2.656018
2.655643
2.655831
2.655643
2.656581
2.656769
2.656206
2.653769
2.652643
2.656018
2.659769
2.661081
2.660706
2.485013
2.485013
1.253288
1.252351
2.029749
2.658831
2.657894
2.658456
2.658643
2.659019
2.659394
2.659206
2.657706
2.652831
2.654894
2.659581
2.660894
2.661644
1.260601
1.252913
1.676864
2.657894
2.655456
2.655081
2.655456
2.655081
2.655456
2.651331
2.650956
2.657331
2.658268
2.607455
1.306915
1.252726
1.624925
2.658081
2.656206
2.655081
2.655831
2.656206
2.656769
2.655831
2.654706
2.649268
2.651518
2.656018
2.658456
2.659394
2.659956
1.449982
1.250101
1.300915
2.637268
2.655831
2.655456
2.655831
2.654894
2.651706
2.651706
2.652643
2.656581
2.658831
2.659394
2.605017
1.437231
2.656206
2.654894
2.655643
2.655831
2.656581
2.657331
2.657144
2.655643
2.651518
2.650956
2.655643
2.658643
2.650768
2.401948
1.453919
1.252726
1.436106
2.655456
2.656206
2.656018
2.656206
2.656769
2.656769
2.657519
2.656581
2.655269
2.650956
2.650956
2.655643
2.658456
2.659019
2.660144
1.687927
1.253851
1.261163
2.62358
2.656018
2.655269
2.655643
2.655643
2.656581
2.654706
2.651893
2.651518
2.655081
2.657894
2.659769
1.803243
1.251976
1.29454
2.657519
2.655831
2.655456
2.655643
2.656018
2.656018
2.656581
2.656206
2.654144
2.652269
2.655456
2.657706
2.659019
2.659769
1.908621
1.251413
1.253851
2.61758
2.654894
2.654894
2.655643
2.652081
2.651518
2.654519
2.658268
2.659394
2.651893
1.881432
1.253476
1.253101
1.253101
2.626205
2.655456
2.655643
2.656018
2.656018
2.656206
2.656206
2.656018
2.653206
2.651143
2.653956
2.658268
2.659581
2.576516
1.826493
1.255163
1.251976
2.401948
2.654706
2.655269
2.655081
2.655456
2.656581
2.656769
2.656018
2.650768
2.653956
2.653956
2.657331
2.658831
2.659769
2.032187
1.252726
1.251788
2.358822
2.656394
2.655456
2.656206
2.656394
2.656206
2.656581
2.655456
2.653581
2.656581
2.659956
2.661269
2.662206
2.164191
1.254413
1.253288
2.373073
2.657144
2.658456
2.658831
2.659019
2.659019
2.657706
2.658831
2.657331
2.655456
2.657894
2.660144
2.662206
2.662581
2.181067
1.252538
1.253663
1.89287
2.658643
2.657706
2.657894
2.658268
2.658643
2.658081
2.653769
2.659394
2.660706
2.660706
2.661831
2.400823
1.254601
1.253101
1.966935
2.658081
2.657144
2.657331
2.657894
2.658268
2.659581
2.658268
2.656581
2.653956
2.655456
2.659394
2.661644
2.662394
2.373822
1.252163
1.251601
2.086189
2.657331
2.658643
2.658456
2.659019
2.659394
2.658831
2.656956
2.657331
2.655643
2.656206
2.659581
2.660706
2.662394
2.465888
1.253851
1.253476
1.88537
2.658456
2.657331
2.657519
2.656394
2.656018
2.656018
2.655081
2.654706
2.650956
2.651518
2.656394
2.499451
1.254788
1.253288
2.065751
2.655456
2.655269
2.655831
2.656206
2.656581
2.655831
2.654894
2.655081
2.652081
2.653956
2.656581
2.658643
2.659206
2.647581
1.275039
1.249538
1.898683
2.655643
2.655081
2.656018
2.656206
2.656769
2.656769
2.650956
2.656394
2.659019
2.629768
2.339321
1.262476
1.252163
1.828368
2.659019
2.656206
2.655831
2.656018
2.656581
2.657144
2.656018
2.654519
2.651706
2.651518
2.656018
2.658456
2.644393
2.429137
1.31179
1.253101
1.760491
2.660331
2.658081
2.657894
2.659019
2.659394
2.658268
2.659019
2.658831
2.654519
2.655456
2.658643
2.661456
2.662394
2.540703
1.400293
1.251788
1.642925
2.661831
2.657894
2.658643
2.658831
2.659019
2.658268
2.656769
2.655831
2.652081
2.652831
2.658456
2.651706
1.445669
1.620237
2.657706
2.656581
2.655831
2.656581
2.656018
2.656581
2.656769
2.656769
2.652081
2.650581
2.655456
2.658081
2.659769
2.608955
1.624549
1.251788
1.355854
2.646456
2.656206
2.655643
2.656018
2.656581
2.656206
2.657144
2.656581
2.652456
2.652269
2.565641
1.643863
1.250851
1.393917
2.657894
2.656018
2.655643
2.655831
2.656394
2.656394
2.656769
2.652269
2.653581
2.656581
2.639331
2.355634
2.355634
1.589486
1.253476
1.252351
2.416011
2.653956
2.655081
2.655456
2.656018
2.656769
2.656206
2.656206
2.651331
2.651143
2.655081
2.658268
2.633143
2.30407
1.607862
1.252538
1.284227
2.614205
2.655269
2.656018
2.656206
2.657144
2.656956
2.656581
2.656206
2.651143
2.650206
2.654894
2.658456
2.658081
2.459512
1.717552
1.252351
1.255726
2.627143
2.655269
2.655831
2.656018
2.656581
2.656956
2.656769
2.655831
2.652643
2.650768
2.653956
2.658643
2.657706
2.420887
1.71999
1.252351
1.253101
2.332384
2.660331
2.658268
2.658831
2.659206
2.659581
2.658456
2.654894
2.653581
2.656394
2.660331
2.662019
1.254413
1.252726
2.104189
2.656018
2.657144
2.657894
2.658643
2.658831
2.658831
2.657519
2.655456
2.653581
2.655831
2.659581
2.661456
2.656394
2.141503
1.251413
1.249913
2.269007
2.658456
2.657894
2.658643
2.659206
2.659019
2.658081
2.657519
2.655081
2.654331
2.656581
2.659769
2.662394
2.618705
2.092564
1.253476
1.251976
2.19738
2.658831
2.658268
2.658456
2.658831
2.659206
2.659581
2.658643
2.656769
2.652456
2.651893
2.657144
2.659019
2.657331
2.28682
1.252538
2.122565
2.656394
2.654894
2.655456
2.656769
2.656018
2.652831
2.651143
2.652081
2.656956
2.658831
2.61833
2.240506
1.252726
1.252726
1.590611
2.654144
2.655643
2.655643
2.655831
2.656018
2.655831
2.654706
2.654331
2.651893
2.653018
2.656769
2.659019
2.659581
2.477701
1.251601
2.655269
2.655643
2.656206
2.656394
2.656206
2.655831
2.654331
2.650393
2.652831
2.656956
2.659019
2.639143
2.410761
1.252913
1.251413
1.918559
2.656956
2.655081
2.655456
2.656394
2.656581
2.658643
2.659394
2.656206
2.652643
2.654706
2.659769
2.661456
2.651143
2.459512
1.257976
1.257976
1.252351
1.781492
2.660519
2.657331
2.658456
2.659019
2.659206
2.659394
2.659019
2.656581
2.652269
2.654331
2.660144
2.657519
2.501326
1.292102
1.251601
1.908808
2.657706
2.656206
2.656394
2.656206
2.656581
2.656394
2.656394
2.655643
2.650206
2.650018
2.656018
2.658643
2.652831
2.439825
1.368979
1.252538
2.655831
2.656018
2.656206
2.654706
2.656394
2.657144
2.655831
2.651706
2.652081
2.656769
2.658456
2.645518
2.420699
1.251788
1.661863
2.660144
