4031.0
0.9197156
0.9215906
0.9202781
0.9214031
0.9219657
0.9219657
0.9214031
0.9208405
0.9204656
0.9210281
0.9200906
0.9227157
0.9227157
0.9206532
0.9219657
0.9199031
0.9204656
0.9210281
0.9225282
0.9221531
0.9221531
0.9217781
0.9199031
0.9215906
0.9215906
0.9200906
0.9210281
0.9210281
0.9202781
0.9199031
0.9197156
0.9204656
0.9212156
0.9212156
0.9204656
0.9204656
0.9214031
0.9197156
0.9215906
0.9212156
0.9204656
0.9215906
0.9215906
0.9202781
0.9217781
0.9202781
0.9206532
0.9202781
0.9206532
0.9229032
0.9229032
0.9214031
0.9199031
0.9214031
0.9223406
0.9219657
0.9225282
0.9208405
0.9208405
0.9202781
0.9199031
0.9212156
0.9215906
0.9210281
0.9215906
0.9215906
0.9212156
0.9212156
0.9191531
0.9227157
0.9212156
0.9215906
0.9212156
0.9210281
0.9215906
0.9215906
0.9223406
0.9227157
0.9221531
0.9204656
0.9212156
0.9212156
0.9212156
0.9199031
0.9200906
0.9221531
0.9210281
0.9200906
0.9214031
0.9214031
0.9208405
0.9208405
0.9210281
0.9221531
0.9202781
0.9202781
0.9206532
0.9219657
0.9199031
0.9202781
0.9219657
0.9215906
0.9215906
0.9208405
0.9212156
0.9210281
0.9214031
0.9225282
0.9217781
0.9217781
0.9217781
0.9206532
0.9214031
0.9217781
0.9223406
0.9217781
0.9217781
0.9208405
0.9197156
0.9217781
0.9215906
0.9223406
0.9223406
0.9206532
0.9221531
0.9214031
0.9210281
0.9217781
0.9206532
0.9206532
0.9217781
0.9221531
0.9227157
0.9223406
0.9221531
0.9221531
0.9221531
0.9238407
0.9247782
0.9253407
0.9240282
0.9244032
0.9244032
0.9255283
0.9247782
0.9272158
0.9287158
0.9287158
0.9283408
0.9275908
0.9309659
0.9309659
0.9309659
0.9324659
0.9349035
0.9377161
0.9401537
0.9401537
0.9377161
0.9420288
0.9439038
0.9435288
0.9493415
0.9493415
0.9484039
0.9519665
0.9559042
0.9566542
0.9566542
0.9622794
0.9613419
0.9611544
0.9697796
0.9716547
0.9716547
0.9729671
0.9785923
0.97953
0.9877802
0.9877802
0.9892802
0.9928428
0.9962179
0.9962179
1.005593
1.005593
1.006156
1.005593
1.013093
1.015344
1.015344
1.017594
1.023969
1.023031
1.024719
1.024719
1.031844
1.031094
1.032032
1.039344
1.039344
1.040282
1.038782
1.041407
1.040844
1.040844
1.039907
1.035969
1.026969
1.026969
1.018906
1.018906
0.9958428
1.002218
0.9870301
1.022469
0.9943429
0.9943429
1.037844
0.9868425
1.048344
1.046469
1.069158
1.069158
1.036157
1.071595
1.039907
1.087158
1.05472
1.05472
1.074408
1.063908
1.07497
1.081345
1.073845
1.073845
1.100284
1.057157
1.102346
1.085096
1.096159
1.096159
1.091096
1.090158
1.095783
1.085471
1.111534
1.111534
1.075908
1.124659
1.091283
1.113784
1.101596
1.101596
1.102346
1.100471
1.100096
1.118284
1.084721
1.084721
1.128222
1.089408
1.117347
1.099534
1.101971
1.101971
1.101971
1.101409
1.117347
1.098034
1.098034
1.125784
1.088096
1.114909
1.100659
1.104221
1.104221
1.101596
1.101034
1.116972
1.089783
1.125034
1.125034
1.085283
1.121847
1.098596
1.103659
1.101034
1.101034
1.101409
1.115847
1.081533
1.112284
1.074783
1.074783
1.110784
1.086596
1.093533
1.089596
1.086221
1.086221
1.090721
1.06447
1.101034
1.065595
1.091658
1.091658
1.066533
1.066533
1.062032
1.085096
1.045344
1.089033
1.044594
1.044594
1.054532
1.049657
1.051345
1.048344
1.034282
1.034282
1.034282
1.035219
1.033532
1.003343
0.9932178
0.9932178
0.9889051
0.9971554
0.9699671
0.9789674
0.9909677
0.9574042
0.9574042
0.9619043
0.9710921
0.9731547
0.9463414
0.9564667
0.9564667
0.9647169
0.9905928
1.030719
1.031844
1.023406
1.023781
1.023781
1.023594
1.016844
1.015156
1.013656
1.005031
1.005031
1.006156
1.007093
0.9990305
0.9949054
0.9949054
0.9949054
0.9892802
0.9887177
0.98178
0.9791549
0.9767173
0.9692171
0.9692171
0.9703421
0.966967
0.9615294
0.9619043
0.9617168
0.9553417
0.9553417
0.9540292
0.951404
0.9484039
0.9478415
0.9409037
0.9416537
0.9416537
0.9420288
0.9386537
0.9373411
0.932091
0.9337786
0.9337786
0.9334035
0.9300283
0.9304033
0.9298409
0.9279658
0.9268408
0.9268408
0.9253407
0.9259032
0.9251533
0.9257157
0.9232782
0.9238407
0.9238407
0.9240282
0.9223406
0.9227157
0.9221531
0.9212156
0.9234656
0.9234656
0.9215906
0.9217781
0.9219657
0.9215906
0.9229032
0.9229032
0.9225282
0.9217781
0.9202781
0.9208405
0.9214031
0.9215906
0.9215906
0.9232782
0.9219657
0.9208405
0.9197156
0.9200906
0.9210281
0.9210281
0.9214031
0.9208405
0.9215906
0.9202781
0.9206532
0.9206532
0.9210281
0.9204656
0.9215906
0.9217781
0.9212156
0.9217781
0.9217781
0.9219657
0.9208405
0.9210281
0.9225282
0.9219657
0.9215906
0.9215906
0.9200906
0.9210281
0.9206532
0.9210281
0.9206532
0.9206532
0.9193405
0.9221531
0.9200906
0.9212156
0.9214031
0.9204656
0.9214031
0.9214031
0.9215906
0.9208405
0.9214031
0.9208405
0.9217781
0.9217781
0.9217781
0.9212156
0.9210281
0.9197156
0.9208405
0.9229032
0.9210281
0.9210281
0.9200906
0.9199031
0.9210281
0.9215906
0.9202781
0.9230907
0.9225282
0.9225282
0.9212156
0.9206532
0.9221531
0.9206532
0.9210281
0.9210281
0.9210281
0.9214031
0.9200906
0.9208405
0.9215906
0.9206532
0.9215906
0.9208405
0.9208405
0.9212156
0.9197156
0.9215906
0.9202781
0.9206532
0.9214031
0.9214031
0.9219657
0.9204656
0.9202781
0.9214031
0.9204656
0.9215906
0.9229032
0.9229032
0.9215906
0.9197156
0.9221531
0.9204656
0.9215906
0.9221531
0.9221531
0.9208405
0.9212156
0.9202781
0.9215906
0.9208405
0.9210281
0.9217781
0.9217781
0.9214031
0.9208405
0.9204656
0.9212156
0.9204656
0.9206532
0.9206532
0.9208405
0.9212156
0.9212156
0.9208405
0.9210281
0.9217781
0.9217781
0.9215906
0.9202781
0.9214031
0.9225282
0.9208405
0.9214031
0.9210281
0.9193405
0.9202781
0.9202781
0.9212156
0.9202781
0.9217781
0.9210281
0.9212156
0.9206532
0.9202781
0.9202781
0.9202781
0.9212156
0.9215906
0.9208405
0.9217781
0.9214031
0.9214031
0.9214031
0.9215906
0.9219657
0.9215906
0.9204656
0.9214031
0.9214031
0.9210281
0.9204656
0.9230907
0.9219657
0.9214031
0.9193405
0.9219657
0.9219657
0.9200906
0.9206532
0.9219657
0.9217781
0.9210281
0.9197156
0.9197156
0.9212156
0.9200906
0.9206532
0.9219657
0.9204656
0.9206532
0.9206532
0.9223406
0.9212156
0.9199031
0.9232782
0.9219657
0.9219657
0.9214031
0.9204656
0.9212156
0.9215906
0.9199031
0.9219657
0.9219657
0.9204656
0.9214031
0.9210281
0.9212156
0.9215906
0.9202781
0.9202781
0.9215906
0.9219657
0.9202781
0.9219657
0.9204656
0.9214031
0.9214031
0.9219657
0.9215906
0.9204656
0.9215906
0.9217781
0.9217781
0.9219657
0.9232782
0.9221531
0.9215906
0.9221531
0.9219657
0.9219657
0.9230907
0.9244032
0.9219657
0.9225282
0.9242157
0.9247782
0.9247782
0.9247782
0.9264658
0.9259032
0.9272158
0.9272158
0.9279658
0.9270283
0.9287158
0.9307784
0.9307784
0.931716
0.9328409
0.934716
0.9362161
0.9362161
0.9392162
0.9384662
0.9412787
0.9425913
0.9444663
0.9444663
0.949529
0.9478415
0.9540292
0.9551542
0.9551542
0.9575917
0.9613419
0.9611544
0.9617168
0.9701546
0.9701546
0.9712797
0.9748423
0.9789674
0.97953
0.97953
0.9870301
0.9853426
0.9935928
0.9960304
0.9980929
0.9980929
1.006531
1.006531
1.006343
1.014218
1.014218
1.013843
1.018156
1.024156
1.023781
1.023781
1.024719
1.031657
1.032032
1.033344
1.033344
1.037282
1.040469
1.038219
1.041032
1.041032
1.041969
1.040469
1.033906
1.026969
1.026969
1.026969
0.9919053
1.008781
0.9774673
1.014406
0.9967804
0.9967804
1.020594
1.013093
1.008781
1.065408
1.045157
1.045157
1.057532
1.046844
1.052282
1.063157
1.064095
1.064095
1.075158
1.052657
1.089033
1.064282
1.092408
1.092408
1.073658
1.079283
1.076658
1.077595
1.108721
1.108721
1.07647
1.114534
1.076845
1.107784
1.107784
1.087721
1.092783
1.095783
1.100659
1.112846
1.112846
1.092033
1.123534
1.081533
1.124284
1.097283
1.097283
1.106846
1.102534
1.101221
1.109096
1.094658
1.094658
1.123534
1.08097
1.125222
1.095783
1.112846
1.112846
1.107784
1.101034
1.107971
1.097471
1.121659
1.121659
1.08097
1.124659
1.094658
1.110409
1.110409
1.098971
1.102909
1.102721
1.099534
1.121284
1.121284
1.092033
1.092033
1.110596
1.101596
1.095408
1.092221
1.089596
1.089596
1.108909
1.073658
1.113034
1.078345
1.101596
1.101596
1.074783
1.079471
1.07872
1.075908
1.097096
1.097096
1.053032
1.088846
1.059407
1.06897
1.064657
1.064657
1.060345
1.06372
1.041969
1.068408
1.032781
1.032781
1.06747
1.011218
1.058845
1.016469
1.046095
1.046095
0.9690296
1.016469
0.968842
0.9889051
0.9769048
0.9769048
0.9705297
0.9701546
0.9752172
0.98403
0.9770924
0.9602168
0.9602168
0.9609669
0.9697796
0.9845925
1.030719
1.032969
1.032969
1.028844
1.022469
1.023594
1.023031
1.013281
1.013469
1.013469
1.010656
1.007093
1.008593
1.006156
0.9954679
0.9954679
0.9962179
0.9913427
0.9864676
0.9875926
0.9776548
0.9776548
0.9776548
0.9744672
0.9712797
0.970717
0.9628419
0.9619043
0.9619043
0.9615294
0.9585293
0.9545917
0.9538416
0.9487789
0.9482164
0.9482164
0.9448413
0.9424037
0.9427788
0.9388411
0.9373411
0.9356536
0.9356536
0.9341535
0.9328409
0.9319035
0.9307784
0.9309659
0.9270283
0.9270283
0.9287158
0.9264658
0.9268408
0.9272158
0.9247782
0.9251533
0.9251533
0.9245907
0.9232782
0.9229032
0.9236532
0.9240282
0.9240282
0.9230907
0.9230907
0.9217781
0.9223406
0.9227157
0.9217781
0.9217781
0.9210281
0.9221531
0.9210281
0.9206532
0.9212156
0.9212156
0.9212156
0.9202781
0.9208405
0.9221531
0.9208405
0.9202781
0.9202781
0.9219657
0.9204656
0.9206532
0.9223406
0.9212156
0.9191531
0.9191531
0.9212156
0.9208405
0.9225282
0.9212156
0.9195281
0.9214031
0.9214031
0.9202781
0.9208405
0.9225282
0.9208405
0.9214031
0.9214031
0.9197156
0.9212156
0.9206532
0.9221531
0.9208405
0.9204656
0.9204656
0.9206532
0.9215906
0.9204656
0.9212156
0.9202781
0.9212156
0.9212156
0.9212156
0.9215906
0.9210281
0.9212156
0.9219657
0.9214031
0.9214031
0.9195281
0.9221531
0.9221531
0.9202781
0.9210281
0.9215906
0.9215906
0.9215906
0.9204656
0.9210281
0.9217781
0.9215906
0.9204656
0.9221531
0.9221531
0.9214031
0.9208405
0.9210281
0.9214031
0.9206532
0.9217781
0.9206532
0.9206532
0.9212156
0.9206532
0.9212156
0.9210281
0.9221531
0.9217781
0.9217781
0.9195281
0.9215906
0.9217781
0.9204656
0.9229032
0.9223406
0.9193405
0.9193405
0.9195281
0.9215906
0.9206532
0.9212156
0.9215906
0.9199031
0.9199031
0.9206532
0.9200906
0.9215906
0.9204656
0.9214031
0.9204656
0.9204656
0.9212156
0.9204656
0.9214031
0.9219657
0.9212156
0.9225282
0.9208405
0.9208405
0.9212156
0.9204656
0.9208405
0.9212156
0.9210281
0.9208405
0.9206532
0.9214031
0.9215906
0.9215906
0.9210281
0.9200906
0.9215906
0.9206532
0.9206532
0.9210281
0.9210281
0.9200906
0.9210281
0.9204656
0.9212156
0.9199031
0.9212156
0.9197156
0.9197156
0.9217781
0.9225282
0.9214031
0.9219657
0.9206532
0.9214031
0.9214031
0.9215906
0.9219657
0.9219657
0.9204656
0.9202781
0.9210281
0.9208405
0.9208405
0.9212156
0.9197156
0.9204656
0.9214031
0.9210281
0.9208405
0.9208405
0.9206532
0.9210281
0.9212156
0.9199031
0.9212156
0.9210281
0.9197156
0.9197156
0.9217781
0.9206532
0.9214031
0.9217781
0.9208405
0.9214031
0.9214031
0.9195281
0.9219657
0.9236532
0.9204656
0.9206532
0.9206532
0.9208405
0.9208405
0.9219657
0.9223406
0.9208405
0.9197156
0.9197156
0.9212156
0.9214031
0.9221531
0.9217781
0.9204656
0.9204656
0.9204656
0.9208405
0.9215906
0.9200906
0.9229032
0.9217781
0.9217781
0.9200906
0.9206532
0.9214031
0.9215906
0.9219657
0.9223406
0.9223406
0.9223406
0.9204656
0.9219657
0.9227157
0.9219657
0.9217781
0.9217781
0.9217781
0.9221531
0.9221531
0.9215906
0.9214031
0.9230907
0.9230907
0.9219657
0.9227157
0.9234656
0.9230907
0.9229032
0.9229032
0.9223406
0.9249657
0.9257157
0.9264658
0.9264658
0.9255283
0.9268408
0.9266533
0.9287158
0.9311534
0.9311534
0.9309659
0.931716
0.9322784
0.9350911
0.9350911
0.9341535
0.9379036
0.9384662
0.9386537
0.9439038
0.9439038
0.9439038
0.9457788
0.9487789
0.9487789
0.9487789
0.9545917
0.9542166
0.9602168
0.9634045
0.9624668
0.9624668
0.9652795
0.9701546
0.9703421
0.9791549
0.9791549
0.9774673
0.98178
0.9887177
0.9887177
0.9979054
0.9979054
0.9962179
1.002968
1.007281
1.006531
1.006531
1.007843
1.014218
1.015156
1.023219
1.023219
1.022469
1.022656
1.029594
1.032219
1.032219
1.030156
1.036157
1.038594
1.036157
1.036157
1.040657
1.041782
1.040657
1.040282
1.040282
1.028656
1.027344
1.027344
0.999593
0.9815925
1.002406
1.002406
0.9900302
1.032594
0.9845925
1.036344
1.000718
1.000718
1.050407
1.049657
1.062783
1.041782
1.073095
1.073095
1.047407
1.089033
1.056407
1.071595
1.064845
1.064845
1.076845
1.083221
1.074595
1.099346
1.057157
1.057157
1.106846
1.085283
1.096159
1.088846
1.088846
1.088471
1.094471
1.088846
1.110784
1.082658
1.125597
1.125597
1.091471
1.113221
1.101221
1.103096
1.103096
1.101971
1.100096
1.117909
1.085471
1.125222
1.125222
1.087533
1.118659
1.100846
1.103096
1.099534
1.116597
1.090721
1.090721
1.13291
1.091846
1.118472
1.100096
1.104221
1.104221
1.101596
1.100659
1.116222
1.089408
1.126347
1.126347
1.085096
1.121472
1.097846
1.104221
1.100659
1.100659
1.100096
1.116222
1.090533
1.113221
1.07272
1.07272
1.109471
1.086033
1.093346
1.089221
1.090721
1.090721
1.095783
1.067283
1.099534
1.062407
1.094658
1.094658
1.07422
1.071408
1.064845
1.062783
1.083971
1.083971
1.044594
1.081345
1.043844
1.06072
1.046657
1.046657
1.054157
1.038594
1.037657
1.031469
1.040469
1.040469
1.018719
0.9952804
0.9892802
0.9909677
0.9969679
0.9969679
0.970717
0.9739047
0.9911552
0.9787799
0.9658421
0.9482164
0.9482164
0.9617168
0.951404
0.9692171
0.9971554
1.029594
1.029594
1.030344
1.026969
1.023594
1.022094
1.021906
1.021906
1.014218
1.012718
1.009343
1.005406
1.004093
1.004093
1.004093
0.997343
0.9965929
0.9892802
0.9887177
0.9855301
0.9855301
0.9778423
0.9776548
0.9729671
0.9710921
0.9694046
0.9611544
0.9611544
0.9622794
0.9617168
0.9568417
0.9553417
0.9527165
0.9527165
0.9469039
0.9489664
0.9446538
0.9427788
0.9440913
0.9386537
0.9386537
0.9373411
0.9350911
0.9341535
0.9341535
0.931716
0.931341
0.931341
0.9296534
0.9292784
0.9283408
0.9260908
0.9259032
0.9268408
0.9268408
0.9238407
0.9240282
0.9245907
0.9244032
0.9223406
0.9223406
0.9215906
0.9229032
0.9212156
0.9232782
0.9217781
0.9210281
0.9210281
0.9210281
0.9204656
0.9221531
0.9229032
0.9217781
0.9215906
0.9215906
0.9214031
0.9223406
0.9210281
0.9219657
0.9223406
0.9223406
0.9215906
0.9208405
0.9210281
0.9217781
0.9219657
0.9221531
0.9221531
0.9214031
0.9217781
0.9210281
0.9206532
0.9210281
0.9212156
0.9212156
0.9206532
0.9214031
0.9193405
0.9212156
0.9212156
0.9212156
0.9208405
0.9229032
0.9215906
0.9217781
0.9204656
0.9212156
0.9212156
0.9208405
0.9208405
0.9219657
0.9208405
0.9204656
0.9212156
0.9212156
0.9193405
0.9212156
0.9204656
0.9210281
0.9208405
0.9200906
0.9200906
0.9212156
0.9199031
0.9206532
0.9214031
0.9206532
0.9217781
0.9217781
0.9208405
0.9215906
0.9215906
0.9223406
0.9212156
0.9214031
0.9212156
0.9212156
0.9210281
0.9200906
0.9229032
0.9208405
0.9212156
0.9202781
0.9202781
0.9200906
0.9219657
0.9210281
0.9214031
0.9214031
0.9191531
0.9214031
0.9214031
0.9210281
0.9191531
0.9200906
0.9210281
0.9214031
0.9208405
0.9208405
0.9215906
0.9214031
0.9200906
0.9215906
0.9210281
0.9215906
0.9215906
0.9206532
0.9206532
0.9206532
0.9217781
0.9212156
0.9200906
0.9210281
0.9200906
0.9215906
0.9215906
0.9215906
0.9215906
0.9204656
0.9212156
0.9210281
0.9195281
0.9195281
0.9210281
0.9202781
0.9215906
0.9208405
0.9214031
0.9221531
0.9227157
0.9227157
0.9210281
0.9204656
0.9210281
0.9214031
0.9215906
0.9219657
0.9219657
0.9219657
0.9219657
0.9197156
0.9219657
0.9214031
0.9214031
0.9214031
0.9214031
0.9214031
0.9212156
0.9214031
0.9212156
0.9204656
0.9202781
0.9202781
0.9204656
0.9208405
0.9208405
0.9206532
0.9206532
0.9225282
0.9208405
0.9208405
0.9217781
0.9210281
0.9212156
0.9219657
0.9212156
0.9202781
0.9202781
0.9208405
0.9210281
0.9200906
0.9210281
0.9210281
0.9214031
0.9204656
0.9204656
0.9204656
0.9206532
0.9210281
0.9219657
0.9210281
0.9214031
0.9214031
0.9204656
0.9214031
0.9200906
0.9214031
0.9210281
0.9210281
0.9210281
0.9217781
0.9215906
0.9212156
0.9212156
0.9204656
0.9204656
0.9223406
0.9227157
0.9204656
0.9204656
0.9217781
0.9214031
0.9214031
0.9210281
0.9221531
0.9215906
0.9212156
0.9217781
0.9219657
0.9219657
0.9204656
0.9212156
0.9214031
0.9214031
0.9215906
0.9215906
0.9202781
0.9214031
0.9204656
0.9223406
0.9219657
0.9214031
0.9214031
0.9208405
0.9219657
0.9215906
0.9214031
0.9223406
0.9227157
0.9227157
0.9221531
0.9225282
0.9212156
0.9227157
0.9234656
0.9240282
0.9240282
0.9236532
0.9236532
0.9230907
0.9244032
0.9245907
0.9245907
0.9244032
0.9277783
0.9260908
0.9260908
0.9270283
0.9302159
0.9285283
0.9307784
0.931716
0.931716
0.9334035
0.935466
0.9350911
0.9397787
0.9397787
0.936966
0.9412787
0.9425913
0.9435288
0.9487789
0.9487789
0.9485914
0.9532791
0.9549666
0.9564667
0.9564667
0.9611544
0.9617168
0.9617168
0.9694046
0.9709045
0.9709045
0.9748423
0.9789674
0.9784048
0.9881552
0.9881552
0.9862801
0.9922802
0.9971554
0.9971554
1.006156
1.006156
1.005968
1.006531
1.014218
1.013281
1.013281
1.016469
1.023219
1.023406
1.025844
1.025844
1.031281
1.032406
1.032594
1.038594
1.038594
1.038594
1.037094
1.040282
1.042344
1.042344
1.040282
1.034469
1.028281
1.027719
1.027719
1.001281
0.9919053
1.001656
0.98403
1.020031
1.013656
1.013656
1.008968
1.024906
1.021719
1.073845
1.039719
1.039719
1.061845
1.046095
1.067845
1.063345
1.063345
1.063908
1.079845
1.049845
1.097658
1.06522
1.06522
1.090721
1.07422
1.078158
1.078158
1.088658
1.088658
1.107596
1.075158
1.112471
1.07722
1.107971
1.107971
1.092033
1.092033
1.101409
1.111346
1.092408
1.123534
1.083033
1.083033
1.124659
1.098409
1.107596
1.099909
1.101784
1.101784
1.108721
1.096533
1.123722
1.081533
1.125222
1.125222
1.095221
1.107971
1.109096
1.101034
1.108721
1.108721
1.098784
1.122409
1.080408
1.122972
1.094846
1.094846
1.109096
1.100284
1.100284
1.103659
1.100846
1.100846
1.122034
1.082471
1.125597
1.094471
1.110784
1.110784
1.095408
1.090533
1.094283
1.089408
1.109659
1.109659
1.07272
1.114159
1.079471
1.087721
1.077033
1.077033
1.078345
1.080783
1.076095
1.097096
1.097096
1.044219
1.086596
1.060907
1.067658
1.06297
1.06297
1.047032
1.06372
1.040094
1.06972
1.029406
1.029406
1.060157
1.014031
1.055095
1.018906
1.022469
1.022469
0.9660295
1.020031
0.9714671
0.9772799
0.9932178
0.9720297
0.9720297
0.9789674
0.9641544
0.9534666
0.9662169
0.9682796
0.9682796
0.952904
0.9692171
1.028469
1.032406
1.031094
1.024531
1.024531
1.023219
1.022844
1.016844
1.013656
1.011781
1.011781
1.006343
1.004093
1.005781
0.9971554
0.9962179
0.9962179
0.9926553
0.9879677
0.9877802
0.9802799
0.9780298
0.9778423
0.9778423
0.9699671
0.9695921
0.9639669
0.9622794
0.9622794
0.9604043
0.9604043
0.9536541
0.9553417
0.9497165
0.947654
0.9474665
0.9427788
0.9427788
0.9433414
0.9397787
0.9375286
0.9371536
0.9328409
0.9328409
0.933966
0.9324659
0.9309659
0.931716
0.9268408
0.9272158
0.9272158
0.9270283
0.9272158
0.9255283
0.9253407
0.9251533
0.9240282
0.9240282
0.9232782
0.9242157
0.9225282
0.9229032
0.9236532
0.9236532
0.9236532
0.9223406
0.9223406
0.9223406
0.9214031
0.9223406
0.9223406
0.9214031
0.9221531
0.9197156
0.9223406
0.9202781
0.9214031
0.9214031
0.9212156
0.9223406
0.9217781
0.9208405
0.9210281
0.9214031
0.9214031
0.9223406
0.9208405
0.9212156
0.9208405
0.9210281
0.9210281
0.9191531
0.9221531
0.9217781
0.9212156
0.9215906
0.9210281
0.9210281
0.9206532
0.9212156
0.9215906
0.9215906
0.9215906
0.9215906
0.9200906
0.9215906
0.9210281
0.9219657
0.9206532
0.9214031
0.9214031
0.9200906
0.9206532
0.9210281
0.9217781
0.9202781
0.9210281
0.9210281
0.9217781
0.9215906
0.9204656
0.9212156
0.9206532
0.9214031
0.9214031
0.9217781
0.9219657
0.9200906
0.9202781
0.9210281
0.9212156
0.9219657
0.9219657
0.9223406
0.9200906
0.9202781
0.9214031
0.9212156
0.9221531
0.9221531
0.9223406
0.9214031
0.9204656
0.9214031
0.9215906
0.9195281
0.9212156
0.9202781
0.9210281
0.9210281
0.9199031
0.9217781
0.9202781
0.9215906
0.9208405
0.9215906
0.9214031
0.9214031
0.9199031
0.9225282
0.9229032
0.9214031
0.9202781
0.9208405
0.9208405
0.9208405
0.9215906
0.9219657
0.9221531
0.9200906
0.9208405
0.9215906
0.9215906
0.9206532
0.9214031
0.9217781
0.9212156
0.9210281
0.9204656
0.9204656
0.9193405
0.9202781
0.9214031
0.9206532
0.9215906
0.9206532
0.9214031
0.9214031
0.9214031
0.9214031
0.9229032
0.9206532
0.9197156
0.9214031
0.9214031
0.9219657
0.9225282
0.9208405
0.9204656
0.9200906
0.9214031
0.9202781
0.9202781
0.9200906
0.9219657
0.9215906
0.9206532
0.9210281
0.9210281
0.9210281
0.9197156
0.9206532
0.9208405
0.9210281
0.9206532
0.9215906
0.9210281
0.9210281
0.9210281
0.9214031
0.9214031
0.9215906
0.9217781
0.9210281
0.9210281
0.9214031
0.9206532
0.9214031
0.9215906
0.9214031
0.9215906
0.9215906
0.9199031
0.9208405
0.9200906
0.9215906
0.9202781
0.9202781
0.9206532
0.9206532
0.9232782
0.9208405
0.9217781
0.9212156
0.9204656
0.9204656
0.9204656
0.9214031
0.9208405
0.9225282
0.9208405
0.9204656
0.9204656
0.9200906
0.9219657
0.9223406
0.9225282
0.9199031
0.9200906
0.9200906
0.9210281
0.9204656
0.9217781
0.9221531
0.9208405
0.9214031
0.9214031
0.9215906
0.9217781
0.9200906
0.9217781
0.9219657
0.9217781
0.9217781
0.9208405
0.9215906
0.9217781
0.9225282
0.9223406
0.9223406
0.9212156
0.9219657
0.9219657
0.9221531
0.9202781
0.9219657
0.9219657
0.9225282
0.9223406
0.9208405
0.9217781
0.9212156
0.9225282
0.9225282
0.9215906
0.9229032
0.9225282
0.9225282
0.9245907
0.9238407
0.9238407
0.9253407
0.9262782
0.9262782
0.9262782
0.9266533
0.9274034
0.9274034
0.9290909
0.9315285
0.9315285
0.9319035
0.9305908
0.934341
0.934716
0.934716
0.935466
0.9380911
0.9377161
0.9427788
0.9450289
0.9450289
0.9465288
0.949904
0.949529
0.9549666
0.9549666
0.9540292
0.9590918
0.9622794
0.9634045
0.9647169
0.9647169
0.9703421
0.9705297
0.9769048
0.9787799
0.9787799
0.9815925
0.9870301
0.9857176
0.9949054
0.9982804
0.9982804
0.9990305
1.006156
1.006718
1.005968
1.005968
1.013281
1.013656
1.019469
1.022844
1.022844
1.022844
1.026594
1.032219
1.031844
1.031844
1.033157
1.038969
1.038782
1.039157
1.039157
1.042344
1.040657
1.041969
1.032594
1.026219
1.026219
1.027906
0.9950929
0.9759673
1.008781
0.9812175
0.9812175
1.036157
0.984405
1.035594
0.9939678
1.047032
1.047032
1.048532
1.058657
1.044032
1.068783
1.05172
1.050595
1.079471
1.079471
1.062595
1.064845
1.070658
1.075908
1.095783
1.059407
1.059407
1.101971
1.067658
1.099721
1.088283
1.088283
1.089971
1.090158
1.089783
1.104784
1.076845
1.076845
1.117159
1.086033
1.123159
1.095783
1.104034
1.104034
1.101221
1.101596
1.112471
1.093721
1.124659
1.124659
1.081533
1.124284
1.098034
1.105534
1.101784
1.101784
1.102909
1.110221
1.095783
1.13291
1.083221
1.083221
1.125222
1.098221
1.107971
1.100846
1.102534
1.102534
1.110784
1.095596
1.123722
1.082471
1.126159
1.126159
1.095596
1.109284
1.099909
1.100284
1.107409
1.107409
1.097096
1.117534
1.069158
1.112471
1.084158
1.084158
1.095783
1.089033
1.090346
1.092033
1.07572
1.07572
1.098221
1.056032
1.101221
1.072908
1.072908
1.077595
1.063532
1.06372
1.080408
1.048157
1.048157
1.082846
1.039344
1.06597
1.044032
1.056407
1.056407
1.040844
1.040282
1.028094
1.04722
1.022281
1.022281
1.000718
0.9896552
0.9943429
0.9859051
0.9692171
0.9827174
0.9827174
0.9785923
0.9530916
0.9568417
0.9634045
0.9482164
0.9482164
0.9639669
0.9592793
0.950279
0.9300283
0.9534666
1.016093
1.016093
1.023031
1.022469
1.023969
1.014218
1.013281
1.013281
1.010281
1.006718
1.007093
1.005968
0.997718
0.997718
0.9958428
0.9913427
0.9872177
0.9877802
0.9791549
0.9797174
0.9797174
0.9757797
0.9703421
0.9703421
0.9632169
0.9615294
0.9615294
0.9611544
0.9577792
0.9545917
0.9560917
0.9482164
0.9478415
0.9478415
0.9446538
0.9435288
0.9424037
0.9388411
0.9373411
0.9373411
0.9373411
0.9345285
0.9350911
0.9326534
0.9315285
0.931341
0.9279658
0.9279658
0.9266533
0.9264658
0.9283408
0.9281533
0.9260908
0.9260908
0.9249657
0.9234656
0.9236532
0.9240282
0.9244032
0.9227157
0.9227157
0.9236532
0.9223406
0.9230907
0.9230907
0.9225282
0.9208405
0.9208405
0.9221531
0.9217781
0.9200906
0.9219657
0.9215906
0.9208405
0.9208405
0.9212156
0.9212156
0.9215906
0.9210281
0.9210281
0.9210281
0.9184031
0.9225282
0.9212156
0.9219657
0.9217781
0.9215906
0.9215906
0.9200906
0.9214031
0.9219657
0.9214031
0.9217781
0.9217781
0.9204656
0.9214031
0.9204656
0.9223406
0.9217781
0.9206532
0.9206532
0.9202781
0.9221531
0.9202781
0.9227157
0.9210281
0.9193405
0.9193405
0.9208405
0.9208405
0.9204656
0.9217781
0.9217781
0.9219657
0.9219657
0.9214031
0.9208405
0.9204656
0.9227157
0.9215906
0.9210281
0.9210281
0.9199031
0.9225282
0.9215906
0.9212156
0.9208405
0.9195281
0.9214031
0.9210281
0.9215906
0.9215906
0.9199031
0.9199031
0.9217781
0.9221531
0.9210281
0.9214031
0.9219657
0.9219657
0.9219657
0.9212156
0.9215906
0.9212156
0.9210281
0.9208405
0.9208405
0.9215906
0.9199031
0.9206532
0.9217781
0.9210281
0.9204656
0.9204656
0.9215906
0.9214031
0.9215906
0.9199031
0.9206532
0.9212156
0.9202781
0.9202781
0.9210281
0.9215906
0.9208405
0.9212156
0.9202781
0.9202781
0.9202781
0.9221531
0.9219657
0.9197156
0.9200906
0.9214031
0.9214031
0.9223406
0.9223406
0.9223406
0.9221531
0.9202781
0.9214031
0.9210281
0.9215906
0.9204656
0.9204656
0.9215906
0.9199031
0.9210281
0.9219657
0.9206532
0.9206532
0.9206532
0.9200906
0.9210281
0.9212156
0.9206532
0.9214031
0.9206532
0.9214031
0.9214031
0.9221531
0.9210281
0.9219657
0.9210281
0.9204656
0.9208405
0.9208405
0.9208405
0.9227157
0.9197156
0.9210281
0.9210281
0.9214031
0.9208405
0.9208405
0.9221531
0.9215906
0.9195281
0.9206532
0.9212156
0.9208405
0.9208405
0.9210281
0.9204656
0.9214031
0.9214031
0.9208405
0.9195281
0.9195281
0.9210281
0.9206532
0.9210281
0.9206532
0.9217781
0.9215906
0.9202781
0.9202781
0.9225282
0.9210281
0.9215906
0.9212156
0.9221531
0.9206532
0.9206532
0.9215906
0.9217781
0.9197156
0.9197156
0.9214031
0.9214031
0.9217781
0.9204656
0.9217781
0.9217781
0.9206532
0.9214031
0.9214031
0.9212156
0.9217781
0.9208405
0.9219657
0.9214031
0.9215906
0.9215906
0.9210281
0.9217781
0.9206532
0.9227157
0.9219657
0.9219657
0.9212156
0.9214031
0.9217781
0.9214031
0.9230907
0.9217781
0.9217781
0.9193405
0.9210281
0.9221531
0.9208405
0.9215906
0.9215906
0.9214031
0.9230907
0.9208405
0.9225282
0.9225282
0.9214031
0.9214031
0.9206532
0.9219657
0.9225282
0.9229032
0.9225282
0.9234656
0.9234656
0.9244032
0.9234656
0.9253407
0.9257157
0.9257157
0.9255283
0.9270283
0.9259032
0.9283408
0.9283408
0.9289034
0.931341
0.931341
0.9315285
0.9349035
0.9349035
0.9345285
0.9373411
0.9386537
0.9416537
0.9416537
0.9442788
0.9437162
0.9487789
0.9493415
0.9493415
0.9508415
0.9557167
0.9536541
0.9609669
0.9626543
0.9626543
0.9630295
0.9667795
0.9703421
0.9709045
0.9709045
0.9780298
0.9789674
0.9842175
0.9864676
0.9905928
0.9905928
0.9990305
0.997343
1.004843
1.006531
1.006531
1.005781
1.011218
1.014593
1.013843
1.013843
1.022469
1.023781
1.023031
1.031469
1.031469
1.030532
1.031094
1.036344
1.037094
1.037094
1.036157
1.039157
1.040657
1.041032
1.038782
1.026781
1.026781
1.026219
1.026219
1.004281
0.9939678
0.9894677
0.997718
0.997718
1.007468
1.022094
0.9980929
1.039532
1.027719
1.027719
1.073283
1.028844
1.074408
1.037094
1.081158
1.081158
1.061095
1.065595
1.064845
1.062407
1.097471
1.097471
1.056595
1.100846
1.07122
1.084158
1.079095
1.079095
1.089033
1.095033
1.087721
1.108909
1.072158
1.072158
1.115284
1.080408
1.111909
1.099909
1.101596
1.101596
1.101596
1.101034
1.118659
1.085283
1.124284
1.124284
1.090158
1.116034
1.099159
1.101596
1.101596
1.101034
1.100471
1.116972
1.088471
1.124097
1.124097
1.089783
1.125409
1.100096
1.103659
1.101409
1.101409
1.101971
1.116409
1.089033
1.125034
1.086596
1.086596
1.119597
1.096908
1.105534
1.101034
1.099346
1.099346
1.115472
1.088846
1.125034
1.083408
1.108534
1.108534
1.087533
1.093158
1.089221
1.089221
1.099346
1.099346
1.083971
1.106284
1.06072
1.099346
1.075533
1.075533
1.079658
1.07647
1.066158
1.084158
1.044032
1.044032
1.087346
1.059782
1.057157
1.049469
1.050595
1.050595
1.048157
1.049845
1.051907
1.031281
1.038032
1.038032
1.038032
1.012156
0.9913427
1.001468
0.9791549
0.9791549
1.002781
0.9716547
0.9716547
0.965092
0.9748423
0.9851551
0.9851551
0.9675295
0.9450289
0.9682796
0.9645294
0.9802799
0.9802799
1.029969
1.030532
1.028094
1.022469
1.023594
1.020594
1.020594
1.014218
1.013469
1.008406
1.006156
1.004093
1.004093
1.001843
0.997343
0.9975305
0.9879677
0.9870301
0.9870301
0.98478
0.9784048
0.9776548
0.9709045
0.9690296
0.9675295
0.9675295
0.9624668
0.9619043
0.9620918
0.9545917
0.9544041
0.9532791
0.9532791
0.9467164
0.9480289
0.9437162
0.9424037
0.9425913
0.9425913
0.9360286
0.9380911
0.935466
0.9337786
0.9337786
0.9298409
0.9298409
0.931341
0.9296534
0.9283408
0.9279658
0.9260908
0.9262782
0.9262782
0.9279658
0.9245907
0.9236532
0.9240282
0.9242157
0.9230907
0.9230907
0.9219657
0.9247782
0.9245907
0.9229032
0.9229032
0.9229032
0.9232782
0.9215906
0.9212156
0.9223406
0.9214031
0.9202781
0.9202781
0.9210281
0.9210281
0.9215906
0.9215906
0.9221531
0.9221531
0.9221531
0.9202781
0.9219657
0.9204656
0.9210281
0.9199031
0.9204656
0.9204656
0.9208405
0.9214031
0.9210281
0.9215906
0.9227157
0.9227157
0.9202781
0.9212156
0.9204656
0.9212156
0.9215906
0.9225282
0.9225282
0.9199031
0.9210281
0.9215906
0.9208405
0.9208405
0.9206532
0.9206532
0.9214031
0.9193405
0.9193405
0.9238407
0.9225282
0.9217781
0.9197156
0.9208405
0.9208405
0.9210281
0.9223406
0.9217781
0.9215906
0.9193405
0.9210281
0.9215906
0.9215906
0.9212156
0.9215906
0.9221531
0.9212156
0.9200906
0.9214031
0.9214031
0.9197156
0.9200906
0.9206532
0.9208405
0.9212156
0.9210281
0.9210281
0.9215906
0.9215906
0.9221531
0.9212156
0.9215906
0.9206532
0.9214031
0.9214031
0.9199031
0.9200906
0.9217781
0.9217781
0.9189655
0.9202781
0.9202781
0.9204656
0.9215906
0.9214031
0.9206532
0.9206532
0.9200906
0.9210281
0.9210281
0.9208405
0.9204656
0.9210281
0.9221531
0.9212156
0.9206532
0.9206532
0.9206532
0.9191531
0.9215906
0.9214031
0.9210281
0.9215906
0.9206532
0.9206532
0.9206532
0.9214031
0.9225282
0.9215906
0.9202781
0.9215906
0.9215906
0.9210281
0.9212156
0.9206532
0.9212156
0.9208405
0.9210281
0.9215906
0.9215906
0.9208405
0.9212156
0.9212156
0.9212156
0.9202781
0.9217781
0.9217781
0.9200906
0.9215906
0.9208405
0.9223406
0.9210281
0.9202781
0.9202781
0.9199031
0.9202781
0.9215906
0.9225282
0.9208405
0.9215906
0.9204656
0.9204656
0.9214031
0.9204656
0.9221531
0.9223406
0.9195281
0.9208405
0.9208405
0.9204656
0.9215906
0.9210281
0.9217781
0.9204656
0.9204656
0.9212156
0.9212156
0.9210281
0.9219657
0.9202781
0.9217781
0.9217781
0.9199031
0.9199031
0.9204656
0.9227157
0.9210281
0.9217781
0.9212156
0.9210281
0.9212156
0.9212156
0.9210281
0.9217781
0.9210281
0.9197156
0.9210281
0.9210281
0.9210281
0.9217781
0.9206532
0.9210281
0.9210281
0.9215906
0.9215906
0.9210281
0.9212156
0.9221531
0.9217781
0.9221531
0.9221531
0.9208405
0.9212156
0.9210281
0.9212156
0.9200906
0.9230907
0.9230907
0.9212156
0.9208405
0.9210281
0.9210281
0.9219657
0.9219657
0.9225282
0.9215906
0.9208405
0.9215906
0.9212156
0.9212156
0.9212156
0.9215906
0.9215906
0.9210281
0.9217781
0.9214031
0.9208405
0.9208405
0.9202781
0.9217781
0.9227157
0.9221531
0.9225282
0.9225282
0.9225282
0.9234656
0.9238407
0.9255283
0.9251533
0.9260908
0.9260908
0.9240282
0.9277783
0.9262782
0.9262782
0.9272158
0.9294659
0.9298409
0.931341
0.9311534
0.9311534
0.9324659
0.9356536
0.9352785
0.9407162
0.9407162
0.9388411
0.9425913
0.9435288
0.9424037
0.9487789
0.9487789
0.9485914
0.952529
0.9545917
0.9568417
0.9568417
0.963592
0.9619043
0.9605918
0.9705297
0.9709045
0.9709045
0.9770924
0.9774673
0.9787799
0.9889051
0.9889051
0.9864676
0.9932178
0.9965929
0.9982804
1.006718
1.006718
1.005781
1.012531
1.013093
1.015156
1.015906
1.015906
1.023219
1.023781
1.023406
1.031657
1.031657
1.030906
1.031281
1.037469
1.037844
1.037844
1.036532
1.041219
1.042532
1.040657
1.040657
1.038219
1.028844
1.027906
1.028469
0.9632169
0.9632169
1.017219
0.9765298
1.029031
0.9853426
1.035407
0.9947178
0.9947178
1.036344
1.050407
1.049657
1.047969
1.058095
1.058095
1.049657
1.084908
1.044594
1.088096
1.060345
1.060345
1.07347
1.076845
1.076658
1.088471
1.067095
1.067095
1.099909
1.068408
1.110409
1.085471
1.094096
1.094096
1.088096
1.089971
1.097658
1.083221
1.121472
1.121472
1.079845
1.125034
1.093346
1.107784
1.100659
1.100659
1.101971
1.104784
1.100096
1.122597
1.082471
1.082471
1.124284
1.094096
1.111159
1.101409
1.101784
1.101784
1.103284
1.105346
1.125034
1.081158
1.126347
1.126347
1.091846
1.112284
1.099909
1.101971
1.102346
1.102346
1.100471
1.119972
1.082846
1.126534
1.093158
1.093158
1.111534
1.100284
1.100846
1.101784
1.095783
1.095783
1.112096
1.07347
1.114534
1.079471
1.104409
1.104409
1.086408
1.092033
1.079283
1.07722
1.07722
1.095221
1.06147
1.100659
1.070095
1.072908
1.072908
1.063157
1.062595
1.07497
1.05472
1.073658
1.073658
1.027531
1.074595
1.037094
1.067658
1.025656
1.025656
1.053595
1.017969
1.059595
0.9928428
1.008218
1.008218
0.9842175
0.9896552
0.9842175
0.9705297
0.9780298
0.9849675
0.9849675
0.9770924
0.968842
0.9579667
0.9429663
0.966967
0.966967
0.9626543
1.021906
1.032219
1.031281
1.021531
1.021531
1.022656
1.022844
1.018156
1.013093
1.013093
1.013093
1.007281
1.007656
1.005781
0.998468
0.9964054
0.9947178
0.9947178
0.9866551
0.9866551
0.98253
0.97953
0.9782173
0.9782173
0.9701546
0.9709045
0.9658421
0.9628419
0.9615294
0.9592793
0.9592793
0.9540292
0.9562792
0.952529
0.9482164
0.9467164
0.9437162
0.9437162
0.9424037
0.9390286
0.9375286
0.9388411
0.9350911
0.934716
0.934716
0.9328409
0.9305908
0.932091
0.9281533
0.9279658
0.9279658
0.9285283
0.9272158
0.9266533
0.9245907
0.9242157
0.9232782
0.9232782
0.9232782
0.9247782
0.9229032
0.9227157
0.9212156
0.9229032
0.9229032
0.9234656
0.9225282
0.9212156
0.9219657
0.9214031
0.9214031
0.9214031
0.9217781
0.9206532
0.9210281
0.9219657
0.9212156
0.9212156
0.9206532
0.9212156
0.9215906
0.9214031
0.9221531
0.9230907
0.9230907
0.9210281
0.9214031
0.9214031
0.9212156
0.9212156
0.9219657
0.9210281
0.9206532
0.9206532
0.9208405
0.9208405
0.9204656
0.9208405
0.9215906
0.9215906
0.9208405
0.9206532
0.9217781
0.9227157
0.9210281
0.9219657
0.9219657
0.9210281
0.9208405
0.9206532
0.9215906
0.9223406
0.9212156
0.9212156
0.9202781
0.9214031
0.9214031
0.9210281
0.9219657
0.9219657
0.9219657
0.9208405
0.9214031
0.9219657
0.9210281
0.9217781
0.9199031
0.9199031
0.9214031
0.9197156
0.9217781
0.9217781
0.9210281
0.9208405
0.9206532
0.9206532
0.9206532
0.9206532
0.9200906
0.9215906
0.9197156
0.9210281
0.9215906
0.9215906
0.9212156
0.9217781
0.9206532
0.9212156
0.9206532
0.9208405
0.9208405
0.9219657
0.9204656
0.9204656
0.9210281
0.9212156
0.9219657
0.9219657
0.9217781
0.9221531
0.918778
0.9208405
0.9214031
0.9202781
0.9210281
0.9210281
0.9210281
0.9221531
0.9195281
0.9212156
0.9206532
0.9208405
0.9208405
0.9210281
0.9197156
0.9197156
0.9204656
0.9214031
0.9212156
0.9202781
0.9202781
0.9230907
0.9219657
0.9208405
0.9204656
0.9202781
0.9204656
0.9204656
0.9210281
0.9208405
0.9221531
0.9191531
0.9210281
0.9202781
0.9206532
0.9206532
0.9219657
0.9208405
0.9204656
0.9204656
0.9199031
0.9212156
0.9215906
0.9215906
0.9212156
0.9219657
0.9204656
0.9214031
0.9212156
0.9199031
0.9199031
0.9212156
0.9212156
0.9206532
0.9204656
0.9206532
0.9210281
0.9206532
0.9206532
0.9214031
0.9215906
0.9212156
0.9212156
0.9212156
0.9206532
0.9206532
0.9214031
0.9204656
0.9204656
0.9214031
0.9199031
0.9210281
0.9202781
0.9202781
0.9212156
0.9212156
0.9200906
0.9215906
0.9208405
0.9200906
0.9200906
0.9215906
0.9208405
0.9202781
0.9210281
0.9208405
0.9204656
0.9204656
0.9195281
0.9214031
0.9210281
0.9206532
0.9206532
0.9206532
0.9208405
0.9221531
0.9223406
0.9221531
0.9199031
0.9206532
0.9206532
0.9208405
0.9212156
0.9214031
0.9219657
0.9202781
0.9208405
0.9208405
0.9199031
0.9197156
0.9210281
0.9217781
0.9214031
0.9204656
0.9204656
0.9221531
0.9225282
0.9208405
0.9225282
0.9232782
0.9232782
0.9214031
0.9208405
0.9221531
0.9223406
0.9212156
0.9204656
0.9204656
0.9227157
0.9208405
0.9210281
0.9232782
0.9229032
0.9217781
0.9217781
0.9236532
0.9219657
0.9225282
0.9245907
0.9245907
0.9244032
0.9244032
0.9244032
0.9262782
0.9270283
0.9270283
0.9270283
0.9270283
0.9287158
0.9294659
0.9330285
0.9330285
0.932091
0.933966
0.935466
0.9358411
0.9358411
0.9384662
0.9384662
0.9429663
0.9446538
0.9448413
0.9448413
0.9478415
0.9485914
0.9540292
0.9544041
0.9544041
0.9639669
0.9639669
0.9624668
0.9632169
0.9682796
0.9705297
0.9727797
0.9727797
0.9804674
0.9785923
0.9857176
0.9885302
0.9885302
0.9907803
0.997718
0.9969679
1.004468
1.006718
1.006718
1.006906
1.010843
1.011593
1.017781
1.017781
1.023031
1.023969
1.023031
1.032406
1.032406
1.032594
1.030344
1.037094
1.039157
1.039157
1.037657
1.041407
1.040844
1.040469
1.040469
1.038782
1.026781
1.027531
1.027156
0.98478
0.98478
0.9872177
0.9982804
0.999968
1.027906
0.9911552
0.9911552
1.037657
1.009718
1.06672
1.035969
1.072908
1.072908
1.028281
1.082283
1.05247
1.079095
1.062595
1.062595
1.063908
1.074408
1.076095
1.095221
1.059407
1.059407
1.100659
1.06897
1.100471
1.087533
1.087533
1.091096
1.091283
1.088096
1.107221
1.07722
1.07722
1.116034
1.084908
1.121097
1.098409
1.102534
1.102534
1.100471
1.099534
1.113784
1.090346
1.124659
1.124659
1.083033
1.124097
1.096159
1.105346
1.100471
1.100471
1.099534
1.112284
1.092408
1.134785
1.083033
1.083033
1.122034
1.096159
1.106659
1.100659
1.101221
1.101221
1.111721
1.093346
1.123909
1.081158
1.123909
1.123909
1.096908
1.106096
1.102159
1.100659
1.110409
1.110409
1.097283
1.116034
1.069533
1.113034
1.083971
1.083971
1.097658
1.087721
1.089783
1.091096
1.075345
1.075345
1.099346
1.057157
1.101221
1.07272
1.07272
1.076845
1.06297
1.063908
1.078533
1.05022
1.05022
1.083408
1.034282
1.070658
1.042157
1.059782
1.059782
1.042719
1.040469
1.028656
1.050782
1.020969
1.020969
1.002968
0.9859051
0.9952804
0.9778423
0.9703421
0.9703421
0.9857176
0.9737172
0.9549666
0.9602168
0.9675295
0.9551542
0.9551542
0.9620918
0.9530916
0.9545917
0.9304033
0.9300283
1.010656
1.010656
1.023594
1.022656
1.024156
1.014031
1.012906
1.012906
1.010656
1.005781
1.005968
1.005218
0.9965929
0.9965929
0.9958428
0.9922802
0.9875926
0.9881552
0.9782173
0.9770924
0.9770924
0.9739047
0.9712797
0.9710921
0.9624668
0.9613419
0.9613419
0.9615294
0.9583417
0.9544041
0.9551542
0.9472789
0.9489664
0.9489664
0.9454039
0.9431538
0.9429663
0.9392162
0.9364036
0.935466
0.935466
0.933591
0.9328409
0.9319035
0.9319035
0.9315285
0.9277783
0.9277783
0.9266533
0.9264658
0.9257157
0.9270283
0.9260908
0.9245907
0.9245907
0.9225282
0.9244032
0.9225282
0.9227157
0.9245907
0.9240282
0.9240282
0.9217781
0.9219657
0.9236532
0.9221531
0.9229032
0.9215906
0.9208405
0.9208405
0.9206532
0.9214031
0.9214031
0.9223406
0.9221531
0.9219657
0.9219657
0.9202781
0.9208405
0.9217781
0.9223406
0.9206532
0.9208405
0.9208405
0.9208405
0.9200906
0.9215906
0.9206532
0.9217781
0.9219657
0.9219657
0.9223406
0.9208405
0.9212156
0.9212156
0.9212156
0.9212156
0.9215906
0.9212156
0.9199031
0.9217781
0.9214031
0.9214031
0.9214031
0.9217781
0.9204656
0.9202781
0.9210281
0.9214031
0.9202781
0.9202781
0.9214031
0.9219657
0.9206532
0.9212156
0.9212156
0.9210281
0.9210281
0.9223406
0.9225282
0.9214031
0.9212156
0.9206532
0.9215906
0.9215906
0.9212156
0.9217781
0.9208405
0.9200906
0.9206532
0.9208405
0.9210281
0.9210281
0.9204656
0.9202781
0.9212156
0.9214031
0.9204656
0.9204656
0.9204656
0.9215906
0.9217781
0.9215906
0.9210281
0.9212156
0.9189655
0.9215906
0.9215906
0.9210281
0.9199031
0.9215906
0.9204656
0.9210281
0.9217781
0.9217781
0.9206532
0.9217781
0.9197156
0.9206532
0.9208405
0.9214031
0.9214031
0.9214031
0.9200906
0.9217781
0.9200906
0.9210281
0.9208405
0.9195281
0.9195281
0.9208405
0.9214031
0.9212156
0.9217781
0.9215906
0.9210281
0.9210281
0.9206532
0.9217781
0.9227157
0.9215906
0.9210281
0.9210281
0.9210281
0.9200906
0.9193405
0.9214031
0.9225282
0.9199031
0.9212156
0.9199031
0.9199031
0.9212156
0.9208405
0.9214031
0.9214031
0.9206532
0.9195281
0.9195281
0.9208405
0.9214031
0.9214031
0.9227157
0.9197156
0.9199031
0.9210281
0.9210281
0.9202781
0.9221531
0.9212156
0.9214031
0.9219657
0.9195281
0.9195281
0.9208405
0.9215906
0.9225282
0.9229032
0.918778
0.9210281
0.9210281
0.9217781
0.9208405
0.9214031
0.9217781
0.9200906
0.9212156
0.9199031
0.9199031
0.9214031
0.9204656
0.9217781
0.9212156
0.9210281
0.9195281
0.9195281
0.9195281
0.9214031
0.9221531
0.9210281
0.9217781
0.9217781
0.9217781
0.9215906
0.9206532
0.9208405
0.9215906
0.9206532
0.9206532
0.9206532
0.9215906
0.9208405
0.9210281
0.9223406
0.9210281
0.9210281
0.9200906
0.9212156
0.9212156
0.9219657
0.9215906
0.9197156
0.9197156
0.9212156
0.9204656
0.9204656
0.9221531
0.9230907
0.9210281
0.9210281
0.9208405
0.9204656
0.9210281
0.9215906
0.9234656
0.9234656
0.9221531
0.9210281
0.9212156
0.9219657
0.9212156
0.9210281
0.9210281
0.9212156
0.9221531
0.9200906
0.9219657
0.9214031
0.9221531
0.9221531
0.9225282
0.9227157
0.9229032
0.9223406
0.9223406
0.9238407
0.9238407
0.9232782
0.9253407
0.9255283
0.9251533
0.9251533
0.9275908
0.9264658
0.9264658
0.9287158
0.9305908
0.9287158
0.9287158
0.931341
0.931716
0.9341535
0.9345285
0.9345285
0.9379036
0.9397787
0.9390286
0.9427788
0.9427788
0.9427788
0.9452164
0.9480289
0.949529
0.9555291
0.9555291
0.9549666
0.9598418
0.9617168
0.9605918
0.9632169
0.9632169
0.9692171
0.968842
0.9774673
0.9806549
0.9806549
0.9819674
0.9875926
0.9859051
0.9956554
0.9969679
0.9969679
1.002218
1.006718
1.005781
1.007281
1.007281
1.015906
1.014406
1.021531
1.023031
1.023031
1.024344
1.028281
1.031469
1.031657
1.031657
1.036907
1.038219
1.039907
1.039907
1.039907
1.040844
1.040094
1.041032
1.029781
1.026594
1.026594
1.027531
1.004281
0.9915303
1.004468
0.9894677
0.9894677
1.018156
1.012718
1.007281
1.029219
1.031281
1.031281
1.074033
1.041969
1.061282
1.045907
1.045907
1.068408
1.062783
1.06447
1.080033
1.049657
1.101596
1.101596
1.063345
1.093346
1.075158
1.078533
1.081908
1.081908
1.091096
1.103471
1.079095
1.113034
1.075158
1.075158
1.110784
1.085846
1.104784
1.100846
1.101784
1.101784
1.110221
1.097471
1.123534
1.08097
1.124284
1.124284
1.095408
1.107784
1.100471
1.102534
1.102534
1.105909
1.099721
1.123159
1.080783
1.125409
1.125409
1.098034
1.115097
1.101784
1.102909
1.105534
1.105534
1.098409
1.123534
1.08097
1.125597
1.095033
1.095033
1.109846
1.100846
1.100284
1.103096
1.101034
1.101034
1.122972
1.083033
1.126159
1.093908
1.098409
1.098409
1.089033
1.090158
1.092596
1.089221
1.109659
1.109659
1.074033
1.107409
1.070283
1.084908
1.074408
1.074408
1.078345
1.082846
1.064095
1.087158
1.051532
1.051532
1.08097
1.061282
1.05397
1.050595
1.049094
1.049094
1.06222
1.043094
1.059595
1.021156
1.046469
1.046469
1.032969
1.015344
0.9838426
1.010468
0.9699671
0.9699671
0.9915303
0.9722172
0.9699671
0.9559042
0.9617168
0.9617168
0.9748423
0.9761548
0.9530916
0.968467
0.9521541
0.9714671
0.9714671
1.030719
1.031844
1.025094
1.023031
1.023781
1.023781
1.019094
1.013843
1.013469
1.007468
1.007093
1.007093
1.007843
1.001093
0.9969679
0.9969679
0.9874052
0.9887177
0.9887177
0.98253
0.9797174
0.97953
0.9727797
0.9701546
0.9701546
0.967342
0.9626543
0.9630295
0.9611544
0.9527165
0.9557167
0.9557167
0.9532791
0.9485914
0.9472789
0.9435288
0.9425913
0.9410913
0.9410913
0.9379036
0.9379036
0.9358411
0.9358411
0.9349035
0.931341
0.931341
0.9296534
0.9296534
0.9277783
0.9287158
0.9272158
0.9260908
0.9272158
0.9251533
0.9251533
0.9234656
0.9236532
0.9253407
0.9232782
0.9219657
0.9221531
0.9221531
0.9221531
0.9234656
0.9229032
0.9215906
0.9219657
0.9219657
0.9217781
0.9223406
0.918778
0.9217781
0.9215906
0.9215906
0.9215906
0.9200906
0.9210281
0.9214031
0.9215906
0.9212156
0.9225282
0.9225282
0.9208405
0.9210281
0.9223406
0.9217781
0.9208405
0.9208405
0.9215906
0.9199031
0.9200906
0.9223406
0.9208405
0.9210281
0.9210281
0.9219657
0.9200906
0.9202781
0.9210281
0.9208405
0.9210281
0.9210281
0.9219657
0.9206532
0.9206532
0.9212156
0.9212156
0.9204656
0.9204656
0.9212156
0.9217781
0.9206532
0.9208405
0.9214031
0.9214031
0.9200906
0.9208405
0.9214031
0.9212156
0.9189655
0.9210281
0.9217781
0.9217781
0.9210281
0.9214031
0.9219657
0.9204656
0.9208405
0.9199031
0.9199031
0.9200906
0.9219657
0.9210281
0.9221531
0.9204656
0.9208405
0.9214031
0.9214031
0.9219657
0.9223406
0.9219657
0.9210281
0.9215906
0.9208405
0.9208405
0.9204656
0.9214031
0.9219657
0.9212156
0.9200906
0.9197156
0.9204656
0.9204656
0.9210281
0.9195281
0.9210281
0.9219657
0.9206532
0.9210281
0.9210281
0.9204656
0.9212156
0.9206532
0.9215906
0.9200906
0.9195281
0.9215906
0.9215906
0.9204656
0.9223406
0.9219657
0.9212156
0.9217781
0.9212156
0.9212156
0.9200906
0.9202781
0.9223406
0.9223406
0.9200906
0.9208405
0.9206532
0.9206532
0.9202781
0.9204656
0.9214031
0.9212156
0.9206532
0.9199031
0.9199031
0.9212156
0.9204656
0.9206532
0.9204656
0.9212156
0.9208405
0.9215906
0.9215906
0.9195281
0.9217781
0.9206532
0.9217781
0.9215906
0.9208405
0.9208405
0.9204656
0.9208405
0.9210281
0.9227157
0.9193405
0.9212156
0.9212156
0.9212156
0.9208405
0.9215906
0.9217781
0.9210281
0.9208405
0.9210281
0.9210281
0.9200906
0.9215906
0.9210281
0.9219657
0.9208405
0.9200906
0.9200906
0.9212156
0.9204656
0.9214031
0.9208405
0.9214031
0.9210281
0.9204656
0.9204656
0.9217781
0.9212156
0.9215906
0.9225282
0.9202781
0.9206532
0.9206532
0.9212156
0.9215906
0.9217781
0.9221531
0.9206532
0.9204656
0.9204656
0.9214031
0.9208405
0.9214031
0.9215906
0.9221531
0.9221531
0.9206532
0.9212156
0.9206532
0.9208405
0.9223406
0.9210281
0.9210281
0.9199031
0.9212156
0.9197156
0.9215906
0.9215906
0.9215906
0.9215906
0.9210281
0.9219657
0.9204656
0.9212156
0.9217781
0.9217781
0.9229032
0.9221531
0.9217781
0.9197156
0.9202781
0.9212156
0.9212156
0.9215906
0.9223406
0.9212156
0.9215906
0.9223406
0.9217781
0.9219657
0.9221531
0.9221531
0.9225282
0.9219657
0.9223406
0.9236532
0.9227157
0.9223406
0.9223406
0.9247782
0.9240282
0.9244032
0.9266533
0.9266533
0.9234656
0.9272158
0.9279658
0.9302159
0.9302159
0.9302159
0.9296534
0.9322784
0.931716
0.9341535
0.9341535
0.934341
0.9384662
0.9397787
0.9407162
0.9407162
0.9439038
0.9427788
0.9470915
0.949529
0.9489664
0.9489664
0.9547791
0.9557167
0.9619043
0.9615294
0.9615294
0.9613419
0.9665919
0.970717
0.9699671
0.9789674
0.9789674
0.9797174
0.9842175
0.9892802
0.9892802
0.9892802
0.9958428
0.9969679
1.003718
1.005968
1.004656
1.004656
1.009906
1.014031
1.015344
1.023219
1.023219
1.021531
1.023406
1.029781
1.031469
1.031469
1.031281
1.034844
1.039532
1.039719
1.039719
1.039157
1.040844
1.041032
1.040469
1.040469
1.028281
1.028094
1.027531
0.98403
0.9898427
0.9898427
0.9990305
0.9994055
1.009718
1.016469
1.002593
1.002593
1.044032
1.027531
1.075345
1.037282
1.06747
1.06747
1.045157
1.07572
1.063157
1.06372
1.073658
1.073658
1.062595
1.100471
1.05922
1.098596
1.074408
1.074408
1.080595
1.083971
1.089221
1.100846
1.084721
1.084721
1.111346
1.070095
1.113971
1.084158
1.110784
1.110784
1.100096
1.103471
1.105159
1.100471
1.120722
1.120722
1.082846
1.124847
1.092408
1.112659
1.101221
1.101221
1.103846
1.102346
1.100284
1.119222
1.084533
1.084533
1.124659
1.096908
1.114722
1.100846
1.100846
1.101034
1.101971
1.100471
1.119972
1.084908
1.084908
1.126534
1.092596
1.114159
1.101221
1.100659
1.100659
1.100096
1.101221
1.119972
1.085283
1.124659
1.124659
1.088846
1.102346
1.088283
1.092033
1.088658
1.088658
1.090346
1.106096
1.07797
1.101221
1.065032
1.065032
1.090908
1.075908
1.078533
1.07647
1.07647
1.06147
1.085471
1.045719
1.088283
1.058095
1.058095
1.054907
1.048344
1.051157
1.04872
1.044782
1.044782
1.041594
1.033532
1.033344
1.035594
1.000343
1.000343
0.9915303
1.004281
0.9679046
0.9954679
0.9733422
0.9733422
0.9791549
0.9575917
0.9551542
0.9605918
0.9594668
0.968842
0.968842
0.9420288
0.9804674
1.028281
1.031281
1.028844
1.028844
1.023406
1.023031
1.022281
1.014406
1.013093
1.013093
1.011031
1.006718
1.004656
1.005781
0.9971554
0.9967804
0.9967804
0.9922802
0.9877802
0.9879677
0.9799049
0.9772799
0.9748423
0.9748423
0.968467
0.9697796
0.9647169
0.9620918
0.9622794
0.9624668
0.9544041
0.9544041
0.9544041
0.9508415
0.9482164
0.9478415
0.9422163
0.9431538
0.9431538
0.9418412
0.9394037
0.9382786
0.9337786
0.9328409
0.933216
0.933216
0.9296534
0.9319035
0.9290909
0.9290909
0.9277783
0.9240282
0.9240282
0.9257157
0.9249657
0.9251533
0.9234656
0.9245907
0.9240282
0.9240282
0.9223406
0.9223406
0.9230907
0.9227157
0.9227157
0.9225282
0.9225282
0.9223406
0.9214031
0.9219657
0.9208405
0.9214031
0.9214031
0.9219657
0.9215906
0.9221531
0.9229032
0.9215906
0.9214031
0.9214031
0.9223406
0.9208405
0.9212156
0.9215906
0.9208405
0.9210281
0.9210281
0.9215906
0.9215906
0.9221531
0.9202781
0.9195281
0.9195281
0.9210281
0.9214031
0.9212156
0.9219657
0.9202781
0.9202781
0.9202781
0.9210281
0.9202781
0.9210281
0.9215906
0.9214031
0.9217781
0.9217781
0.9200906
0.9200906
0.9214031
0.9215906
0.9206532
0.9206532
0.9210281
0.9212156
0.9204656
0.9210281
0.9221531
0.9215906
0.9215906
0.9215906
0.9206532
0.9204656
0.9221531
0.9214031
0.9197156
0.9214031
0.9214031
0.9212156
0.9212156
0.9204656
0.9202781
0.9214031
0.9204656
0.9204656
0.9215906
0.9204656
0.9210281
0.9206532
0.9225282
0.9230907
0.9202781
0.9202781
0.9214031
0.9206532
0.9214031
0.9212156
0.9215906
0.9210281
0.9210281
0.9204656
0.9204656
0.9214031
0.9210281
0.9212156
0.9212156
0.9215906
0.9215906
0.9199031
0.9202781
0.9195281
0.9204656
0.9200906
0.9214031
0.9214031
0.9214031
0.9214031
0.9214031
0.9199031
0.9206532
0.9215906
0.9208405
0.9208405
0.9206532
0.9215906
0.9193405
0.9219657
0.9215906
0.9202781
0.9202781
0.9202781
0.9204656
0.9215906
0.9217781
0.9212156
0.9217781
0.9200906
0.9200906
0.9208405
0.9206532
0.9214031
0.9212156
0.9214031
0.9202781
0.9202781
0.9212156
0.9208405
0.9206532
0.9223406
0.9225282
0.9202781
0.9200906
0.9200906
0.9197156
0.9212156
0.9215906
0.9212156
0.9204656
0.9200906
0.9200906
0.9208405
0.9204656
0.9212156
0.9217781
0.9208405
0.9200906
0.9217781
0.9217781
0.9206532
0.9214031
0.9225282
0.9221531
0.9212156
0.9202781
0.9202781
0.9217781
0.9206532
0.9206532
0.9210281
0.9204656
0.9193405
0.9212156
0.9212156
0.9214031
0.9215906
0.9214031
0.9214031
0.9202781
0.9215906
0.9215906
0.9210281
0.9214031
0.9199031
0.9221531
0.9219657
0.9204656
0.9204656
0.9206532
0.9202781
0.9227157
0.9223406
0.9214031
0.9197156
0.9197156
0.9217781
0.9217781
0.9223406
0.9219657
0.9215906
0.9202781
0.9202781
0.9208405
0.9210281
0.9214031
0.9206532
0.9208405
0.9208405
0.9199031
0.9202781
0.9202781
0.9214031
0.9212156
0.9197156
0.9208405
0.9215906
0.9215906
0.9215906
0.9217781
0.9221531
0.9221531
0.9206532
0.9210281
0.9210281
0.9217781
0.9214031
0.9225282
0.9223406
0.9210281
0.9204656
0.9204656
0.9217781
0.9210281
0.9223406
0.9229032
0.9236532
0.9223406
0.9223406
0.9229032
0.9225282
0.9232782
0.9244032
0.9259032
0.9259032
0.9251533
0.9264658
0.9266533
0.9279658
0.9279658
0.9289034
0.9285283
0.9315285
0.9315285
0.9315285
0.9341535
0.9350911
0.9349035
0.9384662
0.9373411
0.9373411
0.9405287
0.9427788
0.9433414
0.9485914
0.9485914
0.949529
0.9512166
0.9551542
0.9547791
0.9547791
0.9619043
0.9620918
0.9617168
0.9694046
0.9709045
0.9709045
0.9744672
0.9772799
0.9784048
0.9874052
0.9874052
0.9883427
0.9926553
0.9960304
0.9969679
1.006156
1.006156
1.007281
1.005593
1.012718
1.014218
1.014218
1.018531
1.023219
1.022469
1.024156
1.024156
1.032032
1.032219
1.031469
1.038407
1.038407
1.036719
1.038219
1.041407
1.040469
1.040469
1.041594
1.034844
1.029031
1.028656
1.028656
1.005968
0.9905928
1.013281
0.9735297
1.032219
1.003343
1.003343
1.015718
1.016656
1.034844
1.05922
1.05922
1.04722
1.053407
1.046844
1.062032
1.070845
1.070845
1.058845
1.087158
1.047594
1.097471
1.07272
1.07272
1.08172
1.07722
1.076845
1.092408
1.07872
1.07872
1.112284
1.071595
1.111534
1.085471
1.096159
1.096159
1.088658
1.096533
1.108721
1.096346
1.123722
1.123722
1.080783
1.125597
1.095596
1.108346
1.100846
1.100846
1.101221
1.104221
1.098596
1.121284
1.121284
1.083221
1.125222
1.092971
1.111909
1.101784
1.101784
1.109846
1.104034
1.100659
1.119972
1.083783
1.083783
1.123909
1.093158
1.112659
1.099346
1.101784
1.101784
1.101034
1.101221
1.121284
1.084721
1.125972
1.125972
1.089783
1.114347
1.099534
1.091846
1.091096
1.091096
1.088846
1.108909
1.072345
1.113409
1.078158
1.078158
1.100284
1.074783
1.076845
1.078345
1.07647
1.07647
1.096346
1.052845
1.087721
1.058282
1.068408
1.068408
1.062595
1.057907
1.062595
1.041594
1.069345
1.069345
1.029969
1.06672
1.011968
1.058282
1.016656
1.016656
1.045157
0.9692171
1.018344
0.9699671
0.9883427
0.9883427
0.9754048
0.9695921
0.9645294
0.965092
0.9787799
0.9754048
0.9754048
0.9410913
0.968467
0.968842
0.9896552
1.030532
1.030532
1.032781
1.028281
1.023406
1.023594
1.021531
1.013469
1.013656
1.011031
1.011031
1.006531
1.008031
1.006718
0.9969679
0.9962179
0.9962179
0.9920928
0.9881552
0.9864676
0.9793424
0.9778423
0.9767173
0.9767173
0.9714671
0.9703421
0.965092
0.9620918
0.9615294
0.9602168
0.9602168
0.9547791
0.952904
0.949154
0.9478415
0.9484039
0.9484039
0.9422163
0.9431538
0.9386537
0.9375286
0.9373411
0.933966
0.933966
0.933591
0.931716
0.9307784
0.9315285
0.9270283
0.9283408
0.9283408
0.9272158
0.9268408
0.9264658
0.9259032
0.9244032
0.9245907
0.9245907
0.9251533
0.9234656
0.9230907
0.9244032
0.9234656
0.9232782
0.9232782
0.9219657
0.9221531
0.9223406
0.9217781
0.9217781
0.9217781
0.9215906
0.9212156
0.9215906
0.9217781
0.9210281
0.9215906
0.9215906
0.9219657
0.9210281
0.9206532
0.9215906
0.9206532
0.9206532
0.9206532
0.9215906
0.9210281
0.9206532
0.9212156
0.9208405
0.9208405
0.9206532
0.9229032
0.9204656
0.9212156
0.9200906
0.9215906
0.9215906
0.9197156
0.9217781
0.9210281
0.9219657
0.9208405
0.9206532
0.9206532
0.9212156
0.9215906
0.9202781
0.9214031
0.9215906
0.9215906
0.9199031
0.9221531
0.9206532
0.9210281
0.9208405
0.9210281
0.9210281
0.9212156
0.9204656
0.9199031
0.9212156
0.9217781
0.9208405
0.9212156
0.9212156
0.9208405
0.9214031
0.9215906
0.9215906
0.9206532
0.9200906
0.9200906
0.9204656
0.9215906
0.9193405
0.9215906
0.9217781
0.9215906
0.9191531
0.9191531
0.9212156
0.9212156
0.9217781
0.9215906
0.9217781
0.9217781
0.9217781
0.9204656
0.9199031
0.9227157
0.9229032
0.9202781
0.9212156
0.9212156
0.9214031
0.9217781
0.9225282
0.9221531
0.9208405
0.9212156
0.9197156
0.9197156
0.9210281
0.9206532
0.9217781
0.9223406
0.9219657
0.9208405
0.9208405
0.9206532
0.9210281
0.9214031
0.9200906
0.9215906
0.9195281
0.9212156
0.9212156
0.9215906
0.9204656
0.9223406
0.9225282
0.9206532
0.9217781
0.9217781
0.9206532
0.9210281
0.9200906
0.9219657
0.9212156
0.9195281
0.9208405
0.9208405
0.9212156
0.9200906
0.9215906
0.9208405
0.9212156
0.9204656
0.9204656
0.9219657
0.9200906
0.9219657
0.9223406
0.9210281
0.9204656
0.9214031
0.9214031
0.9202781
0.9219657
0.9219657
0.9214031
0.9208405
0.9215906
0.9215906
0.9204656
0.9219657
0.9225282
0.9215906
0.9210281
0.9204656
0.9210281
0.9210281
0.9200906
0.9217781
0.9214031
0.9214031
0.9199031
0.9219657
0.9219657
0.9185905
0.9210281
0.9214031
0.9206532
0.9214031
0.9200906
0.9212156
0.9212156
0.9210281
0.9221531
0.9225282
0.9210281
0.9208405
0.9214031
0.9214031
0.9204656
0.9219657
0.9214031
0.9202781
0.9200906
0.9208405
0.9208405
0.9212156
0.9212156
0.9215906
0.9210281
0.9202781
0.9214031
0.9210281
0.9210281
0.9202781
0.9210281
0.9208405
0.9214031
0.9210281
0.9214031
0.9214031
0.9232782
0.9227157
0.9221531
0.9208405
0.9208405
0.9208405
0.9212156
0.9208405
0.9227157
0.9221531
0.9204656
0.9200906
0.9200906
0.9215906
0.9200906
0.9219657
0.9223406
0.9223406
0.9223406
0.9223406
0.9223406
0.9215906
0.9223406
0.9225282
0.9210281
0.9223406
0.9223406
0.9230907
0.9215906
0.9232782
0.9214031
0.9230907
0.9230907
0.9247782
0.9247782
0.9253407
0.9260908
0.9260908
0.9283408
0.9262782
0.9294659
0.9305908
0.9305908
0.9298409
0.9309659
0.9305908
0.934716
0.9350911
0.9350911
0.9367785
0.9388411
0.9390286
0.9442788
0.9442788
0.9429663
0.9463414
0.9497165
0.9484039
0.9553417
0.9553417
0.9564667
0.9581543
0.9624668
0.9619043
0.9619043
0.9662169
0.9699671
0.9705297
0.9769048
0.9782173
0.9782173
0.9830925
0.9866551
0.9872177
0.9971554
0.9971554
0.9954679
1.002593
1.006156
1.006156
1.006156
1.008406
1.014218
1.013469
1.021906
1.021906
1.022469
1.024906
1.028656
1.031281
1.031281
1.031094
1.033532
1.039344
1.039157
1.039157
1.038407
1.041969
1.040844
1.041594
1.029594
1.029594
1.026781
1.027719
1.004468
0.9885302
0.9937803
0.9937803
0.9982804
1.018906
1.002781
1.035969
0.9937803
0.9937803
1.07122
1.029969
1.074783
1.027719
1.078345
1.078345
1.052657
1.077408
1.064095
1.063157
1.076095
1.076095
1.073845
1.099346
1.058282
1.100096
1.100096
1.073658
1.090158
1.088658
1.088846
1.096533
1.096533
1.086033
1.111534
1.070845
1.113409
1.092783
1.092783
1.110596
1.100846
1.101971
1.100284
1.099159
1.099159
1.120159
1.084158
1.125222
1.090158
1.115284
1.115284
1.100659
1.102909
1.100284
1.100471
1.118097
1.118097
1.089221
1.130097
1.093533
1.117722
1.099534
1.099534
1.102909
1.102721
1.100471
1.116972
1.087721
1.087721
1.124847
1.087158
1.120159
1.100659
1.103096
1.103096
1.101221
1.101596
1.116034
1.089221
1.089221
1.121472
1.075345
1.110596
1.087908
1.092783
1.092783
1.090158
1.088846
1.101784
1.070658
1.102534
1.102534
1.061657
1.098034
1.075533
1.078345
1.064657
1.064657
1.062783
1.083783
1.044594
1.088096
1.045344
1.045344
1.05847
1.047407
1.053407
1.047969
1.034094
1.034094
1.033532
1.038782
1.032032
1.002031
0.9879677
0.9879677
0.9909677
0.9909677
0.9789674
0.9889051
0.9701546
0.9564667
0.9570292
0.9626543
0.9626543
0.966967
0.9630295
0.9701546
0.9470915
0.9772799
1.032032
1.032032
1.032594
1.026594
1.024344
1.022469
1.021344
1.021344
1.012906
1.012156
1.009718
1.008031
1.006156
1.006156
1.001843
0.997343
0.9954679
0.9890927
0.9874052
0.9849675
0.9849675
0.9789674
0.9791549
0.9733422
0.9703421
0.9686545
0.9619043
0.9619043
0.9617168
0.9622794
0.9559042
0.9538416
0.9532791
0.9532791
0.9470915
0.9487789
0.9439038
0.9433414
0.9433414
0.9377161
0.9377161
0.9388411
0.9364036
0.9350911
0.933966
0.9296534
0.9307784
0.9307784
0.9294659
0.9283408
0.9294659
0.9272158
0.9255283
0.9255283
0.9253407
0.9255283
0.9244032
0.9240282
0.9245907
0.9225282
0.9225282
0.9215906
0.9219657
0.9230907
0.9230907
0.9217781
0.9221531
0.9221531
0.9217781
0.9204656
0.9219657
0.9215906
0.9215906
0.9204656
0.9204656
0.9208405
0.9212156
0.9214031
0.9219657
0.9212156
0.9212156
0.9210281
0.9234656
0.9208405
0.9215906
0.9215906
0.9214031
0.9214031
0.9195281
0.9206532
0.9214031
0.9223406
0.9193405
0.9193405
0.9208405
0.9212156
0.9202781
0.9221531
0.9214031
0.9215906
0.9215906
0.9200906
0.9221531
0.9202781
0.9214031
0.9210281
0.9199031
0.9199031
0.9214031
0.9210281
0.9208405
0.9204656
0.9215906
0.9199031
0.9199031
0.9215906
0.9202781
0.9206532
0.9208405
0.9217781
0.9219657
0.9219657
0.9227157
0.9195281
0.9214031
0.9219657
0.9206532
0.9212156
0.9212156
0.9212156
0.9210281
0.9191531
0.9221531
0.9200906
0.9214031
0.9210281
0.9210281
0.9208405
0.9199031
0.9208405
0.9208405
0.9197156
0.9200906
0.9200906
0.9199031
0.9212156
0.9208405
0.9208405
0.9212156
0.9202781
0.9223406
0.9223406
0.9210281
0.9212156
0.9204656
0.9210281
0.9212156
0.9219657
0.9219657
0.9208405
0.9212156
0.9199031
0.9208405
0.9219657
0.9202781
0.9208405
0.9208405
0.9214031
0.9199031
0.9217781
0.9212156
0.9208405
0.9210281
0.9210281
0.9200906
0.9206532
0.9210281
0.9219657
0.9208405
0.9208405
0.9219657
0.9219657
0.9214031
0.9214031
0.9206532
0.9215906
0.9193405
0.9206532
0.9206532
0.9206532
0.9206532
0.9204656
0.9221531
0.9208405
0.9212156
0.9206532
0.9206532
0.9221531
0.9214031
0.9195281
0.9215906
0.9199031
0.9208405
0.9208405
0.9208405
0.9215906
0.9214031
0.9219657
0.9202781
0.9210281
0.9210281
0.9225282
0.9214031
0.9212156
0.9202781
0.9212156
0.9208405
0.9229032
0.9229032
0.9206532
0.9195281
0.9208405
0.9219657
0.9199031
0.9202781
0.9202781
0.9214031
0.9208405
0.9217781
0.9204656
0.9217781
0.9219657
0.9208405
0.9206532
0.9210281
0.9206532
0.9206532
0.9215906
0.9227157
0.9214031
0.9210281
0.9217781
0.9195281
0.9195281
0.9208405
0.9210281
0.9208405
0.9215906
0.9200906
0.9200906
0.9204656
0.9212156
0.9210281
0.9217781
0.9221531
0.9204656
0.9204656
0.9217781
0.9219657
0.9199031
0.9206532
0.9210281
0.9219657
0.9219657
0.9214031
0.9208405
0.9206532
0.9223406
0.9215906
0.9202781
0.9202781
0.9206532
0.9215906
0.9208405
0.9225282
0.9221531
0.9221531
0.9210281
0.9217781
0.9208405
0.9227157
0.9210281
0.9212156
0.9212156
0.9212156
0.9219657
0.9215906
0.9221531
0.9214031
0.9229032
0.9229032
0.9214031
0.9229032
0.9219657
0.9223406
0.9225282
0.9215906
0.9215906
0.9253407
0.9242157
0.9242157
0.9253407
0.9253407
0.9264658
0.9259032
0.9266533
0.9266533
0.9266533
0.9298409
0.9292784
0.9315285
0.9319035
0.9326534
0.9326534
0.9350911
0.9360286
0.9401537
0.9392162
0.9392162
0.9405287
0.9444663
0.9442788
0.9487789
0.9489664
0.9489664
0.9523416
0.9564667
0.9551542
0.9619043
0.9619043
0.9617168
0.9613419
0.9679046
0.9705297
0.9729671
0.9729671
0.9782173
0.9799049
0.9866551
0.9885302
0.9885302
0.9917177
0.9971554
0.9960304
1.005593
1.005593
1.006718
1.006156
1.012531
1.014406
1.014406
1.016656
1.024344
1.024156
1.023406
1.023406
1.030344
1.032406
1.030719
1.037844
1.037844
1.039907
1.037844
1.042344
1.040844
1.040844
1.040657
1.035969
1.028844
1.027156
1.016469
1.016469
0.9943429
0.9971554
0.9890927
1.015344
1.002968
1.002968
1.033906
0.9862801
1.057907
1.032594
1.074033
1.074033
1.027531
1.074595
1.041407
1.084533
1.060532
1.060532
1.065595
1.063532
1.074033
1.093908
1.061657
1.061657
1.101971
1.067658
1.090346
1.087721
1.090158
1.090158
1.089971
1.088283
1.105346
1.07572
1.112284
1.112284
1.078533
1.122409
1.099534
1.106659
1.101784
1.101784
1.102159
1.112096
1.092783
1.123159
1.083408
1.083408
1.123534
1.098034
1.108721
1.102909
1.102909
1.101221
1.110784
1.096721
1.124284
1.092971
1.092971
1.124472
1.097846
1.108346
1.101409
1.102534
1.102534
1.109284
1.096721
1.123159
1.081533
1.126909
1.095971
1.095971
1.110784
1.099721
1.101784
1.105721
1.105721
1.099346
1.122222
1.074408
1.113034
1.082658
1.082658
1.100659
1.090721
1.090908
1.091471
1.086971
1.086971
1.097283
1.056595
1.100471
1.07197
1.082846
1.082846
1.071783
1.062783
1.050407
1.087346
1.052657
1.076845
1.047969
1.047969
1.050032
1.049094
1.049469
1.05547
1.031281
1.031281
1.042907
1.033719
1.034094
1.001281
1.004468
1.004468
0.9849675
1.002593
0.9694046
0.9739047
0.9958428
0.9958428
0.9568417
0.9562792
0.9607793
0.9555291
0.9634045
0.9547791
0.9547791
0.9600293
1.022844
1.029781
1.031281
1.022844
1.022844
1.022844
1.023594
1.016281
1.014218
1.013281
1.013281
1.005218
1.004656
1.007093
0.9990305
0.9964054
0.9943429
0.9943429
0.9900302
0.9883427
0.9804674
0.9782173
0.9769048
0.9701546
0.9701546
0.970717
0.9656545
0.9617168
0.9620918
0.9607793
0.9607793
0.9544041
0.9545917
0.951029
0.9484039
0.9469039
0.9429663
0.9429663
0.9427788
0.9416537
0.9384662
0.9382786
0.9324659
0.933966
0.933966
0.9328409
0.9315285
0.9311534
0.9300283
0.9279658
0.9281533
0.9281533
0.9255283
0.9257157
0.9253407
0.9244032
0.9232782
0.9251533
0.9251533
0.9242157
0.9227157
0.9227157
0.9214031
0.9223406
0.9223406
0.9223406
0.9225282
0.9225282
0.9217781
0.9208405
0.9215906
0.9215906
0.9206532
0.9225282
0.9221531
0.9214031
0.9210281
0.9221531
0.9221531
0.9199031
0.9221531
0.9219657
0.9221531
0.9215906
0.9217781
0.9217781
0.9215906
0.9217781
0.9219657
0.9215906
0.9199031
0.9199031
0.9215906
0.9215906
0.9202781
0.9214031
0.9215906
0.9195281
0.9195281
0.9206532
0.9212156
0.9199031
0.9206532
0.9217781
0.9210281
0.9210281
0.9208405
0.9204656
0.9206532
0.9204656
0.9215906
0.9227157
0.9227157
0.9200906
0.9206532
0.9214031
0.9208405
0.9227157
0.9221531
0.9221531
0.9206532
0.918778
0.9200906
0.9221531
0.9202781
0.9208405
0.9208405
0.9212156
0.9208405
0.9202781
0.9202781
0.9199031
0.9210281
0.9206532
0.9206532
0.9210281
0.9212156
0.9212156
0.9206532
0.9202781
0.9219657
0.9219657
0.9219657
0.9215906
0.9199031
0.9217781
0.9215906
0.9200906
0.9214031
0.9214031
0.9223406
0.9206532
0.9199031
0.9215906
0.9204656
0.9204656
0.9215906
0.9215906
0.9208405
0.9215906
0.9202781
0.9214031
0.9217781
0.9217781
0.9217781
0.9217781
0.9204656
0.9212156
0.9206532
0.9219657
0.9219657
0.9219657
0.9212156
0.9210281
0.9204656
0.9214031
0.9215906
0.9214031
0.9206532
0.9206532
0.9195281
0.9202781
0.9215906
0.9210281
0.9214031
0.9210281
0.9210281
0.9208405
0.9212156
0.9202781
0.9202781
0.9208405
0.9199031
0.9214031
0.9214031
0.9206532
0.9214031
0.9199031
0.9221531
0.9208405
0.9219657
0.9219657
0.9206532
0.9212156
0.9217781
0.9204656
0.9206532
0.9212156
0.9202781
0.9204656
0.9197156
0.9197156
0.9210281
0.9214031
0.9210281
0.9210281
0.9210281
0.9214031
0.9195281
0.9195281
0.9217781
0.9219657
0.9215906
0.9215906
0.9206532
0.9208405
0.9208405
0.9215906
0.9236532
0.9212156
0.9204656
0.9210281
0.9202781
0.9202781
0.9227157
0.9225282
0.9206532
0.9202781
0.9202781
0.9204656
0.9212156
0.9212156
0.9208405
0.9214031
0.9219657
0.9208405
0.9212156
0.9202781
0.9202781
0.9204656
0.9202781
0.9206532
0.9214031
0.9215906
0.9208405
0.9208405
0.9208405
0.9217781
0.9230907
0.9202781
0.9214031
0.9214031
0.9212156
0.9214031
0.9206532
0.9225282
0.9206532
0.9206532
0.9206532
0.9197156
0.9214031
0.9208405
0.9215906
0.9210281
0.9202781
0.9202781
0.9208405
0.9204656
0.9215906
0.9214031
0.9215906
0.9215906
0.9212156
0.9225282
0.9202781
0.9221531
0.9212156
0.9215906
0.9215906
0.9229032
0.9215906
0.9219657
0.9229032
0.9234656
0.9219657
0.9219657
0.9229032
0.9232782
0.9244032
0.9249657
0.9247782
0.9255283
0.9255283
0.9249657
0.9262782
0.9274034
0.9274034
0.9275908
0.9277783
0.9292784
0.9322784
0.9322784
0.9311534
0.9326534
0.9360286
0.9360286
0.9399662
0.9399662
0.9384662
0.9395912
0.9431538
0.9448413
0.9448413
0.9485914
0.9474665
0.9534666
0.9562792
0.9570292
0.9570292
0.9615294
0.9620918
0.9628419
0.9714671
0.9714671
0.9695921
0.9750298
0.97953
0.9789674
0.9870301
0.9870301
0.9857176
0.9924678
0.9962179
0.9979054
0.9979054
1.005406
1.006343
1.006718
1.012343
1.012343
1.012718
1.018156
1.022281
1.022656
1.022656
1.026406
1.031657
1.032406
1.034094
1.034094
1.039344
1.038594
1.038219
1.040657
1.040657
1.041219
1.040469
1.033532
1.027719
1.028469
1.028469
0.9904052
1.010656
0.9750298
1.016469
0.9922802
0.9922802
1.024719
1.011218
1.007656
1.066158
1.043657
1.043657
1.057532
1.048344
1.05247
1.060345
1.06447
1.06447
1.07797
1.050032
1.086971
1.06597
1.089596
1.089596
1.075345
1.077408
1.079283
1.075345
1.110409
1.110409
1.071033
1.114722
1.081158
1.101034
1.088658
1.088658
1.089971
1.095408
1.099159
1.118097
1.088283
1.088283
1.125034
1.090158
1.118472
1.100284
1.102721
1.102721
1.100846
1.102346
1.118659
