1.0
1.603736
1.605049
1.605049
1.606362
1.605049
1.603174
1.603174
1.603736
1.604299
1.604486
1.605424
1.605799
1.605799
1.608424
1.606174
1.604861
1.604674
1.604299
1.604111
1.604486
1.603736
1.603924
1.603924
1.606549
1.604674
1.603736
1.603736
1.603549
1.603362
1.604111
1.605236
1.605986
1.605986
1.607674
1.605236
1.605236
1.604674
1.603736
1.602611
1.604299
1.603736
1.602424
1.602424
1.603924
1.604674
1.605049
1.604674
1.604486
1.602799
1.602424
1.605049
1.605049
1.605049
1.605236
1.605611
1.606362
1.605424
1.604861
1.603736
1.601111
1.601674
1.601674
1.603924
1.604111
1.604111
1.604486
1.606549
1.606362
1.605424
1.601111
1.604299
1.604299
1.605236
1.605236
1.605049
1.604674
1.605986
1.604486
1.603362
1.598861
1.602799
1.602799
1.603549
1.603924
1.604111
1.605236
1.606174
1.606737
1.604299
1.602611
1.604486
1.604486
1.604674
1.604674
1.604861
1.604299
1.604299
1.605424
1.607862
1.604111
1.603736
1.603736
1.603362
1.604111
1.604486
1.604861
1.606174
1.607487
1.608424
1.605799
1.605236
1.605236
1.604486
1.604299
1.604861
1.604111
1.603924
1.605236
1.605611
1.604111
1.604111
1.603924
1.604111
1.603924
1.604861
1.605236
1.605799
1.606549
1.606549
1.605611
1.605611
1.605049
1.604486
1.603362
1.604299
1.604861
1.603549
1.604486
1.604861
1.604674
1.604674
1.604486
1.603174
1.602424
1.604674
1.604674
1.604299
1.606174
1.605986
1.605424
1.605424
1.604861
1.602611
1.603736
1.604486
1.602799
1.603924
1.603924
1.604861
1.604486
1.604486
1.604861
1.602799
1.602986
1.604674
1.605049
1.605049
1.605611
1.606174
1.606174
1.605424
1.603924
1.602799
1.602986
1.605236
1.605424
1.605611
1.606174
1.607674
1.607674
1.608237
1.609174
1.606362
1.605049
1.606737
1.605986
1.605236
1.605424
1.606362
1.606362
1.605611
1.604486
1.602986
1.598486
1.600549
1.601486
1.601299
1.601674
1.602799
1.602799
1.604674
1.604486
1.602424
1.597736
1.603362
1.603174
1.603549
1.603549
1.602986
1.602986
1.603549
1.604674
1.605986
1.603174
1.603362
1.602799
1.603549
1.604486
1.604486
1.605236
1.606174
1.607862
1.606737
1.605611
1.605611
1.605236
1.604861
1.605049
1.605049
1.604861
1.604486
1.606549
1.606924
1.605049
1.604674
1.604486
1.604299
1.605049
1.605049
1.605611
1.605424
1.608049
1.607862
1.606362
1.605986
1.605236
1.604674
1.605049
1.605049
1.605611
1.603736
1.604299
1.605236
1.605799
1.605424
1.605049
1.602424
1.604486
1.604486
1.606174
1.604674
1.606362
1.606549
1.606737
1.605799
1.605049
1.603174
1.603174
1.603174
1.604486
1.604486
1.605236
1.605049
1.605611
1.606549
1.606737
1.604486
1.604486
1.602799
1.606174
1.605986
1.606174
1.606174
1.606549
1.606924
1.605799
1.603924
1.603924
1.601486
1.603549
1.605049
1.605049
1.605236
1.606174
1.608237
1.607112
1.605799
1.605799
1.601486
1.605236
1.606174
1.606174
1.605986
1.605986
1.605799
1.606549
1.604861
1.604861
1.603174
1.604299
1.604486
1.605236
1.605799
1.606549
1.607487
1.608049
1.608049
1.605236
1.605611
1.605986
1.606174
1.605611
1.606174
1.605049
1.605424
1.607862
1.607862
1.608612
1.605424
1.605049
1.604861
1.605424
1.605611
1.606549
1.606549
1.608987
1.608987
1.609174
1.606737
1.606549
1.605986
1.604861
1.605424
1.605986
1.604486
1.604299
1.604299
1.605611
1.605799
1.606549
1.606174
1.604861
1.603549
1.605236
1.606549
1.605799
1.605799
1.606737
1.607299
1.607487
1.606737
1.604861
1.604111
1.604299
1.606362
1.606362
1.605424
1.605611
1.606174
1.606924
1.607487
1.605986
1.604299
1.606549
1.606924
1.606924
1.607299
1.607299
1.607487
1.608237
1.606924
1.605799
1.602049
1.602237
1.605611
1.605611
1.605799
1.606174
1.606737
1.608799
1.608799
1.608237
1.603174
1.605424
1.607112
1.607112
1.607299
1.607112
1.607112
1.608424
1.607674
1.607487
1.602986
1.605424
1.605424
1.605424
1.605799
1.606362
1.606737
1.607674
1.609174
1.608237
1.608049
1.606924
1.606737
1.606737
1.606737
1.606737
1.606549
1.606174
1.606362
1.609737
1.606924
1.606174
1.606174
1.605611
1.605986
1.605611
1.606924
1.606924
1.608799
1.609549
1.607299
1.607112
1.607112
1.606549
1.605799
1.606174
1.606362
1.605424
1.605424
1.605799
1.606362
1.605611
1.605611
1.605799
1.603736
1.604299
1.606362
1.605236
1.606737
1.607674
1.607299
1.606737
1.606737
1.605799
1.604111
1.604861
1.605611
1.603736
1.605049
1.605236
1.606362
1.605799
1.605799
1.604861
1.602986
1.604111
1.606737
1.606362
1.606549
1.606737
1.607112
1.607112
1.606362
1.604861
1.603549
1.603174
1.605049
1.605236
1.605424
1.605424
1.605986
1.605986
1.607299
1.607299
1.604861
1.603362
1.605799
1.606549
1.606549
1.606549
1.607112
1.607112
1.607487
1.605799
1.604486
1.600736
1.604111
1.605424
1.605236
1.605799
1.606549
1.606549
1.608237
1.607674
1.605424
1.602237
1.606549
1.606362
1.606549
1.606174
1.605799
1.605799
1.605799
1.607299
1.608049
1.605424
1.605049
1.605049
1.605611
1.606362
1.606362
1.607112
1.607862
1.610112
1.608049
1.607112
1.606924
1.606549
1.606549
1.606174
1.606174
1.605799
1.606549
1.609924
1.606924
1.605986
1.605611
1.605611
1.605986
1.606737
1.606737
1.607487
1.608237
1.610487
1.607299
1.607299
1.606549
1.606549
1.606549
1.606362
1.606362
1.605799
1.607862
1.607674
1.605799
1.606174
1.605986
1.605236
1.605049
1.606549
1.606549
1.606737
1.607112
1.607862
1.608424
1.607299
1.606924
1.604486
1.604674
1.605986
1.605986
1.605611
1.605611
1.605611
1.606362
1.607112
1.606924
1.605236
1.604674
1.604674
1.606362
1.606362
1.607674
1.607299
1.608049
1.607674
1.606362
1.605049
1.604111
1.604111
1.605424
1.605986
1.605986
1.606549
1.608049
1.608237
1.606549
1.603736
1.606362
1.607299
1.607299
1.607299
1.607299
1.606924
1.608049
1.608049
1.606362
1.605236
1.602611
1.602611
1.605424
1.605799
1.606174
1.606737
1.608049
1.608987
1.607674
1.603736
1.606737
1.606737
1.606924
1.607299
1.606924
1.606737
1.606549
1.608049
1.608424
1.605236
1.605611
1.605611
1.605799
1.606174
1.606549
1.607299
1.608049
1.610112
1.609174
1.608049
1.607299
1.607299
1.607112
1.606924
1.607112
1.606737
1.606549
1.607862
1.609737
1.606737
1.606737
1.606737
1.606362
1.606549
1.606362
1.607487
1.607487
1.609549
1.608799
1.608049
1.608049
1.607487
1.607112
1.605986
1.606549
1.606924
1.606362
1.605424
1.606549
1.607299
1.607299
1.606737
1.607112
1.604486
1.605049
1.607299
1.605799
1.607299
1.608424
1.608424
1.608424
1.607487
1.606174
1.605049
1.605611
1.606174
1.605424
1.606362
1.606549
1.607299
1.607299
1.607487
1.608424
1.605424
1.604674
1.607487
1.607862
1.607487
1.607862
1.607487
1.607487
1.608237
1.606549
1.605799
1.602611
1.604299
1.605986
1.606362
1.606362
1.606362
1.607112
1.608237
1.609549
1.608799
1.606549
1.605799
1.607112
1.607299
1.607299
1.607299
1.606924
1.606549
1.606549
1.609737
1.608237
1.606549
1.605986
1.606174
1.606737
1.606737
1.607299
1.607862
1.608049
1.610487
1.610299
1.608237
1.608049
1.606924
1.606737
1.606737
1.607112
1.607487
1.606174
1.606549
1.607112
1.607674
1.606737
1.606549
1.604111
1.604111
1.605611
1.607112
1.605799
1.607487
1.608612
1.609362
1.607674
1.606924
1.606924
1.605049
1.604486
1.605236
1.606549
1.606924
1.607674
1.608237
1.609737
1.610674
1.610674
1.608987
1.607112
1.609362
1.611237
1.611049
1.611237
1.610862
1.611987
1.610299
1.610299
1.607862
1.605049
1.602986
1.606174
1.606924
1.606549
1.606174
1.607112
1.607674
1.607674
1.606362
1.602611
1.602237
1.604861
1.605424
1.605236
1.604861
1.605049
1.605424
1.605424
1.607487
1.605799
1.605236
1.604486
1.605236
1.605611
1.606174
1.607112
1.607862
1.607862
1.610299
1.609362
1.608049
1.607299
1.607299
1.607299
1.607487
1.607299
1.607299
1.607299
1.609737
1.608237
1.606924
1.606737
1.606549
1.606737
1.607299
1.608424
1.608424
1.608424
1.611237
1.608799
1.608612
1.607862
1.607487
1.606924
1.607674
1.606924
1.606924
1.606924
1.607674
1.607862
1.607299
1.607487
1.605799
1.606362
1.608049
1.607299
1.607299
1.609174
1.609737
1.608987
1.608612
1.607862
1.605799
1.607674
1.607112
1.605611
1.605611
1.607112
1.607674
1.608799
1.608049
1.607112
1.605424
1.605611
1.608237
1.607674
1.607674
1.608612
1.609362
1.609362
1.608612
1.606549
1.605986
1.605799
1.607862
1.607862
1.607299
1.607299
1.607674
1.608612
1.608612
1.608424
1.605799
1.606174
1.608612
1.608612
1.608799
1.608424
1.608799
1.609174
1.609362
1.607487
1.606924
1.601674
1.605236
1.605236
1.607112
1.607487
1.607862
1.608799
1.610487
1.610674
1.607487
1.604486
1.608237
1.608237
1.608612
1.608424
1.608049
1.608424
1.609737
1.608987
1.607112
1.605049
1.607112
1.607112
1.607487
1.607674
1.608612
1.609924
1.610487
1.608049
1.604486
1.608237
1.608237
1.608424
1.608424
1.608424
1.607862
1.608424
1.609737
1.609924
1.607112
1.607487
1.607487
1.606924
1.607674
1.608049
1.608799
1.608987
1.610487
1.613112
1.609737
1.609174
1.609174
1.608799
1.607862
1.608799
1.608049
1.607862
1.608424
1.609174
1.609174
1.608049
1.608049
1.608237
1.607487
1.606924
1.608799
1.608612
1.609174
1.610862
1.609737
1.609174
1.609174
1.608424
1.607299
1.608237
1.608799
1.607299
1.607862
1.608799
1.609174
1.609174
1.608424
1.608424
1.605611
1.607299
1.608987
1.607862
1.609549
1.609737
1.610487
1.610487
1.609549
1.607674
1.607112
1.607299
1.608424
1.607674
1.608424
1.609174
1.608987
1.608987
1.608987
1.606549
1.607299
1.609174
1.608237
1.610112
1.609924
1.610674
1.609737
1.609737
1.608987
1.607112
1.606549
1.607112
1.608424
1.608237
1.608424
1.609924
1.609362
1.609362
1.609737
1.606737
1.608049
1.610112
1.609549
1.609737
1.609737
1.609549
1.608237
1.608237
1.607112
1.605986
1.607674
1.607862
1.608424
1.608237
1.609549
1.608987
1.608987
1.609924
1.607299
1.607487
1.609924
1.608987
1.609362
1.609549
1.609924
1.608799
1.608799
1.608237
1.607112
1.604111
1.606549
1.607862
1.608049
1.608237
1.608424
1.610674
1.610674
1.610112
1.607674
1.603174
1.607862
1.609174
1.609174
1.608799
1.608799
1.609549
1.609549
1.609174
1.607487
1.604674
1.607112
1.607674
1.607862
1.608424
1.609174
1.609174
1.609924
1.611424
1.611049
1.608987
1.608987
1.608799
1.608424
1.608424
1.607862
1.607862
1.608237
1.610674
1.611987
1.607862
1.607674
1.608049
1.608049
1.608049
1.608799
1.608799
1.609174
1.610674
1.611237
1.610112
1.609737
1.608987
1.607487
1.606924
1.608424
1.608424
1.607299
1.606362
1.608049
1.608799
1.608612
1.608799
1.606362
1.606174
1.608424
1.608424
1.607487
1.608987
1.609737
1.610487
1.609737
1.608612
1.606549
1.606924
1.606924
1.607112
1.608799
1.608237
1.608237
1.608612
1.609737
1.610112
1.610299
1.607862
1.607862
1.606174
1.609174
1.609549
1.609549
1.609362
1.610299
1.610112
1.607862
1.605799
1.605799
1.603924
1.607674
1.608049
1.608237
1.608987
1.611049
1.610674
1.610674
1.605236
1.605236
1.607487
1.609362
1.609737
1.609174
1.608987
1.609549
1.610487
1.610862
1.609549
1.609549
1.607862
1.608049
1.608049
1.608612
1.608612
1.609549
1.610112
1.612737
1.612737
1.612924
1.609924
1.609737
1.609362
1.608612
1.609174
1.608987
1.608424
1.607487
1.607487
1.608799
1.609549
1.608987
1.608987
1.607112
1.606924
1.608799
1.608799
1.608987
1.608987
1.609924
1.611237
1.610299
1.609549
1.607299
1.608237
1.609174
1.607299
1.608424
1.608424
1.608612
1.609362
1.608987
1.608049
1.606362
1.607862
1.609174
1.608799
1.609737
1.609737
1.610674
1.611049
1.610112
1.608612
1.607299
1.605611
1.607487
1.608799
1.608799
1.608799
1.608799
1.609549
1.610674
1.611424
1.609174
1.606549
1.609549
1.609924
1.609924
1.609924
1.609924
1.609549
1.611049
1.609362
1.608612
1.603736
1.606924
1.608424
1.608424
1.608799
1.609362
1.610299
1.611424
1.611424
1.609549
1.605986
1.609737
1.609737
1.609737
1.609924
1.609924
1.609174
1.609737
1.611049
1.610487
1.608237
1.608237
1.608424
1.608424
1.608987
1.609549
1.610299
1.611049
1.613112
1.612549
1.610112
1.609737
1.609737
1.609362
1.609362
1.609737
1.608987
1.608612
1.611424
1.611237
1.609174
1.608799
1.608799
1.608612
1.608799
1.609924
1.609924
1.610862
1.612362
1.611424
1.610487
1.610112
1.610112
1.609174
1.608987
1.609362
1.609362
1.607487
1.608987
1.609737
1.609549
1.609174
1.609174
1.608424
1.606549
1.608987
1.609737
1.608612
1.610112
1.610674
1.611049
1.610112
1.610112
1.608612
1.607299
1.607112
1.609174
1.608612
1.609362
1.608987
1.609737
1.611612
1.610112
1.610112
1.605986
1.606924
1.609924
1.610487
1.610112
1.609737
1.610299
1.610862
1.610299
1.610299
1.607674
1.606174
1.608612
1.608612
1.609174
1.609737
1.610674
1.611987
1.611987
1.612362
1.609737
1.610112
1.609924
1.609924
1.610112
1.608987
1.608987
1.609924
1.609924
1.612737
1.609362
1.608799
1.608612
1.609174
1.609549
1.609737
1.610299
1.610112
1.610112
1.614049
1.610862
1.610862
1.610487
1.610112
1.610862
1.611424
1.610862
1.612362
1.612362
1.613674
1.612362
1.612174
1.612174
1.612174
1.612737
1.613487
1.613112
1.614049
1.614049
1.612737
1.611237
1.611049
1.610112
1.609737
1.609549
1.608424
1.606549
1.606549
1.606362
1.607112
1.606737
1.606737
1.606924
1.604861
1.606362
1.608237
1.607862
1.607862
1.608987
1.609549
1.608987
1.608424
1.607112
1.606737
1.608049
1.607299
1.607674
1.607674
1.608612
1.609362
1.609549
1.609362
1.607299
1.607674
1.609737
1.608612
1.610487
1.610487
1.610674
1.611799
1.610112
1.609924
1.608237
1.608237
1.608612
1.609924
1.609362
1.609362
1.609737
1.609924
1.611049
1.611237
1.609362
1.608049
1.610674
1.610862
1.611237
1.611237
1.611049
1.611049
1.611799
1.610112
1.609174
1.605986
1.607487
1.609549
1.609549
1.609549
1.609549
1.610487
1.612549
1.612362
1.611612
1.606362
1.608799
1.610487
1.610487
1.611049
1.610674
1.610299
1.610674
1.611612
1.611987
1.608237
1.609549
1.609549
1.609549
1.609737
1.610112
1.610862
1.611612
1.612549
1.612174
1.611049
1.610674
1.610674
1.610674
1.610487
1.610674
1.609549
1.610299
1.611799
1.613112
1.610299
1.609737
1.609549
1.609549
1.609924
1.609924
1.611049
1.611424
1.614612
1.613674
1.611237
1.611237
1.611237
1.610674
1.609924
1.610674
1.610299
1.609924
1.610299
1.611049
1.610862
1.610112
1.610112
1.609924
1.608612
1.609737
1.610862
1.610487
1.612174
1.612549
1.611612
1.611424
1.611424
1.610112
1.609924
1.610487
1.610487
1.609174
1.610299
1.610862
1.610487
1.610674
1.610674
1.609362
1.607862
1.610487
1.609924
1.610674
1.611987
1.612362
1.611424
1.610862
1.610862
1.608612
1.609362
1.609362
1.609362
1.610299
1.610112
1.611237
1.611049
1.611987
1.611987
1.609362
1.608987
1.611424
1.611987
1.611612
1.611987
1.612549
1.611799
1.611799
1.610299
1.609549
1.607674
1.610299
1.610299
1.610862
1.611049
1.611987
1.612549
1.612549
1.611237
1.609549
1.610112
1.612549
1.611987
1.612362
1.612174
1.612924
1.611237
1.611237
1.610487
1.608049
1.609174
1.610862
1.611049
1.611424
1.611424
1.612924
1.613299
1.613299
1.612549
1.607487
1.610487
1.612174
1.612549
1.612362
1.612174
1.613299
1.612362
1.612362
1.611424
1.606924
1.609174
1.610862
1.611237
1.611424
1.611987
1.614049
1.614049
1.613112
1.612174
1.608237
1.611799
1.612174
1.612362
1.611612
1.611237
1.611799
1.611799
1.612924
1.611612
1.610299
1.610299
1.610487
1.611237
1.611612
1.612362
1.613299
1.613299
1.614424
1.611987
1.611987
1.611237
1.611237
1.611612
1.611424
1.610862
1.611049
1.611049
1.613487
1.612737
1.610862
1.610487
1.610299
1.609737
1.610487
1.611424
1.611237
1.611237
1.614424
1.613112
1.612174
1.611612
1.611049
1.608424
1.609174
1.609924
1.609924
1.610487
1.610487
1.610112
1.610674
1.611424
1.611424
1.609174
1.608049
1.610674
1.610674
1.610112
1.611049
1.611799
1.612549
1.611424
1.611049
1.609174
1.608237
1.609924
1.609924
1.610487
1.609924
1.610299
1.611237
1.611424
1.611799
1.608799
1.609174
1.611049
1.611049
1.611612
1.611424
1.611799
1.611987
1.611799
1.610862
1.609174
1.605986
1.608049
1.608049
1.609924
1.610299
1.610487
1.611237
1.613674
1.612737
1.610487
1.606924
1.606924
1.611049
1.611612
1.611424
1.611049
1.610674
1.611237
1.611987
1.612924
1.610862
1.610862
1.610112
1.609924
1.610299
1.610862
1.611049
1.611987
1.613674
1.613112
1.611799
1.611799
1.611237
1.611049
1.611237
1.611612
1.610862
1.610674
1.611237
1.613299
1.611049
1.611049
1.610112
1.610299
1.610487
1.610487
1.611612
1.612549
1.614799
1.613112
1.612362
1.612362
1.611612
1.611049
1.610862
1.611049
1.610674
1.610112
1.612737
1.611424
1.611049
1.611049
1.610674
1.610487
1.609737
1.611612
1.611987
1.613487
1.613862
1.612362
1.612362
1.611987
1.611799
1.610299
1.610862
1.611237
1.611237
1.609362
1.611237
1.611612
1.611612
1.611237
1.611049
1.608799
1.608987
1.611424
1.610299
1.611424
1.612174
1.612737
1.612737
1.612174
1.610862
1.609174
1.609737
1.610862
1.610299
1.610862
1.610862
1.611237
1.611237
1.611987
1.613299
1.612174
1.609174
1.610674
1.611987
1.611987
1.612174
1.612174
1.612174
1.613112
1.611987
1.611049
1.606737
1.608424
1.610299
1.610862
1.610862
1.610862
1.611799
1.613299
1.613112
1.610862
1.608049
1.610862
1.612362
1.611987
1.611799
1.611799
1.611987
1.613112
1.612174
1.611049
1.606924
1.610299
1.610674
1.611049
1.611424
1.611424
1.612174
1.613674
1.612924
1.610299
1.609362
1.611799
1.612174
1.611987
1.611612
1.611612
1.611237
1.611799
1.613112
1.609924
1.610487
1.610487
1.610862
1.611237
1.611799
1.611799
1.612549
1.614049
1.615362
1.612362
1.612174
1.611987
1.611612
1.611612
1.611612
1.611424
1.611237
1.612174
1.614612
1.611987
1.611424
1.611237
1.611049
1.610112
1.610112
1.611612
1.612362
1.610862
1.613299
1.613487
1.613112
1.612174
1.611237
1.610674
1.610674
1.611424
1.610674
1.610299
1.611049
1.612174
1.611237
1.611424
1.609737
1.610487
1.610487
1.611799
1.611987
1.612362
1.612924
1.613674
1.612549
1.611799
1.609362
1.610299
1.610299
1.610674
1.611237
1.611049
1.611987
1.612737
1.612362
1.611612
1.609549
1.609549
1.610487
1.612924
1.611612
1.612737
1.612924
1.613487
1.612174
1.611237
1.609737
1.609737
1.608424
1.610487
1.610862
1.611049
1.611237
1.611987
1.613487
1.613674
1.613299
1.613299
1.607487
1.611049
1.612362
1.612737
1.612362
1.612549
1.613299
1.612174
1.611612
1.611612
1.606924
1.609174
1.610674
1.610862
1.611799
1.612737
1.613862
1.613862
1.611799
1.611799
1.608424
1.611799
1.612362
1.612362
1.612362
1.611424
1.611799
1.613674
1.613674
1.614987
1.611799
1.611049
1.610674
1.611237
1.611987
1.611987
1.612549
1.615549
1.615549
1.614424
1.612362
1.612362
1.611799
1.611799
1.612362
1.611237
1.611799
1.614049
1.614049
1.612924
1.611424
1.611049
1.611049
1.611237
1.612174
1.612737
1.613299
1.615924
1.615924
1.613674
1.612924
1.612174
1.611799
1.610862
1.611987
1.611799
1.610112
1.611237
1.611237
1.612174
1.611799
1.611987
1.610674
1.609362
1.610487
1.611987
1.611237
1.611237
1.612737
1.613112
1.613112
1.612362
1.610674
1.610112
1.610112
1.612174
1.611799
1.611799
1.612737
1.613112
1.614612
1.614799
1.614424
1.612174
1.614424
1.614987
1.616112
1.616112
1.615549
1.614799
1.613299
1.612174
1.611237
1.610112
1.607862
1.610674
1.610299
1.610299
1.610112
1.609362
1.609737
1.611237
1.607299
1.605424
1.609362
1.610112
1.610112
1.610112
1.610112
1.610862
1.611799
1.611612
1.609549
1.607674
1.609924
1.610112
1.610862
1.610862
1.610862
1.611987
1.612924
1.614987
1.614799
1.613112
1.612174
1.612362
1.611987
1.611987
1.611799
1.611424
1.611987
1.615362
1.612362
1.611612
1.611237
1.611424
1.611987
1.611987
1.613112
1.613299
1.614612
1.617424
1.613487
1.613112
1.612549
1.612362
1.612549
1.612549
1.612174
1.612174
1.612924
1.614612
1.612549
1.611799
1.611987
1.611612
1.611612
1.611612
1.612924
1.612924
1.613112
1.614424
1.613862
1.613299
1.612362
1.612174
1.612174
1.612174
1.612924
1.610674
1.611237
1.611987
1.612924
1.612549
1.612362
1.610299
1.610299
1.610299
1.612924
1.611987
1.613112
1.614049
1.614237
1.613112
1.611799
1.610299
1.610299
1.611237
1.611424
1.610674
1.611987
1.612549
1.612924
1.612737
1.610487
1.610112
1.610112
1.612362
1.613299
1.613112
1.613674
1.614237
1.613674
1.612549
1.611424
1.610112
1.610112
1.610112
1.611424
1.611987
1.611987
1.612737
1.613299
1.614237
1.613487
1.613487
1.610112
1.610862
1.613112
1.613299
1.613487
1.613862
1.614612
1.613862
1.612362
1.612362
1.609174
1.609362
1.611987
1.612174
1.612549
1.612924
1.614799
1.614612
1.613674
1.613674
1.607862
1.611987
1.613674
1.614049
1.613674
1.613487
1.614612
1.613862
1.612362
1.612362
1.609174
1.611237
1.611987
1.612549
1.612737
1.614049
1.614799
1.615924
1.614237
1.614237
1.612362
1.613487
1.613487
1.613299
1.613112
1.612549
1.613299
1.615362
1.615362
1.615362
1.613112
1.612174
1.612549
1.612924
1.613862
1.614237
1.614424
1.617987
1.617987
1.615362
1.614424
1.613674
1.613487
1.613862
1.614237
1.613112
1.613674
1.615174
1.615174
1.614049
1.613299
1.613299
1.613299
1.613112
1.613862
1.614424
1.615362
1.617424
1.617424
1.615362
1.614612
1.614424
1.613299
1.612362
1.613674
1.613112
1.612362
1.613299
1.613299
1.613862
1.614237
1.613862
1.611987
1.611612
1.613674
1.613487
1.613674
1.613674
1.614612
1.615737
1.614612
1.614424
1.611799
1.611799
1.611612
1.613862
1.612924
1.612924
1.612924
1.613299
1.614612
1.614799
1.614612
1.611424
1.612549
1.614237
1.614049
1.614049
1.614049
1.614237
1.614799
1.613862
1.612174
1.610862
1.608799
1.612362
1.612737
1.612737
1.612737
1.612924
1.614612
1.615174
1.614799
1.609549
1.611612
1.613674
1.613862
1.613862
1.613487
1.613487
1.613862
1.614799
1.613487
1.608987
1.610862
1.611799
1.611799
1.612362
1.612549
1.613487
1.614612
1.614799
1.613112
1.610112
1.613112
1.613299
1.613299
1.612924
1.613112
1.612737
1.613112
1.614424
1.613487
1.611799
1.611612
1.611987
1.611987
1.612362
1.612924
1.613487
1.614612
1.616862
1.615737
1.613487
1.613299
1.612924
1.612924
1.612737
1.612549
1.612174
1.612549
1.616487
1.614049
1.612737
1.611987
1.611987
1.611987
1.612174
1.613112
1.613674
1.614799
1.617237
1.614424
1.613862
1.613674
1.612737
1.612737
1.612924
1.613112
1.613112
1.612924
1.613862
1.613299
1.612924
1.612737
1.612737
1.611424
1.610862
1.612737
1.612737
1.613487
1.615362
1.614049
1.614237
1.612924
1.612924
1.612174
1.613112
1.613299
1.611237
1.612737
1.613674
1.613299
1.612924
1.611987
1.611987
1.610112
1.612549
1.613674
1.612362
1.613862
1.614237
1.614799
1.613862
1.612362
1.612362
1.610674
1.611049
1.612174
1.612362
1.612737
1.612924
1.613487
1.614424
1.614799
1.614799
1.611799
1.610487
1.613487
1.614049
1.613862
1.613862
1.614049
1.615174
1.615174
1.613862
1.612362
1.608612
1.610674
1.612362
1.612924
1.612924
1.613487
1.615924
1.615924
1.614987
1.614049
1.608799
1.613487
1.613674
1.614049
1.613674
1.613487
1.614237
1.614237
1.614237
1.612737
1.611987
1.612362
1.612174
1.612737
1.613487
1.614237
1.615174
1.615174
1.616299
1.613299
1.613674
1.613674
1.613674
1.613674
1.613487
1.612924
1.613299
1.613299
1.616487
1.615362
1.613112
1.612174
1.612549
1.612924
1.613487
1.614424
1.614424
1.615362
1.617424
1.614612
1.613862
1.613862
1.613487
1.613487
1.613487
1.612924
1.612924
1.614612
1.615174
1.613112
1.613112
1.612362
1.612924
1.612924
1.613862
1.614237
1.614237
1.616299
1.616487
1.614612
1.613862
1.613674
1.612737
1.613299
1.613487
1.611799
1.611799
1.612362
1.613674
1.613862
1.613299
1.613487
1.610862
1.612549
1.614237
1.612737
1.612737
1.614612
1.615362
1.614612
1.613862
1.612737
1.611987
1.613112
1.612924
1.612924
1.611799
1.613299
1.614049
1.613487
1.613674
1.611237
1.611237
1.613674
1.612924
1.612924
1.614049
1.614799
1.615174
1.614799
1.614049
1.611987
1.611612
1.611049
1.613487
1.613487
1.613112
1.613299
1.614049
1.614799
1.615174
1.614799
1.611424
1.612737
1.614237
1.614237
1.614612
1.614799
1.614612
1.615549
1.614424
1.612924
1.610112
1.608799
1.612549
1.612549
1.613112
1.613299
1.613862
1.614987
1.615924
1.615362
1.611049
1.611424
1.611424
1.614237
1.614424
1.614049
1.613674
1.614237
1.615549
1.614987
1.611799
1.612737
1.612737
1.612737
1.613299
1.613674
1.614237
1.615174
1.616112
1.614424
1.613299
1.613862
1.613862
1.613862
1.614237
1.613862
1.613487
1.614237
1.616299
1.613862
1.612737
1.612737
1.612737
1.612924
1.613487
1.614049
1.614987
1.616299
1.617237
1.615549
1.614049
1.613862
1.613862
1.613862
1.614049
1.613112
1.613487
1.615174
1.616674
1.613112
1.613112
1.612924
1.612924
1.613487
1.613674
1.614424
1.614612
1.615737
1.617237
1.614987
1.614799
1.614799
1.614237
1.613299
1.613487
1.614049
1.613487
1.611424
1.613487
1.613299
1.614049
1.614049
1.613487
1.612924
1.611049
1.612549
1.614799
1.614049
1.614424
1.614799
1.614424
1.614424
1.614799
1.613299
1.612549
1.609924
1.610674
1.612924
1.613487
1.613674
1.614612
1.614612
1.616112
1.617049
1.616487
1.611612
1.612362
1.616112
1.616299
1.616674
1.616674
1.616487
1.616487
1.616862
1.614612
1.608987
1.611424
1.612737
1.613112
1.612924
1.612924
1.613674
1.614799
1.613299
1.609549
1.606549
1.611424
1.611987
1.612174
1.612174
1.612174
1.612174
1.613299
1.612737
1.609362
1.610299
1.611237
1.611799
1.612362
1.613112
1.613112
1.614424
1.615549
1.615174
1.611987
1.613862
1.614237
1.614237
1.614049
1.613487
1.613487
1.613862
1.615737
1.614799
1.613299
1.613674
1.613299
1.613674
1.614612
1.614987
1.614987
1.616112
1.618174
1.615924
1.614987
1.614987
1.614424
1.614612
1.614424
1.614424
1.614424
1.614237
1.617237
1.616299
1.614237
1.613862
1.613674
1.614049
1.614612
1.614612
1.615174
1.616112
1.619299
1.615737
1.615362
1.614987
1.614424
1.614237
1.614612
1.614612
1.614049
1.614049
1.614987
1.614612
1.614237
1.614424
1.613299
1.612174
1.614237
1.614237
1.614987
1.614049
1.615924
1.616112
1.615737
1.614987
1.612737
1.612549
1.614049
1.614049
1.613487
1.613674
1.614424
1.614799
1.615549
1.614799
1.613299
1.612549
1.612549
1.615174
1.613674
1.615737
1.616862
1.615362
1.613862
1.612549
1.613487
1.614424
1.614049
1.614049
1.614237
1.614424
1.615174
1.615362
1.615924
1.613299
1.612737
1.615549
1.615737
1.615737
1.615737
1.615737
1.615549
1.616674
1.614799
1.614049
1.609549
1.610487
1.614049
1.614049
1.614237
1.614424
1.615174
1.617987
1.617049
1.614799
1.610862
1.614612
1.615362
1.615362
1.615549
1.615174
1.614612
1.614987
1.615737
1.617612
1.614612
1.614049
1.613674
1.613674
1.614424
1.614799
1.615174
1.616299
1.617987
1.616299
1.615362
1.615362
1.615362
1.615549
1.615174
1.615362
1.614424
1.615362
1.617049
1.616862
1.614987
1.614237
1.614237
1.614237
1.614987
1.615174
1.615924
1.617612
1.620049
1.616674
1.616112
1.615737
1.615737
1.615174
1.615549
1.615737
1.615174
1.614799
1.616487
1.616299
1.615549
1.615549
1.615549
1.615362
1.614799
1.616112
1.616674
1.617612
1.618174
1.617237
1.616674
1.615737
1.615737
1.614987
1.615549
1.616299
1.614987
1.615362
1.616112
1.616299
1.615549
1.615549
1.615549
1.613112
1.613674
1.615737
1.615737
1.616299
1.617049
1.617799
1.616674
1.616674
1.615362
1.613674
1.614049
1.614799
1.614612
1.615174
1.615362
1.616487
1.616112
1.616112
1.615924
1.613299
1.614424
1.616674
1.616862
1.616299
1.616487
1.616487
1.616487
1.616487
1.614612
1.613299
1.611612
1.614237
1.614799
1.614987
1.614987
1.615362
1.617424
1.617424
1.617049
1.614237
1.611612
1.615362
1.615737
1.615549
1.615549
1.615737
1.616862
1.616862
1.615737
1.613674
1.609924
1.613674
1.614237
1.614424
1.614612
1.615924
1.615924
1.617237
1.616487
1.616674
1.613862
1.615362
1.615362
1.614987
1.614799
1.614049
1.614049
1.614424
1.616487
1.617237
1.614237
1.614237
1.613862
1.614237
1.615174
1.615362
1.615362
1.616487
1.618549
1.617237
1.615549
1.615174
1.614987
1.614987
1.614612
1.614424
1.614424
1.615362
1.619112
1.614612
1.614424
1.614237
1.614237
1.614049
1.615362
1.615737
1.615737
1.616674
1.618737
1.615924
1.615737
1.615362
1.614424
1.614237
1.614799
1.614799
1.614424
1.613674
1.614987
1.614987
1.614612
1.614799
1.613112
1.614049
1.615362
1.615362
1.614987
1.616112
1.616299
1.617049
1.615549
1.615362
1.612549
1.613862
1.614424
1.614424
1.612924
1.614612
1.614799
1.615924
1.615549
1.615174
1.613112
1.613299
1.615549
1.615549
1.614987
1.615924
1.616112
1.616862
1.615924
1.614049
1.612924
1.612924
1.614987
1.614987
1.614612
1.614799
1.615362
1.616299
1.616674
1.616862
1.614987
1.611987
1.611987
1.615549
1.616112
1.615924
1.615737
1.615737
1.617424
1.615737
1.614799
1.610112
1.610112
1.612549
1.614237
1.614987
1.615174
1.616112
1.618174
1.617799
1.614237
1.612174
1.612174
1.615549
1.615924
1.615737
1.616112
1.615924
1.617049
1.615549
1.612174
1.612549
1.612549
1.614612
1.614987
1.615174
1.615924
1.617612
1.617424
1.614424
1.612174
1.615737
1.615737
1.615924
1.615737
1.615549
1.615174
1.615924
1.616862
1.616674
1.613487
1.614049
1.614049
1.614424
1.614987
1.615362
1.616299
1.617612
1.617799
1.615174
1.615549
1.615549
1.615737
1.615549
1.615549
1.615174
1.614987
1.616487
1.618174
1.614987
1.614237
1.614237
1.614237
1.614987
1.615174
1.615737
1.616862
1.619299
1.617049
1.616299
1.615737
1.615737
1.615549
1.615549
1.615362
1.614987
1.614987
1.617237
1.617612
1.615174
1.614612
1.614612
1.614799
1.614612
1.614987
1.616112
1.616299
1.617049
1.617049
1.616862
1.616299
1.616299
1.615737
1.613862
1.614424
1.614799
1.614987
1.613862
1.615362
1.615737
1.615737
1.615737
1.615737
1.614237
1.612924
1.615549
1.615924
1.616674
1.616487
1.616674
1.616674
1.617237
1.615924
1.614612
1.612924
1.612737
1.614987
1.614987
1.614987
1.615737
1.615737
1.616674
1.617049
1.613674
1.614799
1.616299
1.616862
1.616487
1.616674
1.616674
1.616674
1.617612
1.616112
1.615549
1.610674
1.612362
1.614987
1.614987
1.615174
1.616112
1.616112
1.617987
1.617424
1.614987
1.611049
1.615362
1.616112
1.616112
1.616112
1.616112
1.616862
1.617612
1.616112
1.612549
1.611424
1.614799
1.614987
1.615174
1.615737
1.615737
1.617612
1.617987
1.616299
1.610674
1.615362
1.616487
1.616299
1.616299
1.615924
1.615924
1.616487
1.616862
1.615924
1.612549
1.614424
1.614799
1.615549
1.615362
1.616487
1.616487
1.617987
1.617987
1.616487
1.615549
1.616299
1.616487
1.616112
1.615737
1.615362
1.615362
1.616487
1.617424
1.615174
1.615174
1.614799
1.615174
1.615737
1.616487
1.617049
1.617049
1.618174
1.619487
1.616862
1.616299
1.616299
1.615924
1.615549
1.615362
1.615362
1.615362
1.618737
1.617987
1.615362
1.615174
1.615174
1.615737
1.616112
1.616487
1.616487
1.617049
1.619862
1.618174
1.616862
1.616299
1.615737
1.616112
1.615737
1.615362
1.615362
1.616112
1.618549
1.616112
1.615924
1.616112
1.616487
1.616299
1.617987
1.618737
1.618737
1.62155
1.621737
1.619487
1.619674
1.619112
1.618362
1.617799
1.617612
1.615362
1.615362
1.614987
1.616487
1.616862
1.616299
1.615737
1.613112
1.613112
1.614424
1.614424
1.613112
1.614424
1.614799
1.615362
1.614612
1.613862
1.611799
1.613112
1.613299
1.613299
1.613862
1.613674
1.614424
1.615362
1.615737
1.615737
1.613299
1.613112
1.615737
1.615737
1.616299
1.616487
1.616862
1.617049
1.617237
1.615924
1.613862
1.612549
1.614612
1.614612
1.615362
1.615549
1.615549
1.616487
1.618362
1.618362
1.615549
1.614237
1.617049
1.617049
1.616862
1.617237
1.617237
1.617987
1.617799
1.615924
1.613674
1.610674
1.610674
1.614987
1.615362
1.615737
1.616487
1.617987
1.619112
1.618362
1.613487
1.614424
1.614424
1.616862
1.617424
1.616862
1.616487
1.616112
1.617049
1.617799
1.617237
1.615549
1.615549
1.615362
1.615737
1.616487
1.616112
1.617237
1.618174
1.621174
1.618924
1.617424
1.617424
1.617049
1.616862
1.616299
1.616674
1.616487
1.616112
1.616862
1.617424
1.616299
1.616299
1.616487
1.616112
1.615362
1.616112
1.617612
1.617237
1.618737
1.618362
1.618362
1.617612
1.617237
1.616299
1.615549
1.616487
1.616862
1.614612
1.615924
1.616862
1.616862
1.616674
1.616487
1.615549
1.613487
1.615362
1.617424
1.616487
1.617424
1.617799
1.617799
1.617987
1.617237
1.615737
1.614799
1.613487
1.615924
1.615924
1.616299
1.616299
1.616299
1.617237
1.618174
1.618924
1.615362
1.614987
1.617237
1.617612
1.617424
1.617612
1.617612
1.617612
1.618549
1.616674
1.615924
1.611424
1.614987
1.616112
1.616112
1.616112
1.616862
1.617424
1.618737
1.618924
1.616112
1.611987
1.617237
1.617424
1.617612
1.617612
1.617237
1.616299
1.616674
1.617799
1.618737
1.616487
1.615924
1.615924
1.616487
1.616487
1.617237
1.617799
1.618549
1.620799
1.620237
1.617987
1.617424
1.617612
1.617049
1.617049
1.616862
1.617049
1.617237
1.620612
1.617987
1.617049
1.616299
1.616674
1.617049
1.617049
1.617424
1.618174
1.618924
1.622112
1.618737
1.618174
1.617799
1.617612
1.617612
1.617612
1.617424
1.617237
1.619112
1.617799
1.617424
1.617424
1.616487
1.615924
1.617237
1.617237
1.617987
1.617237
1.618924
1.619299
1.618737
1.617987
1.616112
1.616112
1.617237
1.617237
1.616112
1.615737
1.617237
1.618549
1.617799
1.617424
1.614987
1.616862
1.616862
1.618737
1.616862
1.618737
1.618924
1.618737
1.618174
1.616299
1.615174
1.616112
1.616112
1.616487
1.616112
1.616862
1.617237
1.618174
1.617987
1.617424
1.615174
1.616112
1.616112
1.617612
1.617799
1.618174
1.618174
1.618549
1.617424
1.616299
1.614424
1.615362
1.615362
1.616862
1.616862
1.616862
1.617049
1.618174
1.618737
1.616862
1.614799
1.617237
1.617237
1.617799
1.617799
1.617799
1.617799
1.618362
1.618737
1.617237
1.614237
1.611612
1.611612
1.616299
1.616299
1.616674
1.617049
1.618924
1.619487
1.618737
1.614987
1.614987
1.616299
1.617424
1.617612
1.617424
1.616862
1.617049
1.617612
1.619862
1.618549
1.618549
1.616112
1.616112
1.616299
1.616862
1.617237
1.618174
1.619487
1.620424
1.618362
1.618362
1.617612
1.617612
1.617049
1.617612
1.617612
1.616674
1.617987
1.619299
1.617237
1.617237
1.616862
1.616487
1.616487
1.616862
1.617987
1.618174
1.619674
1.620612
1.618362
1.618362
1.618174
1.617612
1.616862
1.617424
1.617049
1.615924
1.616299
1.617799
1.617799
1.616862
1.617237
1.617049
1.615737
1.617049
1.618362
1.618549
1.620612
1.618549
1.618549
1.618174
1.617612
1.616862
1.617424
1.617424
1.617049
1.615924
1.617237
1.618174
1.618174
1.617612
1.617424
1.615174
1.615549
1.617612
1.617049
1.617424
1.618549
1.619674
1.619674
1.618174
1.617799
1.615549
1.616112
1.616487
1.617237
1.616862
1.617049
1.617799
1.617799
1.618174
1.618174
1.615174
1.616299
1.618174
1.617987
1.618549
1.618737
1.618549
1.618549
1.619112
1.617612
1.615924
1.613299
1.615549
1.616674
1.616862
1.617237
1.617237
1.617987
1.619862
1.620049
1.618549
1.614049
1.616112
1.618362
1.618362
1.618362
1.618362
1.617987
1.618924
1.618924
1.618549
1.614237
1.616112
1.616674
1.617237
1.617612
1.617612
1.617987
1.619299
1.620049
1.618924
1.617612
1.618174
1.618174
1.618174
1.618174
1.618174
1.617424
1.617237
1.619112
1.621362
1.617612
1.617237
1.616862
1.617424
1.617799
1.617799
1.618549
1.618924
1.6223
1.621174
1.618924
1.618549
1.617987
1.617799
1.617799
1.617987
1.617424
1.617799
1.620049
1.619299
1.617799
1.617237
1.617612
1.616674
1.616674
1.617987
1.618924
1.618737
1.620237
1.619299
1.619112
1.618549
1.617612
1.616862
1.616862
1.617987
1.617799
1.616862
1.618362
1.618362
1.617799
1.617799
1.616112
1.616674
1.616674
1.617987
1.618549
1.618174
1.619112
1.619862
1.619112
1.618549
1.616862
1.615924
1.615924
1.616674
1.617237
1.617237
1.617612
1.617987
1.619112
1.618924
1.617049
1.617049
1.616299
1.617799
1.618924
1.619299
1.619299
1.619487
1.620049
1.618362
1.616862
1.616862
1.615174
1.616674
1.617612
1.617612
1.617799
1.618549
1.619674
1.620424
1.618924
1.618924
1.614612
1.617987
1.619299
1.619112
1.619487
1.619299
1.620237
1.618924
1.617612
1.617612
1.614424
1.615549
1.617799
1.617799
1.618174
1.619299
1.620424
1.620237
1.617987
1.617987
1.614612
1.618737
1.619112
1.618924
1.618549
1.618362
1.619487
1.619487
1.619487
1.617237
1.616299
1.617049
1.617424
1.618362
1.618362
1.619299
1.620799
1.620987
1.620987
1.617049
1.618362
1.618549
1.618924
1.618549
1.617987
1.618174
1.619674
1.619862
1.619862
1.618362
1.617612
1.617612
1.618174
1.618549
1.619487
1.620237
1.620612
1.617424
1.617424
1.618549
1.618362
1.618924
1.618737
1.618362
1.617987
1.618549
1.621737
1.620049
1.620049
1.617799
1.617612
1.617424
1.618549
1.618924
1.619487
1.621362
1.62155
1.62155
1.619674
1.618924
1.618737
1.618362
1.618737
1.618174
1.618174
1.618737
1.620799
1.620799
1.618362
1.618174
1.617987
1.617799
1.616674
1.618362
1.618924
1.619862
1.620237
1.620237
1.619674
1.619299
1.618737
1.617049
1.617237
1.618362
1.618174
1.617049
1.618362
1.618362
1.618737
1.619487
1.619299
1.619299
1.617424
1.619299
1.619862
1.620799
1.621737
1.621737
1.621737
1.622112
1.620987
1.620424
1.618362
1.614424
1.617424
1.618549
1.618737
1.618737
1.619299
1.619487
1.620237
1.619487
1.615362
1.614612
1.616487
1.617049
1.617049
1.617424
1.617612
1.618924
1.617799
1.616487
1.614987
1.612549
1.616487
1.617049
1.617049
1.616862
1.617424
1.619487
1.619862
1.619487
1.614424
1.617237
1.619299
1.619299
1.619299
1.619112
1.619299
1.619862
1.620049
1.619674
1.616674
1.617612
1.617799
1.618549
1.618549
1.619112
1.619862
1.621174
1.620799
1.618174
1.617612
1.619299
1.619112
1.619862
1.619862
1.619112
1.619112
1.619487
1.620987
1.618549
1.618549
1.618174
1.618549
1.618549
1.618737
1.619862
1.620424
1.62155
1.620987
1.619862
1.619674
1.619674
1.619487
1.619487
1.619299
1.618549
1.618737
1.621737
1.620987
1.619299
1.618549
1.618174
1.618924
1.618924
1.618924
1.620424
1.620424
1.621362
1.62305
1.620612
1.620237
1.619487
1.618924
1.618924
1.619112
1.620237
1.619112
1.618174
1.619299
1.620049
1.619112
1.618924
1.617049
1.617049
1.617987
1.619674
1.619862
1.619862
1.620424
1.620987
1.620237
1.619487
1.619487
1.617987
1.617237
1.618174
1.618924
1.618924
1.619112
1.619862
1.620424
1.620612
1.620612
1.618924
1.617799
1.619112
1.620612
1.619862
1.620612
1.620424
1.620987
1.619487
1.619487
1.618549
1.616299
1.617424
1.618549
1.619112
1.619674
1.620049
1.621737
1.620987
1.620987
1.619112
1.617049
1.620237
1.620049
1.620612
1.620237
1.620424
1.622112
1.620237
1.620237
1.618549
1.615174
1.617424
1.619299
1.619299
1.619487
1.620612
1.6223
1.6223
1.62155
1.618549
1.616674
1.620049
1.620237
1.620237
1.620237
1.620237
1.621174
1.621174
1.620237
1.616674
1.617237
1.618737
1.619299
1.619674
1.620612
1.622112
1.621737
1.621737
1.620987
1.617612
1.620424
1.620424
1.620424
1.620987
1.619862
1.621174
1.62155
1.62155
1.620237
1.619112
1.618924
1.619487
1.620237
1.620424
1.62155
1.621737
1.6238
1.6238
1.621737
1.621174
1.620799
1.620612
1.620799
1.621174
1.620237
1.620237
1.620237
1.6223
1.62155
1.620612
1.619862
1.619862
1.620049
1.620612
1.621362
1.62155
1.62155
1.625487
1.6223
1.62155
1.620799
1.620237
1.620049
1.620799
1.620237
1.619299
1.619299
1.619862
1.620987
1.620424
1.620424
1.619299
1.619112
1.621174
1.620424
1.621924
1.621924
1.622487
1.621737
1.621174
1.620612
1.618737
1.619112
1.619674
1.619862
1.619112
1.619112
1.620237
1.620424
1.620424
1.619862
1.617612
1.617799
1.620424
1.619487
1.619487
1.620987
1.620987
1.621924
1.620424
1.619299
1.618549
1.617424
1.617799
1.619299
1.619299
1.619112
1.619299
1.620237
1.620612
1.620612
1.618549
1.617799
1.620424
1.620612
1.620612
1.620612
1.620424
1.620799
1.620799
1.619299
1.614612
1.617237
1.618737
1.619112
1.619674
1.619674
1.620237
1.622487
1.621362
1.619487
1.615737
1.619862
1.620612
1.620237
1.620049
1.620049
1.620424
1.620987
1.620424
1.616487
1.615924
1.618737
1.618737
1.619299
1.619862
1.619862
1.621362
1.621362
1.619487
1.615737
1.619487
1.620237
1.620612
1.620237
1.620237
1.620237
1.621362
1.620799
1.619862
1.617049
1.619112
1.618924
1.619674
1.619862
1.619862
1.620612
1.622112
1.621362
1.618924
1.619487
1.620612
1.620424
1.620424
1.620049
1.620049
1.620237
1.621174
1.620799
1.618737
1.619112
1.619112
1.619299
1.620049
1.620799
1.620799
1.621362
1.622862
1.621174
1.620237
1.620612
1.620424
1.620612
1.620049
1.619674
1.619674
1.620049
1.62305
1.621362
1.620049
1.619674
1.619299
1.619674
1.620612
1.620612
1.620799
1.621737
1.624362
1.622112
1.621174
1.620799
1.619862
1.620237
1.620612
1.620612
1.620424
1.619674
1.621737
1.620612
1.619862
1.620049
1.619487
1.618924
1.620424
1.620424
1.621174
1.621362
1.62305
1.62155
1.62155
1.620612
1.619674
1.619674
1.619862
1.619862
1.619299
1.618924
1.620049
1.620612
1.620424
1.620237
1.617612
1.618737
1.620799
1.620799
1.620237
1.620987
1.62155
1.621924
1.621174
1.619674
1.618174
1.619299
1.619299
1.620049
1.618174
1.619674
1.620237
1.621174
1.620424
1.618174
1.618174
1.620049
1.620049
1.620987
1.620612
1.621174
1.621362
1.621924
1.620612
1.618924
1.618362
1.618549
1.618549
1.620237
1.619674
1.620049
1.620237
1.620987
1.621174
1.618737
1.618362
1.621174
1.621174
1.620612
1.621174
1.621362
1.621924
1.620799
1.620049
1.618362
1.617237
1.618924
1.618924
1.620049
1.619674
1.620237
1.620424
1.622487
1.6223
1.620424
1.617049
1.620424
1.620424
1.620799
1.621174
1.620987
1.621174
1.622487
1.620049
1.618737
1.614424
1.614424
1.618549
1.619674
1.619862
1.620424
1.621174
1.62305
1.6223
1.620237
1.618549
1.618549
1.620424
1.621174
1.620987
1.620612
1.620237
1.621174
1.621924
1.621737
1.619862
1.619862
1.619487
1.620049
1.620424
1.620799
1.621737
1.623237
1.623425
1.621737
1.621174
1.621174
1.620987
1.621362
1.621174
1.620987
1.620612
1.621174
1.623612
1.621362
1.620237
1.620237
1.620049
1.620424
1.620612
1.621362
1.62155
1.623425
1.625487
1.6223
1.6223
1.621362
1.620987
1.620612
1.620987
1.620799
1.620987
1.621174
1.622487
1.620612
1.620612
1.620612
1.620237
1.619674
1.620799
1.621737
1.6223
1.624549
1.621924
1.62155
1.62155
1.620987
1.620612
1.620237
1.620987
1.620237
1.620424
1.62155
1.620612
1.620237
1.620237
1.620424
1.619862
1.620049
1.62155
1.621362
1.622675
1.622862
1.621924
1.62155
1.62155
1.620612
1.619862
1.620612
1.620987
1.619487
1.621174
1.621737
1.620799
1.620799
1.620424
1.619674
1.618924
1.620612
1.620799
1.621174
1.6223
1.622487
1.621737
1.621737
1.620799
1.619674
1.620612
1.620987
1.619299
1.620424
1.620987
1.620799
1.620987
1.620987
1.619674
1.618174
1.620424
1.620799
1.620799
1.6223
1.622487
1.621737
1.621174
1.621174
1.619112
1.620049
1.620612
1.619674
1.619674
1.620987
1.621362
1.620987
1.620424
1.620424
1.617987
1.619487
1.621737
1.620799
1.621924
1.621924
1.622487
1.62155
1.62155
1.620237
1.618737
1.617987
1.619674
1.620237
1.620049
1.620424
1.620987
1.622487
1.622487
1.6238
1.621737
1.619674
1.620987
1.623237
1.623987
1.623987
1.6238
1.625112
1.625112
1.624175
1.623425
1.619299
1.619674
1.620987
1.620799
1.621362
1.621924
1.623237
1.623237
1.62305
1.621174
1.616299
1.619674
1.619674
1.619299
1.619299
1.619112
1.619299
1.619299
1.620237
1.620799
1.619299
1.619299
1.618549
1.619299
1.620049
1.620799
1.620799
1.62155
1.62305
1.62305
1.620987
1.620987
1.621174
1.620799
1.620987
1.620799
1.620799
1.620987
1.623425
1.623612
1.621174
1.620612
1.620424
1.620799
1.621174
1.621737
1.621737
1.621737
1.6253
1.623237
1.622112
1.622112
1.62155
1.621174
1.620987
1.62155
1.62155
1.619862
1.620237
1.621737
1.622112
1.62155
1.621174
1.618737
1.620424
1.6223
1.6223
1.620612
1.622112
1.6223
1.623237
1.622112
1.620987
1.619299
1.619862
1.619862
1.620612
1.620987
1.620987
1.620987
1.621362
1.6223
1.622862
1.62155
1.618549
1.618549
1.622112
1.622487
1.6223
1.622487
1.622112
1.623612
1.622487
1.621362
1.618174
1.618174
1.615924
1.620612
1.620612
1.621174
1.62155
1.624362
1.623612
1.623237
1.617987
1.617987
1.620237
1.622112
1.622112
1.6223
1.621737
1.622862
1.622487
1.621362
1.617799
1.617799
1.620424
1.620612
1.621362
1.621737
1.622487
1.623612
1.623425
1.622487
1.622487
1.620612
1.621737
1.622112
1.621737
1.62155
1.621174
1.622487
1.624175
1.622487
1.622487
1.620799
1.620612
1.620987
1.621174
1.621924
1.62305
1.623987
1.623237
1.62155
1.62155
1.621737
1.622112
1.62155
1.621924
1.621174
1.621737
1.624175
1.6238
1.62155
1.62155
1.620987
1.621362
1.62155
1.621924
1.622675
1.623237
1.626612
1.6238
1.622487
1.622487
1.622112
1.621737
1.621924
1.621737
1.62155
1.621924
1.625675
1.621737
1.62155
1.62155
1.621174
1.621362
1.621737
1.62305
1.623425
1.626237
1.6253
1.622862
1.622862
1.622487
1.6223
1.622112
1.622112
1.621924
1.621737
1.624175
1.622862
1.621737
1.621737
1.62155
1.621737
1.620799
1.622675
1.62305
1.623612
1.624362
1.624737
1.623612
1.623612
1.62305
1.622112
1.621362
1.622112
1.622675
1.620612
1.621737
1.622675
1.622675
1.622675
1.6223
1.621174
1.619862
1.62155
1.62305
1.623237
1.623612
1.623612
1.624362
1.624362
1.623237
1.621362
1.620424
1.620049
1.621737
1.622112
1.621924
1.62305
1.62305
1.623425
1.623425
1.622675
1.620612
1.622862
1.624175
1.62305
1.623612
1.6238
1.6238
1.623237
1.622112
1.620799
1.619112
1.62155
1.621924
1.621924
1.621924
1.622487
1.622487
1.624362
1.624175
1.621924
1.619487
1.62155
1.622862
1.623237
1.622862
1.622862
1.622862
1.624362
1.622862
1.621737
1.616862
1.620237
1.621362
1.62155
1.622112
1.622862
1.622862
1.624549
1.6238
1.621362
1.617987
1.622487
1.622675
1.622675
1.622487
1.622675
1.622675
1.623425
1.622862
1.621362
1.620049
1.621174
1.621174
1.62155
1.6223
1.6223
1.622862
1.6238
1.625675
1.623425
1.622675
1.622487
1.622487
1.6223
1.621737
1.621737
1.621924
1.622487
1.625487
1.622487
1.621174
1.621174
1.62155
1.622112
1.62305
1.62305
1.623612
1.6253
1.624175
1.622862
1.622487
1.622487
1.6223
1.622112
1.621737
1.621737
1.622675
1.625675
1.62305
1.621737
1.62155
1.621362
1.621737
1.622487
1.622862
1.622862
1.623987
1.627362
1.623612
1.623237
1.622675
1.6223
1.6223
1.622675
1.622675
1.622112
1.622675
1.622862
1.6223
1.621737
1.622112
1.621174
1.621174
1.6223
1.6223
1.62305
1.624362
1.6238
1.624362
1.623612
1.622862
1.620799
1.621924
1.622112
1.622112
1.620799
1.62305
1.622675
1.622112
1.621737
1.620049
1.621362
1.62305
1.621924
1.621924
1.623612
1.624549
1.623425
1.622862
1.620987
1.620987
1.62155
1.6223
1.622112
1.622112
1.621924
1.6223
1.623425
1.622675
1.621924
1.620237
1.622487
1.622487
1.623237
1.623237
1.623425
1.624549
1.623612
1.622675
1.620987
1.620612
1.620237
1.6223
1.621924
1.621924
1.621924
1.622862
1.623425
1.624362
1.622862
1.620987
1.62305
1.623425
1.623425
1.623425
1.623237
1.623237
1.624362
1.622487
1.621737
1.617424
1.620049
1.622112
1.622112
1.622112
1.6223
1.623237
1.625487
1.624925
1.622862
1.618924
1.622112
1.623425
1.623425
1.623237
1.62305
1.622862
1.623237
1.624362
1.6238
1.620612
1.621737
1.621737
1.621737
1.621924
1.622675
1.623237
1.624175
1.625675
1.624549
1.623987
1.62305
1.62305
1.62305
1.62305
1.622487
1.6223
1.623237
1.624737
1.621174
1.621924
1.62155
1.621924
1.621924
1.622487
1.622862
1.6238
1.625675
1.626237
1.624362
1.62305
1.623237
1.62305
1.62305
1.622862
1.6223
1.622487
1.624549
1.625487
1.6223
1.6223
1.622112
1.622112
1.622675
1.622862
1.623612
1.624362
1.62755
1.62605
1.6238
1.623237
1.622675
1.622675
1.622862
1.623237
1.622675
1.622862
1.6268
1.622862
1.622675
1.6223
1.622487
1.622487
1.621737
1.623612
1.623987
1.625487
1.626612
1.624362
1.623612
1.62305
1.622675
1.622675
1.622862
1.622862
1.622112
1.623612
1.622862
1.623237
1.622862
1.622675
1.620424
1.620424
1.621924
1.6238
1.622112
1.624175
1.6253
1.624362
1.6238
1.622862
1.622862
1.621737
1.622862
1.622487
1.621174
1.622487
1.623425
1.623987
1.623237
1.622675
1.622675
1.620799
1.621737
1.624549
1.624549
1.624175
1.624925
1.624549
1.624362
1.62305
1.62305
1.622487
1.619487
1.620612
1.6223
1.622862
1.622675
1.62305
1.624362
1.625487
1.625487
1.624737
1.620799
1.620424
1.623425
1.6238
1.623987
1.623612
1.62305
1.624175
1.624175
1.624175
1.62155
1.621924
1.622112
1.622487
1.623237
1.623237
1.624362
1.624362
1.6253
1.626612
1.623237
1.6238
1.623612
1.623987
1.623425
1.622862
1.623237
1.623237
1.624737
1.6223
1.6223
1.622112
1.622487
1.623425
1.623612
1.624175
1.625112
1.625112
1.626612
1.623612
1.623612
1.6238
1.6238
1.623612
1.622675
1.622862
1.624925
1.624925
1.624362
1.62305
1.622112
1.622487
1.623237
1.623612
1.624737
1.625112
1.626425
1.626425
1.623612
1.623612
1.623612
1.6238
1.623612
1.623425
1.622862
1.6238
1.6238
1.627175
1.623987
1.622675
1.622487
1.622675
1.623425
1.623987
1.624362
1.6268
1.6268
1.626987
1.624362
1.624175
1.623425
1.622862
1.623425
1.623237
1.622862
1.623425
1.623425
1.624925
1.62305
1.622862
1.622675
1.622112
1.622675
1.624175
1.623987
1.6268
1.6268
1.62605
1.625675
1.625487
1.624925
1.623425
1.624925
1.625487
1.624925
1.624925
1.624925
1.625862
1.626425
1.62605
1.625675
1.623237
1.62155
1.623987
1.624175
1.624549
1.624549
1.624362
1.623987
1.624175
1.6223
1.620049
1.618362
1.618174
1.620424
1.620424
1.620424
1.620799
1.62155
1.622862
1.6238
1.622675
1.619674
1.621924
1.623425
1.623425
1.623237
1.623425
1.623425
1.624737
1.62305
1.623237
1.619487
1.619674
1.622487
1.622487
1.622675
1.623612
1.623987
1.625112
1.62605
1.625112
1.621362
1.623612
1.623987
1.623987
1.624175
1.624175
1.623425
1.623987
1.624549
1.625675
1.623425
1.622862
1.622862
1.622862
1.62305
1.6238
1.624175
1.6253
1.626987
1.624549
1.624925
1.624362
1.624362
1.624362
1.624549
1.623987
1.623987
1.624175
1.626987
1.624737
1.623425
1.62305
1.62305
1.62305
1.623612
1.624175
1.625112
1.625487
1.62905
1.62605
1.624925
1.624925
1.624925
1.623987
1.623612
1.623987
1.6238
1.623612
1.625112
1.624362
1.623612
1.623612
1.623612
1.623425
1.6223
1.624175
1.625112
1.624925
1.626425
1.6253
1.624737
1.624362
1.624362
1.623425
1.623612
1.624549
1.623425
1.622862
1.624175
1.624549
1.624362
1.624362
1.6238
1.62155
1.622675
1.624549
1.6238
1.6253
1.62605
1.626425
1.624549
1.624549
1.623612
1.622112
1.6223
1.62305
1.623237
1.623612
1.6238
1.624925
1.624549
1.624549
1.624362
1.621924
1.623425
1.625675
1.624925
1.6253
1.625112
1.625487
1.623987
1.623987
1.622675
1.622112
1.622675
1.623425
1.6238
1.623987
1.624549
1.624549
1.625112
1.625112
1.62305
1.622862
1.625862
1.625487
1.625487
1.625675
1.62605
1.624549
1.624549
1.623612
1.621924
1.622675
1.6238
1.623987
1.624175
1.624549
1.625112
1.625675
1.625675
1.6238
1.622675
1.624549
1.625487
1.625487
1.625675
1.62605
1.624737
1.623987
1.623987
1.622487
1.621737
1.623987
1.624362
1.624175
1.624549
1.625675
1.626612
1.62605
1.62605
1.62305
1.62305
1.62605
1.625675
1.625675
1.62605
1.62605
1.625675
1.6238
1.6238
1.62155
1.622675
1.6238
1.624175
1.624737
1.625112
1.626425
1.626237
1.626237
1.623612
1.6238
1.626237
1.62605
1.625862
1.62605
1.626425
1.626425
1.624925
1.624925
1.6238
1.619674
1.624362
1.624925
1.624737
1.625487
1.6268
1.626987
1.626425
1.626425
1.621737
1.624175
1.625862
1.62605
1.62605
1.625862
1.626425
1.626237
1.625112
1.625112
1.622112
1.623612
1.624362
1.624549
1.625112
1.625862
1.626987
1.626425
1.625112
1.625112
1.623612
1.625112
1.625112
1.624925
1.6253
1.624549
1.625675
1.625862
1.624737
1.624737
1.62305
1.6238
1.6238
1.624549
1.6253
1.625862
1.626237
1.626612
1.626612
1.624362
1.625112
1.624925
1.624737
1.624737
1.624362
1.625112
1.62605
1.627175
1.627175
1.623612
1.623237
1.623612
1.624362
1.624549
1.625487
1.625675
1.6283
1.626612
1.626612
1.6253
1.624737
1.624737
1.624549
1.624549
1.624175
1.624549
1.625675
1.62605
1.62605
1.623987
1.624175
1.6238
1.623237
1.623987
1.6253
1.624925
1.627175
1.626612
1.626612
1.625487
1.6253
1.624362
1.623425
1.624737
1.624362
1.623237
1.624362
1.624362
1.624737
1.623987
1.623987
1.623237
1.6223
1.624175
1.624737
1.624549
1.625675
1.625675
1.626237
1.626237
1.625112
1.622862
1.622675
1.622862
1.624737
1.6238
1.623987
1.623987
1.624549
1.625675
1.6253
1.623987
1.62305
1.6253
1.624925
1.625675
1.625675
1.625675
1.625675
1.625675
1.624362
1.623425
1.62155
1.6223
1.6238
1.623987
1.624362
1.624362
1.624737
1.62605
1.627175
1.625675
1.622675
1.622862
1.625487
1.625675
1.625675
1.625487
1.6253
1.625862
1.626237
1.6253
1.622862
1.621362
1.623987
1.624175
1.624175
1.624737
1.624925
1.6268
1.626425
1.625487
1.621174
1.624925
1.625675
1.6253
1.6253
1.6253
1.624737
1.625112
1.625862
1.624362
1.622487
1.623612
1.623987
1.624175
1.624175
1.624737
1.625675
1.62605
1.627925
1.62905
1.62605
1.625675
1.624925
1.624925
1.624925
1.6253
1.624737
1.624925
1.626612
1.626612
1.624549
1.624362
1.624175
1.625112
1.625675
1.625675
1.625675
1.628112
1.626612
1.62605
1.625862
1.624737
1.624362
1.624737
1.624737
1.624925
1.623612
1.624549
1.625112
1.6253
1.624925
1.624362
1.622675
1.624175
1.624175
1.625675
1.625112
1.62605
1.626237
1.626987
1.625487
1.624362
1.62305
1.624362
1.624362
1.624362
1.6238
1.624549
1.625487
1.6253
1.625487
1.6238
1.623425
1.625112
1.625112
1.625487
1.625675
1.62605
1.626425
1.625675
1.624925
1.62305
1.623612
1.623987
1.623987
1.624925
1.624549
1.624737
1.62605
1.625487
1.6253
1.623612
1.624362
1.62605
1.62605
1.625862
1.62605
1.626612
1.6268
1.6253
1.624175
1.62305
1.623237
1.623237
1.6253
1.624175
1.624925
1.624925
1.625862
1.626987
1.625862
1.622862
1.623987
1.623987
1.62605
1.625862
1.625862
1.625862
1.625862
1.626425
1.625112
1.622487
1.620049
1.620049
1.624175
1.624549
1.624925
1.6253
1.62755
1.627362
1.626237
1.622112
1.6253
1.6253
1.626237
1.626237
1.625862
1.625675
1.6268
1.62605
1.624362
1.621174
1.624175
1.624175
1.624362
1.624925
1.625487
1.626425
1.62755
1.627362
1.6253
1.624175
1.624175
1.625862
1.62605
1.625487
1.625675
1.625112
1.626425
1.626987
1.625487
1.624549
1.624549
1.624737
1.624737
1.625675
1.626237
1.627175
1.62755
1.626987
1.625112
1.625862
1.625862
1.62605
1.62605
1.625675
1.624925
1.625487
1.627175
1.627737
1.624925
1.624737
1.624737
1.624362
1.625112
1.6253
1.62605
1.627362
1.6298
1.627175
1.626425
1.626237
1.626237
1.625487
1.625487
1.6253
1.6253
1.624925
1.627737
1.625487
1.625487
1.625487
1.625112
1.624925
1.624175
1.625675
1.626425
1.627175
1.628862
1.626425
1.626237
1.626237
1.625675
1.6253
1.625675
1.625487
1.625487
1.62605
1.626237
1.6253
1.624925
1.624925
1.625112
1.624549
1.625487
1.626612
1.626425
1.628112
1.6268
1.626425
1.62605
1.62605
1.625487
1.625675
1.625487
1.6253
1.6253
1.625487
1.626237
1.625112
1.6253
1.6253
1.624362
1.6253
1.626612
1.62605
1.627175
1.62755
1.6268
1.626425
1.625487
1.625487
1.624362
1.6253
1.625675
1.6238
1.624925
1.625675
1.625487
1.625675
1.625675
1.624549
1.623425
1.625487
1.62605
1.625675
1.627362
1.627362
1.626987
1.626237
1.626237
1.624737
1.624549
1.624549
1.6268
1.626987
1.627362
1.627925
1.628862
1.629237
1.629237
1.62905
1.6268
1.627362
1.628112
1.626612
1.6268
1.626612
1.62755
1.626425
1.626425
1.624925
1.622112
1.62155
1.622487
1.622487
1.622487
1.623237
1.624549
1.625112
1.625112
1.623237
1.620612
1.6238
1.624362
1.624737
1.624737
1.624549
1.625862
1.625862
1.625112
1.623612
1.620237
1.622487
1.624175
1.625112
1.624925
1.626612
1.627737
1.627737
1.627362
1.623987
1.622112
1.626425
1.6268
1.6268
1.626237
1.627362
1.626237
1.626237
1.625675
1.622112
1.622487
1.624925
1.625487
1.625862
1.626425
1.62755
1.628675
1.628675
1.628487
1.625487
1.626612
1.626612
1.626987
1.6268
1.625862
1.62605
1.626987
1.626987
1.627925
1.626237
1.6253
1.625487
1.62605
1.626425
1.626987
1.628112
1.628112
1.628487
1.626425
1.6268
1.626612
1.626612
1.626612
1.626237
1.625675
1.6268
1.6268
1.628862
1.62605
1.625862
1.625487
1.62605
1.626237
1.6268
1.627925
1.62905
1.62905
1.629425
1.627362
1.626987
1.626425
1.626612
1.626612
1.62605
1.626237
1.629612
1.629612
1.627362
1.625862
1.625487
1.625487
1.626425
1.6268
1.627362
1.6283
1.630362
1.630362
1.62755
1.626987
1.626612
1.626237
1.626987
1.626237
1.626237
1.628112
1.628112
1.6283
1.62605
1.625675
1.625675
1.62605
1.626987
1.627362
1.628112
1.630925
1.630925
1.627925
1.62755
1.626987
1.626612
1.626612
1.627362
1.625862
1.626612
1.626987
1.626987
1.626612
1.625862
1.62605
1.62605
1.625675
1.6268
1.627362
1.628487
1.629237
1.629237
1.627925
1.62755
1.626612
1.625675
1.626612
1.626425
1.625862
1.625487
1.626425
1.626425
1.627362
1.6268
1.626425
1.624549
1.62605
1.627362
1.626425
1.6283
1.6283
1.628487
1.628112
1.627362
1.6268
1.624737
1.625862
1.626237
1.626612
1.626237
1.626237
1.626612
1.62755
1.627175
1.62605
1.624925
1.6268
1.627362
1.627925
1.627925
1.627925
1.628862
1.628487
1.627175
1.625862
1.62605
1.626987
1.626612
1.6268
1.626987
1.626987
1.627925
1.627362
1.626987
1.6253
1.627175
1.628112
1.6283
1.6283
1.628675
1.628675
1.62905
1.627925
1.626612
1.6253
1.623237
1.625862
1.626612
1.626987
1.626987
1.627175
1.628112
1.62905
1.62905
1.626425
1.6268
1.628487
1.628112
1.628487
1.628487
1.6283
1.628675
1.62755
1.626612
1.624175
1.624737
1.626425
1.627175
1.627362
1.627362
1.627362
1.629425
1.629425
1.626425
1.625487
1.6283
1.62755
1.628112
1.627737
1.627737
1.6283
1.628487
1.626612
1.6253
1.62305
1.626237
1.626237
1.626425
1.626987
1.626987
1.62755
1.628862
1.628487
1.6253
1.624925
1.627175
1.627362
1.627175
1.626987
1.626987
1.627175
1.62755
1.62755
1.625862
1.62605
1.6253
1.625862
1.626425
1.626425
1.626987
1.627737
1.628487
1.629237
1.626987
1.627175
1.626987
1.626987
1.626612
1.626612
1.626425
1.62605
1.628112
1.6268
1.625862
1.625675
1.62605
1.626237
1.626987
1.626987
1.627737
1.627925
1.63055
1.6283
1.627362
1.627362
1.626612
1.626612
1.626425
1.626425
1.626425
1.626425
1.629237
1.627737
1.626612
1.626425
1.625862
1.62605
1.627175
1.627175
1.627362
1.62755
1.62905
1.6283
1.627925
1.627175
1.626612
1.626612
1.626612
1.627175
1.6268
1.62605
1.6268
1.627175
1.6268
1.626425
1.6253
1.626612
1.626612
1.627737
1.627175
1.628675
1.628862
1.628487
1.627925
1.627175
1.625487
1.626237
1.626237
1.626987
1.625487
1.626612
1.627175
1.626612
1.626987
1.625675
1.6253
1.6268
1.6268
1.62755
1.627925
1.628487
1.62905
1.627925
1.627175
1.625112
1.6253
1.626425
1.626425
1.625862
1.626612
1.6268
1.627362
1.62755
1.62755
1.625487
1.6253
1.627737
1.627737
1.627737
1.627925
1.627925
1.62905
1.628112
1.626987
1.625487
1.624925
1.624925
1.626425
1.627362
1.626612
1.6268
1.628112
1.628112
1.6283
1.62605
1.625675
1.625675
1.628487
1.627925
1.627925
1.628112
1.628675
1.627925
1.626237
1.624549
1.624737
1.624737
1.626425
1.626612
1.626612
1.627362
1.628487
1.62905
1.62755
1.624925
1.627737
1.627737
1.628112
1.628112
1.627925
1.628675
1.628112
1.6268
1.6253
1.622112
1.625487
1.625487
1.626612
1.626425
1.626987
1.628112
1.629237
1.628675
1.625112
1.626987
1.626987
1.628112
1.628112
1.6283
1.627737
1.628862
1.627175
1.62605
1.622487
1.625862
1.625862
1.626612
1.627175
1.627175
1.628675
1.629237
1.628487
1.625112
1.626237
1.6283
1.6283
1.628112
1.627925
1.627737
1.62905
1.62755
1.626987
1.623237
1.624362
1.626612
1.626612
1.626987
1.626987
1.62755
1.629612
1.627737
1.624362
1.627362
1.627925
1.6283
1.6283
1.627737
1.627925
1.6283
1.629425
1.6283
1.6253
1.626425
1.626425
1.6268
1.6268
1.627362
1.628112
1.628862
1.6298
1.62905
1.628862
1.628112
1.627737
1.62755
1.62755
1.627362
1.627175
1.627362
1.629612
1.628675
1.627175
1.626612
1.626987
1.62755
1.62755
1.628112
1.628487
1.629237
1.631675
1.629425
1.6283
1.627925
1.627737
1.627737
1.627925
1.62755
1.62755
1.627925
1.629987
1.628112
1.627737
1.626987
1.627362
1.627362
1.626425
1.628112
1.628487
1.62755
1.62905
1.629612
1.629425
1.628675
1.627175
1.627175
1.626237
1.626612
1.627175
1.626612
1.62755
1.6283
1.627737
1.627925
1.626987
1.626987
1.625862
1.627925
1.628487
1.628112
1.62905
1.629425
1.6283
1.626987
1.625675
1.625675
1.626237
1.627362
1.626425
1.627175
1.627737
1.6283
1.627925
1.626425
1.626425
1.62605
1.627925
1.6283
1.628675
1.628862
1.6298
1.628862
1.62755
1.626237
1.626237
1.6253
1.626612
1.626987
1.627175
1.62755
1.628487
1.627925
1.629237
1.626425
1.626425
1.626425
1.628862
1.62905
1.628675
1.62905
1.629612
1.6283
1.626987
1.62605
1.62605
1.624175
1.626425
1.627175
1.627175
1.62755
1.628487
1.6298
1.629612
1.626987
1.626987
1.625487
1.628862
1.628862
1.628862
1.62905
1.629425
1.629237
1.627925
1.627925
1.6253
1.6238
1.626987
1.62755
1.62755
1.6283
1.6298
1.630175
1.628862
1.628862
1.623987
1.62755
1.628675
1.628487
1.628675
1.628862
1.6298
1.627925
1.625487
1.625487
1.62305
1.626425
1.627362
1.627362
1.628112
1.629987
1.629987
1.6298
1.624737
1.624737
1.627737
1.629612
1.630175
1.6298
1.630362
1.630737
1.631487
1.630362
1.626987
1.626987
1.628487
1.62905
1.628862
1.627925
1.6283
1.6298
1.630737
1.6298
1.62605
1.62605
1.627362
1.626987
1.626425
1.6253
1.624737
1.624925
1.626237
1.630175
1.630175
1.625862
1.624925
1.6253
1.625675
1.626237
1.627175
1.627737
1.630737
1.629987
1.629987
1.627737
1.628112
1.627362
1.62755
1.628112
1.627737
1.62755
1.6298
1.629425
1.629425
1.627737
1.627362
1.62755
1.628112
1.62905
1.629425
1.632237
1.629987
1.629237
1.629237
1.628487
1.628862
1.628487
1.628862
1.628112
1.6283
1.630362
1.6298
1.628112
1.628112
1.627737
1.627925
1.62755
1.6283
1.629987
1.631112
1.632425
1.6298
1.6298
1.629237
1.62905
1.6283
1.628675
1.6283
1.628487
1.626987
1.628862
1.629425
1.629425
1.628487
1.628112
1.627175
1.626987
1.628862
1.62905
1.629237
1.629612
1.63055
1.63055
1.629612
1.62905
1.626425
1.6268
1.628487
1.6283
1.627362
1.628487
1.62905
1.62905
1.628487
1.628862
1.626237
1.627362
1.629425
1.627925
1.6298
1.629987
1.63055
1.63055
1.629237
1.627175
1.626425
1.626612
1.6283
1.627362
1.628112
1.628675
1.628675
1.629425
1.629425
1.628487
1.626425
1.628487
1.629987
1.629612
1.629612
1.6298
1.6298
1.629612
1.62905
1.62755
1.625675
1.62605
1.628487
1.6283
1.6283
1.628862
1.628862
1.630175
1.631487
1.6298
1.626237
1.628675
1.630175
1.629612
1.6298
1.630175
1.630175
1.629612
1.628112
1.626987
1.624175
1.627737
1.628675
1.6283
1.628862
1.630925
1.630925
1.631112
1.628675
1.6268
1.628675
1.629987
1.6298
1.629987
1.6298
1.6298
1.630925
1.628862
1.627737
1.624549
1.627737
1.628862
1.628862
1.629237
1.629612
1.629612
1.631675
1.6313
1.62755
1.624925
1.6298
1.630362
1.629987
1.629987
1.630925
1.630925
1.630175
1.62905
1.624925
1.625675
1.628675
1.628862
1.629237
1.629987
1.63205
1.63205
1.6313
1.630175
1.624549
1.629425
1.63055
1.63055
1.630175
1.63055
1.630925
1.630925
1.630362
1.627175
1.625487
1.628487
1.62905
1.629425
1.6298
1.631112
1.632612
1.632612
1.631487
1.628487
1.62905
1.63055
1.63055
1.630175
1.6298
1.629987
1.629987
1.6313
1.629612
1.626612
1.628675
1.62905
1.629425
1.629987
1.631112
1.63205
1.63205
1.631862
1.629237
1.628487
1.629987
1.630175
1.630175
1.6298
1.629987
1.631112
1.631112
1.629987
1.627737
1.628487
1.6283
1.62905
1.629612
1.630737
1.631675
1.631487
1.631487
1.627925
1.628112
1.629612
1.629987
1.6298
1.629425
1.62905
1.630175
1.629237
1.629237
1.62605
1.627925
1.628675
1.628675
1.629237
1.630362
1.6313
1.631112
1.631112
1.627737
1.627737
1.629612
1.6298
1.629425
1.628862
1.628487
1.6298
1.629425
1.629425
1.627737
1.627925
1.627737
1.6283
1.62905
1.629987
1.631112
1.631112
1.628487
1.628487
1.62755
1.62905
1.629425
1.629237
1.62905
1.628487
1.62905
1.631112
1.629987
1.629987
1.627925
1.628112
1.6283
1.628675
1.629612
1.630925
1.630925
1.631487
1.629425
1.629425
1.629425
1.629425
1.62905
1.629237
1.629612
1.6283
1.629612
1.632237
1.632237
1.62905
1.628675
1.6283
1.628675
1.629237
1.629987
1.630175
1.633737
1.631862
1.631862
1.630362
1.629612
1.629237
1.629425
1.629425
1.628675
1.628862
1.631862
1.629237
1.629237
1.628675
1.628487
1.62905
1.629425
1.63055
1.63055
1.631862
1.63355
1.630925
1.630925
1.630175
1.629425
1.62905
1.6298
1.629237
1.628675
1.630175
1.629987
1.62905
1.62905
1.62905
1.628675
1.628487
1.629987
1.630925
1.63205
1.63355
1.630362
1.630175
1.630175
1.6298
1.62905
1.629237
1.629237
1.62905
1.629612
1.630737
1.629612
1.629612
1.629237
1.62905
1.627925
1.6283
1.629987
1.629425
1.629987
1.630362
1.6313
1.6313
1.630362
1.6298
1.62755
1.628862
1.629237
1.6283
1.628862
1.629425
1.6298
1.6298
1.629612
1.628675
1.6268
1.62905
1.6298
1.62905
1.630737
1.630925
1.6313
1.6313
1.630175
1.62755
1.628112
1.627925
1.629237
1.628675
1.62905
1.630175
1.6298
1.6298
1.62905
1.626612
1.628675
1.629987
1.629237
1.630737
1.631487
1.63055
1.63055
1.629987
1.627737
1.628487
1.629612
1.628487
1.628487
1.629425
1.629987
1.629612
1.629612
1.630175
1.62755
1.6283
1.6298
1.629987
1.630925
1.631112
1.6313
1.630362
1.630362
1.6283
1.62755
1.627737
1.629425
1.628862
1.629237
1.629237
1.630737
1.631112
1.631112
1.6298
1.62755
1.629612
1.631112
1.630925
1.630925
1.631487
1.630737
1.629612
1.629612
1.6283
1.626987
1.62905
1.629237
1.629425
1.629987
1.630925
1.631112
1.630362
1.630362
1.628112
1.629612
1.6313
1.630925
1.6313
1.630737
1.631487
1.630175
1.630175
1.629612
1.627925
1.625112
1.6283
1.629237
1.629425
1.6298
1.630362
1.632425
1.632425
1.631675
1.627925
1.627362
1.630362
1.631112
1.63055
1.630737
1.631862
1.63055
1.63055
1.6298
1.62605
1.62605
1.629237
1.629425
1.629987
1.629987
1.632425
1.631675
1.631675
1.629612
1.625862
1.629987
1.63055
1.630737
1.630362
1.630737
1.631112
1.6298
1.6298
1.626987
1.625675
1.62905
1.629425
1.6298
1.630175
1.631862
1.632237
1.632237
1.632237
1.627737
1.630362
1.63055
1.630175
1.6298
1.6298
1.6313
1.631112
1.630362
1.630362
1.62905
1.62905
1.629425
1.630175
1.630362
1.631487
1.632987
1.632425
1.630925
1.630925
1.630362
1.630362
1.629987
1.63055
1.629987
1.6298
1.631862
1.6328
1.629612
1.629612
1.629237
1.629237
1.6298
1.630362
1.631112
1.631487
1.634675
1.63205
1.631112
1.631112
1.630362
1.629987
1.630175
1.629987
1.629425
1.628862
1.63205
1.6298
1.6298
1.629237
1.629425
1.6298
1.630175
1.6313
1.632425
1.633362
1.634112
1.6328
1.6328
1.6328
1.63205
1.6313
1.632425
1.632237
1.629987
1.629612
1.630175
1.629987
1.629987
1.6298
1.629612
1.628112
1.629425
1.629425
1.628675
1.6298
1.629237
1.628487
1.628487
1.627925
1.627362
1.628487
1.628487
1.627362
1.628112
1.628675
1.628487
1.628862
1.628862
1.6283
1.627362
1.628862
1.629987
1.630175
1.6313
1.631862
1.631112
1.630737
1.630737
1.629425
1.6283
1.629987
1.630362
1.628862
1.629987
1.630925
1.630362
1.630362
1.630362
1.628112
1.628675
1.63055
1.630175
1.6313
1.631112
1.6328
1.631675
1.631675
1.63055
1.628112
1.629425
1.629612
1.629237
1.6298
1.630362
1.630925
1.631112
1.631112
1.6313
1.628862
1.629237
1.631112
1.63205
1.631675
1.631487
1.631862
1.631112
1.631112
1.62905
1.628675
1.628487
1.63055
1.630175
1.629987
1.630925
1.630925
1.631675
1.631675
1.62905
1.62905
1.631675
1.632237
1.631862
1.631862
1.632425
1.6313
1.6313
1.6298
1.628862
1.627362
1.630362
1.630175
1.630175
1.63055
1.63205
1.632612
1.632612
1.631487
1.629237
1.62905
1.631862
1.631862
1.631862
1.631862
1.632425
1.6313
1.6313
1.630175
1.627362
1.628112
1.6298
1.629987
1.630362
1.6313
1.6328
1.632987
1.632987
1.631112
1.627175
1.630175
1.631675
1.631675
1.631487
1.6313
1.63205
1.63205
1.632612
1.631487
1.626987
1.628487
1.629987
1.63055
1.630737
1.631675
1.63355
1.63355
1.6328
1.63205
1.627737
1.6313
1.631675
1.631862
1.6313
1.631487
1.632425
1.632425
1.63205
1.628112
1.628675
1.630175
1.63055
1.631112
1.631862
1.633737
1.632612
1.632612
1.629987
1.627737
1.631675
1.631862
1.631862
1.631675
1.631487
1.632237
1.6313
1.6313
1.628112
1.6283
1.630175
1.630737
1.6313
1.631862
1.63355
1.633737
1.632987
1.632987
1.6283
1.631675
1.631862
1.63205
1.631862
1.631112
1.631675
1.6328
1.6328
1.630737
1.630175
1.63055
1.630737
1.6313
1.632425
1.633175
1.634112
1.633362
1.633362
1.62905
1.63205
1.632237
1.632237
1.63205
1.631675
1.631675
1.633175
1.633175
1.633175
1.631675
1.630737
1.630925
1.6313
1.63205
1.6328
1.633362
1.635612
1.63355
1.63355
1.632237
1.631675
1.63205
1.631862
1.632237
1.631487
1.632237
1.634862
1.632425
1.632425
1.630925
1.630737
1.631112
1.631675
1.632237
1.633175
1.63505
1.63355
1.63355
1.632237
1.631675
1.63205
1.631487
1.631112
1.631487
1.632425
1.634487
1.631112
1.631112
1.63055
1.630362
1.630925
1.6313
1.631862
1.6328
1.634487
1.632612
1.63205
1.63205
1.631487
1.6313
1.630925
1.630737
1.630737
1.631112
1.633737
1.632425
1.63055
1.63055
1.630362
1.630175
1.630362
1.6313
1.631862
1.632425
1.635987
1.632237
1.631675
1.631675
1.6313
1.630362
1.630925
1.630925
1.630175
1.630175
1.632237
1.63055
1.63055
1.630362
1.630362
1.629987
1.630175
1.631862
1.631862
1.633737
1.633362
1.63205
1.63205
1.6313
1.63055
1.630737
1.630737
1.630362
1.630175
1.632237
1.630362
1.630362
1.630362
1.629987
1.63055
1.630737
1.63205
1.632987
1.636175
1.632425
1.631675
1.6313
1.6313
1.631112
1.631112
1.630925
1.630362
1.630737
1.6328
1.630737
1.63055
1.630175
1.630175
1.63055
1.630362
1.631675
1.631675
1.63205
1.6328
1.632987
1.631862
1.631862
1.631487
1.629612
1.629987
1.631112
1.630737
1.629987
1.630737
1.6313
1.631112
1.631112
1.631112
1.628487
1.630175
1.631862
1.630362
1.632425
1.6328
1.632237
1.631862
1.631862
1.6298
1.629987
1.630737
1.630737
1.6298
1.631112
1.631675
1.6313
1.6313
1.6313
1.629425
1.629612
1.631862
1.63055
1.632237
1.632237
1.6328
1.63205
1.630925
1.630925
1.62905
1.629237
1.630175
1.629612
1.630737
1.631112
1.632237
1.631112
1.631112
1.631112
1.62905
1.630175
1.632425
1.632425
1.632425
1.632987
1.63205
1.631112
1.631112
1.629612
1.628862
1.630362
1.630362
1.630362
1.6313
1.631862
1.631675
1.632425
1.632425
1.629237
1.630362
1.632987
1.631675
1.632425
1.6328
1.632987
1.631862
1.630737
1.630737
1.62905
1.627925
1.630175
1.630737
1.630925
1.631112
1.632425
1.632987
1.630175
1.630175
1.629987
1.631675
1.632425
1.632237
1.632425
1.632987
1.631862
1.630175
1.629237
1.629237
1.628675
1.630737
1.630925
1.630737
1.631487
1.631862
1.632987
1.632425
1.632425
1.630175
1.628487
1.632425
1.631487
1.632425
1.632425
1.633175
1.632425
1.630925
1.630925
1.6283
1.627737
1.629987
1.630737
1.630925
1.631675
1.632987
1.63355
1.632987
1.632987
1.628675
1.628862
1.63205
1.632237
1.631862
1.631862
1.631862
1.632987
1.631675
1.631675
1.62755
1.6298
1.630362
1.631112
1.631862
1.632425
1.633737
1.633737
1.6313
1.6313
1.62905
1.63205
1.632237
1.632237
1.632237
1.63205
1.6328
1.631675
1.631675
1.627737
1.629237
1.630925
1.630737
1.631675
1.632612
1.634112
1.633737
1.631487
1.631487
1.629425
1.632237
1.632425
1.63205
1.631862
1.631487
1.631862
1.6328
1.630175
1.630175
1.629612
1.63055
1.630925
1.631487
1.63205
1.633362
1.633362
1.633362
1.629987
1.629987
1.63205
1.631862
1.63205
1.631862
1.631487
1.631675
1.632237
1.6358
1.63205
1.63205
1.630925
1.630925
1.6313
1.63205
1.632237
1.632987
1.635237
1.632612
1.632425
1.632425
1.631862
1.632237
1.631862
1.631675
1.631487
1.633175
1.633925
1.631487
1.631487
1.630925
1.630925
1.631112
