1.4839
1.4316
1.5036
1.651
1.6988
1.5833
1.4054
1.4687
1.5368
1.7226
1.6514
1.5387
1.3954
1.5068
1.5863
1.7386
1.6152
1.4635
1.4258
1.5405
1.6639
1.7041
1.5756
1.3943
1.473
1.591
1.7397
1.6555
1.5285
1.3806
1.5147
1.6752
1.7541
1.6043
1.4432
1.4172
1.555
1.7521
1.7136
1.5642
1.3778
1.4744
1.6079
1.7579
1.6561
1.5124
1.3716
1.5177
1.6924
1.7661
1.425
1.4138
1.5246
1.7061
1.7241
1.5462
1.3609
1.4089
1.5756
1.7768
1.6542
1.4931
1.3589
1.4678
1.6315
1.7862
1.5945
1.4114
1.4035
1.5276
1.7185
1.7303
1.5387
1.3514
1.4721
1.587
1.7899
1.6532
1.4802
1.354
1.5314
1.6414
1.7924
1.5887
1.4012
1.4014
1.533
1.7303
1.7335
1.5276
1.3431
1.4685
1.5936
1.8047
1.6555
1.4719
1.3499
1.5351
1.6499
1.8004
1.3939
1.398
1.5385
1.7457
1.7399
1.5207
1.3388
1.4689
1.6028
1.8162
1.6562
1.4618
1.3452
1.5375
1.6585
1.8113
1.578
1.383
1.3964
1.5417
1.7549
1.7447
1.5152
1.3369
1.4719
1.6045
1.8256
1.6568
1.4564
1.3427
1.5419
1.6684
1.8139
1.5752
1.3791
1.3935
1.5426
1.7534
1.7425
1.5113
1.3326
1.4715
1.609
1.8276
1.6549
1.4519
1.3422
1.4717
1.6727
1.8181
1.4565
1.3424
1.5458
1.7567
1.7472
1.5132
1.3335
1.3964
1.609
1.8224
1.657
1.4567
1.3439
1.4736
1.6684
1.8177
1.5825
1.3789
1.3433
1.543
1.7534
1.7472
1.5162
1.3362
1.3977
1.608
1.8175
1.654
1.4592
1.3454
1.4699
1.6594
1.8109
1.5827
1.3872
1.3935
1.5381
1.7444
1.7462
1.525
1.3384
1.3988
1.5975
1.8151
1.6579
1.4657
1.3474
1.4695
1.6574
1.8076
1.4775
1.3478
1.5319
1.7356
1.735
1.5265
1.3992
1.3973
1.5874
1.7993
1.6532
1.4764
1.348
1.4684
1.642
1.7922
1.587
1.4099
1.404
1.5794
1.783
1.6577
1.5464
1.3596
1.4682
1.6272
1.7809
1.6555
1.4924
1.3615
1.5239
1.7072
1.7256
1.5951
1.4228
1.4063
1.5724
1.7747
1.6546
1.5492
1.3641
1.4699
1.6217
1.7807
1.6002
1.5012
1.3645
1.5244
1.7052
1.7254
1.503
1.3639
1.5248
1.7031
1.7243
1.5516
1.4254
1.4078
1.5704
1.771
1.6594
1.5554
1.3637
1.4669
1.6191
1.7764
1.6
1.504
1.362
1.5201
1.6981
1.7262
1.6041
1.4284
1.4093
1.5694
1.7672
1.6576
1.5522
1.365
1.4676
1.6174
1.7764
1.6043
1.5047
1.3635
1.5197
1.6969
1.7222
1.6004
1.4288
1.41
1.57
1.7697
1.7264
1.5531
1.3649
1.4674
1.6169
1.7719
1.5077
1.3617
1.5231
1.6986
1.7236
1.6005
1.4303
1.4099
1.5694
1.7682
1.6583
1.5559
1.3667
1.4665
1.6189
1.7759
1.603
1.5057
1.3654
1.5207
1.6984
1.726
1.5565
1.4322
1.4089
1.57
1.7693
1.6576
1.5542
1.3679
1.4665
1.6142
1.7744
1.6049
1.5089
1.3677
1.5192
1.6988
1.7217
1.5537
1.4303
1.4078
1.5647
1.7687
1.6587
1.504
1.3688
1.4717
1.6197
1.7751
1.5075
1.3645
1.5214
1.6977
1.7249
1.6041
1.4284
1.4084
1.5657
1.7657
1.6574
1.5544
1.3675
1.4659
1.6135
1.7725
1.6024
1.5081
1.366
1.5218
1.6958
1.723
1.5535
1.4299
1.4085
1.5645
1.7633
1.6564
1.5548
1.368
1.4689
1.6165
1.7723
1.6004
1.5089
1.366
1.5209
1.6926
1.7198
1.5527
1.4299
1.4085
1.5668
1.7648
1.6579
1.5567
1.3682
1.4687
1.6178
1.7757
1.5079
1.3647
1.5167
1.6962
1.7717
1.6015
1.4282
1.4065
1.5677
1.7695
1.7236
1.5537
1.3684
1.4672
1.6185
1.7723
1.6585
1.5064
1.365
1.5205
1.6975
1.7213
1.6019
1.4286
1.4061
1.566
1.7676
1.7228
1.5531
1.3641
1.4639
1.614
1.7727
1.6555
1.506
1.363
1.5186
1.6945
1.7222
1.5998
1.4292
1.4089
1.5649
1.7665
1.6561
1.5535
1.3671
1.4661
1.6155
1.7736
1.5055
1.3667
1.5205
1.6971
1.7747
1.6028
1.4269
1.4078
1.5642
1.7642
1.7204
1.5509
1.3688
1.47
1.6159
1.7691
1.6596
1.5062
1.3669
1.5207
1.6952
1.7738
1.6005
1.428
1.4076
1.5694
1.7005
1.7241
1.5512
1.3677
1.4667
1.6144
1.765
1.6564
1.5057
1.3669
1.5201
1.6981
1.7712
1.6009
1.4284
1.4093
1.5677
1.6988
1.7226
1.552
1.3656
1.4684
1.6182
1.771
1.5051
1.3667
1.5197
1.6187
1.7731
1.6
1.4282
1.4067
1.5192
1.6996
1.7206
1.5495
1.3658
1.4695
1.572
1.7667
1.6534
1.5032
1.3662
1.5205
1.6189
1.7725
1.5994
1.4284
1.4089
1.5659
1.7005
1.7215
1.5529
1.3673
1.4676
1.6146
1.7678
1.6551
1.5023
1.3656
1.5209
1.617
1.7717
1.6013
1.4295
1.4114
1.57
1.6994
1.7202
1.5507
1.3662
1.4669
1.5649
1.7669
1.5085
1.3682
1.5194
1.6154
1.771
1.5987
1.4264
1.411
1.5636
1.6958
1.7202
1.551
1.3641
1.467
1.6125
1.7641
1.6534
1.5021
1.3658
1.5199
1.6169
1.7706
1.5998
1.4269
1.4102
1.5657
1.6981
1.7215
1.551
1.3669
1.4697
1.6167
1.7674
1.6549
1.5019
1.3647
1.5218
1.6982
1.7746
1.5998
1.4117
1.4027
1.5833
1.7207
1.729
1.5392
1.3499
1.4672
1.6429
1.7961
1.482
1.353
1.5325
1.6418
1.7899
1.5882
1.4025
1.4025
1.5314
1.7264
1.7275
1.5306
1.3472
1.4693
1.5855
1.7939
1.6525
1.4789
1.353
1.5319
1.6433
1.7918
1.5878
1.4033
1.4037
1.5889
1.7282
1.7277
1.5314
1.3485
1.4676
1.6396
1.7952
1.6561
1.4811
1.3551
1.5299
1.6409
1.7892
1.5897
1.4012
1.4039
1.585
1.7914
1.7292
1.533
1.3499
1.4734
1.639
1.7944
1.4787
1.3547
1.4691
1.6397
1.7884
1.5852
1.3994
1.3553
1.5357
1.7251
1.7251
1.5306
1.3485
1.4037
1.5833
1.7954
1.6536
1.4787
1.3557
1.4727
1.6426
1.7892
1.5863
1.3994
1.4035
1.5327
1.726
1.726
1.5314
1.3469
1.4695
1.5852
1.792
1.6551
1.4805
1.3575
1.5315
1.6396
1.7854
1.5919
1.4039
1.4089
1.5825
1.7192
1.7243
1.5383
1.3549
1.4732
1.5739
1.7539
1.5312
1.3924
1.4693
1.5874
1.741
1.6067
1.4582
1.3915
1.5109
1.6636
1.6986
1.5735
1.3947
1.4275
1.5462
1.7322
1.6493
1.5351
1.3894
1.4714
1.5855
1.7361
1.6105
1.4607
1.3913
1.5079
1.6639
1.6977
1.5752
1.3956
1.4303
1.5439
1.7297
1.6495
1.5372
1.392
1.4744
1.5872
1.7348
1.6064
1.4597
1.3917
1.5092
1.6626
1.6951
1.5749
1.4003
1.4295
1.5407
1.7282
1.5764
1.3958
1.4719
1.5814
1.7326
1.6094
1.4624
1.3952
1.507
1.6594
1.6954
1.5773
1.399
1.4322
1.545
1.7292
1.6486
1.5353
1.395
1.4762
1.5835
1.7316
1.6086
1.4599
1.3952
1.5072
1.6598
1.6917
1.5726
1.3997
1.4312
1.5411
1.729
1.6497
1.5357
1.3956
1.4759
1.585
1.7326
1.609
1.458
1.3973
1.5105
1.6596
1.6913
1.576
1.3999
1.4335
1.5449
1.7236
1.5764
1.3958
1.476
1.5938
1.7425
1.6086
1.5182
1.3742
1.5182
1.7117
1.7179
1.5396
1.4112
1.4144
1.5812
1.786
1.6461
1.4813
1.3523
1.4719
1.6386
1.7804
1.5859
1.4828
1.3615
1.5381
1.7297
1.7191
1.5342
1.4016
1.4119
1.5846
1.7884
1.6444
1.4775
1.351
1.4747
1.6427
1.7781
1.5852
1.4798
1.3617
1.5364
1.732
1.7151
1.531
1.3997
1.41
1.5878
1.7927
1.5342
1.3515
1.4789
1.6431
1.7807
1.5848
1.4779
1.3619
1.5357
1.7303
1.7129
1.5293
1.398
1.4142
1.5863
1.7901
1.6444
1.4774
1.3515
1.4762
1.6411
1.7781
1.5857
1.48
1.3641
1.5387
1.7282
1.7174
1.5904
1.4044
1.4145
1.5818
1.7809
1.6431
1.5375
1.3568
1.4774
1.6281
1.7671
1.5899
1.4916
1.3697
1.5269
1.7057
1.7057
1.5921
1.4168
1.4166
1.5659
1.762
1.5698
1.3905
1.4798
1.5966
1.7356
1.6416
1.5235
1.3971
1.5173
1.6722
1.6861
1.602
1.45
1.4337
1.5484
1.7331
1.6881
1.5675
1.3915
1.477
1.5942
1.7303
1.6399
1.5252
1.3934
1.516
1.6737
1.6864
1.6004
1.447
1.4354
1.548
1.7322
1.6371
1.5647
1.3935
1.4834
1.5934
1.7297
1.6377
1.521
1.3967
1.5179
1.6756
1.6849
1.5968
1.4445
1.4348
1.5488
1.7327
1.5707
1.392
1.4824
1.6
1.7389
1.6394
1.5201
1.3943
1.5179
1.6801
1.7333
1.5989
1.4412
1.4376
1.5537
1.7395
1.6892
1.5636
1.3862
1.4811
1.6007
1.7374
1.6379
1.5154
1.392
1.5201
1.6829
1.7376
1.5959
1.4359
1.4318
1.5569
1.7502
1.6992
1.5548
1.3662
1.4753
1.6311
1.7652
1.6427
1.4775
1.3669
1.5342
1.7342
1.7759
1.578
1.3887
1.417
1.5885
1.792
1.5263
1.3455
1.482
1.6559
1.7971
1.6347
1.4627
1.3624
1.5402
1.7427
1.7757
1.572
1.3851
1.4189
1.5955
1.7978
1.7095
1.521
1.3459
1.4792
1.6527
1.7761
1.6365
1.464
1.3607
1.5411
1.7459
1.7783
1.5765
1.3862
1.4185
1.5951
1.7965
1.7089
1.518
1.3437
1.4841
1.6585
1.7746
1.6349
1.4624
1.3622
1.5413
1.7481
1.7772
1.575
1.3827
1.4204
1.5985
1.7959
1.5212
1.3444
1.4856
1.599
1.8036
1.6354
1.4607
1.3635
1.5443
1.6581
1.7749
1.5737
1.3797
1.4211
1.5979
1.7492
1.7057
1.5167
1.344
1.4867
1.6589
1.798
1.6328
1.4562
1.3635
1.5428
1.6594
1.7734
1.5707
1.3827
1.4196
1.5968
1.7466
1.7033
1.5175
1.3439
1.4869
1.6592
1.7982
1.6313
1.4592
1.3656
1.5449
1.6617
1.7732
1.5698
1.3791
1.4237
1.5959
1.7472
1.5205
1.3435
1.4879
1.6634
1.7956
1.6307
1.4622
1.3682
1.5454
1.7502
1.7727
1.5719
1.3804
1.422
1.5964
1.7506
1.7041
1.5203
1.3463
1.4895
1.6576
1.7684
1.63
1.4579
1.3673
1.545
1.7498
1.771
1.5732
1.3817
1.4254
1.5975
1.7492
1.699
1.5179
1.3455
1.4864
1.6622
1.7946
1.629
1.4605
1.3673
1.5428
1.7459
1.7687
1.5715
1.3817
1.4234
1.5962
1.795
1.5171
1.3457
1.4903
1.5983
1.7937
1.6257
1.4564
1.369
1.5469
1.6621
1.7667
1.5645
1.3765
1.4249
1.5964
1.7507
1.6982
1.5179
1.345
1.4922
1.6615
1.7965
1.6264
1.4556
1.3709
1.549
1.6649
1.768
1.5704
1.377
1.4307
1.5992
1.7552
1.6986
1.516
1.3461
1.4918
1.6634
1.7967
1.6245
1.4543
1.3688
1.5494
1.7498
1.7671
1.5696
1.3767
1.4292
1.599
1.7935
1.516
1.3435
1.4309
1.6026
1.7954
1.6247
1.4543
1.371
1.4948
1.6675
1.7629
1.5668
1.3767
1.4324
1.549
1.753
1.6954
1.5177
1.3476
1.4933
1.6
1.7892
1.6214
1.4601
1.3785
1.495
1.6512
1.744
1.5773
1.4009
1.4387
1.5338
1.7159
1.684
1.5426
1.3718
1.4892
1.5711
1.7537
1.6289
1.494
1.398
1.5312
1.626
1.732
1.5874
1.4183
1.4414
1.5664
1.7065
1.5514
1.377
1.4417
1.5625
1.7438
1.6255
1.4935
1.399
1.4905
1.6191
1.7288
1.5846
1.4144
1.3962
1.528
1.7044
1.6754
1.5494
1.3799
1.4886
1.5627
1.7446
1.6272
1.4955
1.4024
1.4933
1.6208
1.7221
1.5848
1.4177
1.45
1.5317
1.7057
1.6735
1.5542
1.384
1.4959
1.5662
1.7387
1.626
1.4978
1.4037
1.4954
1.6182
1.7204
1.584
1.4205
1.4509
1.5299
1.6973
1.5524
1.4202
1.4519
1.5728
1.7513
1.6238
1.4815
1.3675
1.4933
1.6508
1.7483
1.5715
1.3804
1.3806
1.5499
1.756
1.6872
1.5156
1.3482
1.4369
1.6065
1.7961
1.6167
1.4455
1.3784
1.501
1.678
1.7599
1.5578
1.3667
1.4367
1.5544
1.7626
1.6849
1.5064
1.3469
1.5019
1.6097
1.7959
1.6148
1.4427
1.3774
1.4985
1.6776
1.7556
1.5572
1.3677
1.4387
1.5572
1.7652
1.5604
1.3684
1.4415
1.6073
1.7912
1.611
1.4485
1.3587
1.495
1.6572
1.7421
1.5704
1.3851
1.3922
1.5469
1.7376
1.675
1.5272
1.3596
1.4421
1.5884
1.7731
1.6195
1.4599
1.359
1.5006
1.6581
1.7412
1.5685
1.384
1.3926
1.5486
1.7429
1.6767
1.5255
1.3607
1.4472
1.594
1.7764
1.6206
1.4595
1.36
1.5004
1.6587
1.7399
1.569
1.4594
1.39
1.5439
1.7412
1.5719
1.3832
1.4425
1.5865
1.7663
1.6127
1.5214
1.3587
1.4993
1.6594
1.7374
1.5687
1.4601
1.3934
1.5492
1.7414
1.6724
1.5239
1.3844
1.447
1.591
1.7691
1.614
1.4547
1.3589
1.4963
1.6617
1.735
1.5668
1.3806
1.3926
1.5514
1.7494
1.6729
1.5203
1.3812
1.4485
1.5955
1.7736
1.6178
1.456
1.3611
1.504
1.6666
1.7376
1.5666
1.3767
1.3922
1.5522
1.7489
1.5632
1.3767
1.4475
1.596
1.7749
1.6146
1.5188
1.3587
1.5014
1.6671
1.7352
1.5642
1.4505
1.3924
1.548
1.7468
1.6694
1.5619
1.3787
1.4496
1.5953
1.7704
1.6122
1.5205
1.36
1.5006
1.6677
1.7305
1.6103
1.45
1.3934
1.5488
1.7504
1.6682
1.5619
1.3769
1.4496
1.5942
1.7699
1.666
1.5173
1.36
1.504
1.6662
1.7277
1.6099
1.4492
1.3945
1.5529
1.7491
1.5666
1.3765
1.4483
1.5942
1.7702
1.6703
1.5216
1.3639
1.5068
1.6705
1.7284
1.6116
1.4504
1.3975
1.5465
1.7449
1.6639
1.5657
1.3802
1.4535
1.5938
1.7654
1.6095
1.5205
1.3632
1.5074
1.6677
1.7262
1.5627
1.4487
1.3995
1.5518
1.7549
1.6701
1.5072
1.3643
1.4522
1.6157
1.7892
1.6039
1.4974
1.3497
1.5104
1.693
1.7357
1.5473
1.4258
1.3902
1.5668
1.7716
1.5494
1.3619
1.4517
1.5953
1.7669
1.6632
1.5182
1.3647
1.5077
1.6729
1.7215
1.6062
1.4449
1.4046
1.5501
1.7489
1.6628
1.5614
1.3746
1.4545
1.5979
1.7701
1.6615
1.5152
1.366
1.5102
1.6799
1.726
1.6101
1.443
1.4012
1.5561
1.7582
1.6607
1.5102
1.362
1.5104
1.6797
1.7706
1.6022
1.4344
1.3997
1.5584
1.6829
1.7256
1.5544
1.3688
1.4558
1.6028
1.7575
1.5591
1.3686
1.4573
1.6026
1.7663
1.6604
1.507
1.3641
1.5128
1.6823
1.7219
1.6013
1.4348
1.4044
1.5574
1.7554
1.7226
1.5578
1.371
1.4592
1.6064
1.7672
1.6572
1.5102
1.365
1.5122
1.6834
1.7192
1.6056
1.4331
1.4042
1.5561
1.7545
1.6559
1.5557
1.3697
1.4601
1.6034
1.7616
1.6566
1.5104
1.3652
1.5128
1.6855
1.7191
1.6039
1.4363
1.4057
1.557
1.7551
1.5559
1.3686
1.4635
1.6065
1.7549
1.6521
1.5049
1.3669
1.5137
1.6094
1.7646
1.6009
1.4344
1.408
1.5555
1.6862
1.7181
1.5533
1.3694
1.4644
1.6094
1.7594
1.6534
1.509
1.3677
1.5135
1.6892
1.7644
1.6002
1.4279
1.408
1.5593
1.6915
1.7168
1.5525
1.3686
1.4644
1.6079
1.7605
1.6491
1.5027
1.3688
1.516
1.6881
1.7642
1.5972
1.4271
1.4091
1.563
1.7612
1.5535
1.3684
1.4684
1.5632
1.762
1.6484
1.5012
1.3665
1.516
1.6118
1.7605
1.5972
1.4284
1.4102
1.5585
1.6919
1.7101
1.5518
1.3677
1.4676
1.6131
1.7622
1.6489
1.5025
1.3694
1.5188
1.6951
1.7616
1.596
1.4241
1.4114
1.564
1.7597
1.7097
1.548
1.3658
1.467
1.6116
1.7631
1.6514
1.501
1.3686
1.5195
1.6977
1.7599
1.594
1.4217
1.4147
1.563
1.7586
1.5518
1.3656
1.4717
1.5623
1.7592
1.6405
1.497
1.3703
1.5184
1.6144
1.7571
1.5921
1.4224
1.4151
1.5205
1.6958
1.7074
1.546
1.366
1.4719
1.564
1.7618
1.6427
1.497
1.3722
1.5225
1.6152
1.7562
1.5891
1.419
1.4157
1.5651
1.7005
1.7029
1.5471
1.3635
1.4714
1.5638
1.7601
1.6422
1.4948
1.3729
1.5218
1.6172
1.7539
1.5927
1.4189
1.4145
1.5636
1.6992
1.5443
1.3624
1.4194
1.567
1.7631
1.6405
1.4946
1.3752
1.4762
1.6189
1.756
1.5854
1.4119
1.4211
1.5244
1.7067
1.7007
1.5426
1.3628
1.477
1.5672
1.762
1.6352
1.4899
1.3714
1.5248
1.6215
1.7532
1.5872
1.4123
1.4194
1.5274
1.702
1.6982
1.5405
1.3607
1.48
1.5715
1.7648
1.6375
1.4909
1.3759
1.4792
1.6229
1.7524
1.5846
1.4121
1.4252
1.5285
1.7063
1.546
1.3626
1.429
1.5717
1.7656
1.6365
1.4894
1.3752
1.4774
1.6236
1.7515
1.5839
1.4074
1.4249
1.5287
1.7104
1.6962
1.5389
1.3643
1.4809
1.5735
1.7657
1.6354
1.4886
1.377
1.5257
1.6245
1.7534
1.5827
1.4085
1.4241
1.5289
1.7097
1.6924
1.5374
1.3635
1.4817
1.5724
1.7654
1.6315
1.4865
1.3787
1.4815
1.6255
1.7489
1.582
1.4059
1.4301
1.5315
1.7136
1.5396
1.4055
1.4301
1.5728
1.7616
1.6262
1.4805
1.3617
1.4835
1.6259
1.7436
1.578
1.4022
1.3799
1.5327
1.7129
1.6872
1.5342
1.3609
1.4294
1.575
1.7657
1.6289
1.4802
1.378
1.482
1.6304
1.741
1.579
1.4007
1.4275
1.5321
1.7191
1.6859
1.536
1.365
1.4852
1.5777
1.7637
1.6272
1.4805
1.3782
1.5304
1.63
1.7466
1.5767
1.3995
1.434
1.5351
1.7181
1.5812
1.4022
1.4361
1.5799
1.7641
1.6272
1.4787
1.3622
1.4882
1.6345
1.7434
1.5773
1.3988
1.3823
1.5347
1.7181
1.6866
1.5334
1.3982
1.4355
1.5771
1.762
1.6249
1.4787
1.3635
1.4918
1.6358
1.7393
1.5735
1.4789
1.3836
1.5349
1.7221
1.681
1.5327
1.3997
1.4387
1.5777
1.7633
1.6253
1.4759
1.363
1.4916
1.6388
1.7455
1.5752
1.4764
1.3853
1.539
1.7215
1.5732
1.3947
1.4382
1.5805
1.7629
1.6202
1.4704
1.3615
1.4914
1.6442
1.7431
1.5741
1.4744
1.3874
1.5417
1.7296
1.6795
1.5302
1.3937
1.4389
1.5824
1.7672
1.6187
1.4682
1.363
1.4957
1.645
1.7393
1.5696
1.4693
1.3864
1.5389
1.7303
1.6737
1.5259
1.392
1.4397
1.5835
1.7652
1.6142
1.4631
1.3605
1.4929
1.6452
1.7369
1.5681
1.4676
1.3862
1.54
1.732
1.5683
1.3881
1.4444
1.5863
1.7669
1.6159
1.525
1.362
1.4991
1.6484
1.7341
1.5702
1.4646
1.3894
1.5428
1.7314
1.6722
1.5244
1.3881
1.4474
1.5854
1.7661
1.6127
1.5235
1.363
1.4993
1.6521
1.732
1.5651
1.4592
1.389
1.5469
1.7335
1.6697
1.5207
1.3849
1.4427
1.5882
1.7669
1.6163
1.4595
1.3589
1.497
1.6549
1.7399
1.569
1.459
1.3889
1.545
1.7371
1.5709
1.3844
1.4451
1.5874
1.7674
1.6184
1.5242
1.3598
1.4944
1.6566
1.7348
1.6182
1.4577
1.3885
1.5413
1.7369
1.6705
1.5237
1.3823
1.4453
1.5889
1.7693
1.614
1.5237
1.3611
1.4987
1.6592
1.7297
1.5677
1.4594
1.39
1.5437
1.7455
1.6748
1.5606
1.3699
1.443
1.6049
1.7864
1.6062
1.5012
1.3476
1.504
1.6872
1.7457
1.5492
1.4294
1.3832
1.5651
1.7708
1.5492
1.3566
1.4451
1.6142
1.7927
1.6727
1.494
1.345
1.5079
1.6859
1.7421
1.6032
1.4234
1.3838
1.566
1.7695
1.7447
1.5486
1.36
1.4483
1.6099
1.7843
1.6649
1.5021
1.3579
1.5045
1.6654
1.7691
1.6092
1.4455
1.3947
1.5473
1.744
1.7281
1.564
1.3776
1.4511
1.5936
1.7667
1.6658
1.5162
1.3632
1.5057
1.6675
1.7258
1.609
1.4481
1.3965
1.552
1.7481
1.5623
1.372
1.4528
1.5951
1.7483
1.6636
1.5167
1.3626
1.5074
1.6686
1.7657
1.608
1.4436
1.4001
1.5494
1.7466
1.7224
1.5576
1.3735
1.4526
1.5966
1.7517
1.663
1.5119
1.3626
1.5047
1.6724
1.7654
1.602
1.4399
1.3977
1.5495
1.7489
1.7236
1.5572
1.3731
1.453
1.5975
1.7642
1.6581
1.5117
1.3613
1.504
1.6718
1.7656
1.603
1.4404
1.4007
1.5497
1.7468
1.56
1.3754
1.4582
1.5542
1.7513
1.657
1.5119
1.3654
1.5079
1.5977
1.7584
1.6026
1.4385
1.4059
1.5105
1.6737
1.7138
1.5574
1.3748
1.4057
1.5512
1.7459
1.6525
1.5149
1.3757
1.4648
1.5989
1.7601
1.6056
1.4385
1.3669
1.5075
1.6748
1.714
1.5595
1.4397
1.4067
1.5477
1.7434
1.6553
1.5629
1.3761
1.4609
1.5966
1.7517
1.6497
1.5124
1.3673
1.5094
1.6741
1.5606
1.3765
1.4629
1.5516
1.7455
1.6506
1.5152
1.372
1.5083
1.5974
1.7504
1.5996
1.4419
1.4132
1.551
1.675
1.7041
1.5565
1.3804
1.4667
1.5972
1.741
1.6465
1.5177
1.3755
1.5098
1.6722
1.7462
1.6013
1.4453
1.4179
1.5527
1.7401
1.7033
1.5615
1.3812
1.4642
1.5944
1.7453
1.6472
1.518
1.3769
1.5092
1.6744
1.7468
1.5975
1.4415
1.419
1.5529
1.7429
1.5574
1.3765
1.4699
1.554
1.7449
1.6416
1.5134
1.3778
1.5124
1.5974
1.7459
1.5949
1.437
1.4162
1.5501
1.6767
1.6967
1.5525
1.3769
1.4721
1.5985
1.7434
1.6418
1.5126
1.3793
1.5164
1.6004
1.7429
1.5921
1.4348
1.4241
1.5544
1.6793
1.6964
1.5546
1.3787
1.4757
1.5983
1.7427
1.6407
1.507
1.381
1.5165
1.6776
1.7421
1.5923
1.4222
1.4147
1.5649
1.7086
1.5349
1.3497
1.4708
1.5782
1.7815
1.6396
1.4766
1.3587
1.5278
1.6332
1.7689
1.5775
1.3979
1.4114
1.5306
1.7166
1.7069
1.5291
1.3527
1.4802
1.5662
1.7476
1.6362
1.5059
1.3832
1.5199
1.6064
1.7378
1.5889
1.429
1.4277
1.5597
1.6907
1.6909
1.5471
1.3641
1.4667
1.6268
1.7757
1.6399
1.4762
1.3628
1.528
1.6392
1.7689
1.5786
1.3934
1.414
1.5846
1.7299
1.5259
1.3465
1.4136
1.5835
1.7849
1.635
1.4691
1.3622
1.4768
1.6422
1.7689
1.5754
1.3857
1.4115
1.5342
1.7312
1.7067
1.5225
1.3461
1.4153
1.5863
1.7837
1.6309
1.4678
1.3639
1.4802
1.6439
1.7672
1.5741
1.3855
1.4151
1.5387
1.7346
1.7027
1.5156
1.344
1.4155
1.5878
1.7892
1.6317
1.4637
1.3628
1.4813
1.6471
1.7708
1.5732
1.381
1.417
1.5415
1.7399
1.5227
1.3444
1.4162
1.5882
1.7862
1.6296
1.4633
1.3446
1.4824
1.651
1.7695
1.5713
1.3829
1.365
1.5407
1.7359
1.699
1.519
1.3448
1.4207
1.5902
1.7849
1.6257
1.4601
1.3643
1.4834
1.6491
1.7631
1.5715
1.3815
1.4215
1.5407
1.7408
1.6956
1.5171
1.3446
1.4194
1.5899
1.7888
1.6275
1.4592
1.3658
1.4835
1.6538
1.7642
1.5698
1.3808
1.3667
1.5407
1.7402
1.5705
1.3808
1.4232
1.5927
1.7892
1.624
1.4543
1.3446
1.4852
1.6529
1.7596
1.5642
1.377
1.3673
1.5426
1.7404
1.6966
1.5169
1.3472
1.4252
1.5912
1.7834
1.6195
1.4627
1.38
1.4879
1.6287
1.7391
1.5824
1.4018
1.383
1.5319
1.7146
1.6838
1.5396
1.4046
1.4369
1.57
1.7567
1.624
1.4781
1.3634
1.4892
1.6377
1.7485
1.5732
1.4655
1.374
1.5396
1.738
1.5623
1.375
1.4301
1.5942
1.783
1.6178
1.4532
1.3469
1.4939
1.6609
1.753
1.5634
1.3789
1.3755
1.5422
1.7468
1.6853
1.5167
1.348
1.4307
1.5983
1.789
1.6191
1.453
1.372
1.4912
1.6596
1.7521
1.5625
1.3769
1.3782
1.5458
1.7468
1.6817
1.5165
1.3497
1.4348
1.5942
1.7813
1.6154
1.4532
1.3754
1.4882
1.6572
1.7431
1.5672
1.3855
1.4357
1.54
1.7352
1.5707
1.3919
1.4389
1.5782
1.7609
1.6139
1.5297
1.3639
1.4955
1.6397
1.729
1.572
1.4751
1.3928
1.539
1.726
1.6739
1.531
1.3919
1.4408
1.5797
1.7637
1.6161
1.4637
1.3592
1.4933
1.6478
1.7374
1.5709
1.4661
1.3857
1.5396
1.7348
1.6754
1.525
1.3862
1.4419
1.5887
1.7701
1.6169
1.456
1.3568
1.4976
1.6574
1.7462
1.5679
1.4599
1.3875
1.5464
1.7457
1.5649
1.3748
1.4415
1.5949
1.7753
1.6741
1.5152
1.3525
1.5
1.6699
1.7807
1.6125
1.4453
1.3836
1.5486
1.7509
1.6739
1.5077
1.3476
1.4997
1.6765
1.7461
1.6069
1.4322
1.3785
1.558
1.7637
1.6746
1.5486
1.36
1.4378
1.6073
1.7873
1.6699
1.4985
1.3439
1.503
1.6799
1.7427
1.6034
1.4316
1.381
1.5584
1.7641
1.7464
1.551
1.3605
1.4415
1.6084
1.7858
1.561
1.375
1.4421
1.5934
1.7693
1.6694
1.515
1.3544
1.4946
1.6602
1.7251
1.6037
1.4459
1.3881
1.545
1.7464
1.6639
1.5546
1.3707
1.4481
1.5915
1.7708
1.6677
1.5141
1.3587
1.5027
1.6677
1.7314
1.6114
1.4453
1.3907
1.5501
1.7462
1.6628
1.557
1.3712
1.4459
1.5938
1.7678
1.6658
1.515
1.357
1.5021
1.6688
1.7279
1.6103
1.4457
1.3943
1.5499
1.7477
1.5563
1.3725
1.449
1.5975
1.7522
1.6604
1.5094
1.3581
1.5066
1.6712
1.7729
1.6065
1.4408
1.3954
1.5501
1.7507
1.7262
1.5578
1.3722
1.452
1.5947
1.7671
1.6615
1.5111
1.3581
1.5036
1.672
1.7691
1.6052
1.4391
1.3937
1.5499
1.7494
1.7239
1.5559
1.3682
1.4528
1.5955
1.7644
1.6611
1.5124
1.3598
1.5059
1.6733
1.7663
1.6022
1.4369
1.399
1.5518
1.7517
1.5597
1.372
1.456
1.5992
1.7517
1.6576
1.5098
1.3615
1.5038
1.6765
1.7189
1.6026
1.4357
1.3995
1.5518
1.753
1.6547
1.5512
1.3649
1.4524
1.611
1.7792
1.6572
1.4882
1.3504
1.5137
1.7003
1.7281
1.5902
1.4119
1.3909
1.5705
1.7772
1.6534
1.5368
1.3504
1.455
1.6253
1.7847
1.6549
1.4862
1.3499
1.5175
1.7057
1.7267
1.5882
1.4055
1.3935
1.5726
1.7791
1.537
1.3508
1.461
1.6253
1.7785
1.6501
1.4824
1.3514
1.5201
1.7095
1.7832
1.5917
1.4093
1.3954
1.5707
1.7802
1.7271
1.5323
1.3476
1.4603
1.6257
1.7807
1.6497
1.4802
1.3521
1.5224
1.7097
1.723
1.5899
1.4052
1.3971
1.5709
1.7774
1.6484
1.5344
1.3502
1.4635
1.6259
1.7796
1.6514
1.4835
1.3542
1.5229
1.7078
1.7232
1.5876
1.4059
1.3999
1.5734
1.7791
1.537
1.3506
1.4657
1.5786
1.7813
1.6484
1.4775
1.3527
1.5212
1.6285
1.7794
1.5869
1.4025
1.404
1.5775
1.7129
1.7183
1.531
1.3459
1.4646
1.5777
1.7804
1.6452
1.4796
1.354
1.5261
1.6317
1.7744
1.5857
1.4009
1.4061
1.5775
1.7174
1.7174
1.5302
1.3478
1.4682
1.6292
1.7802
1.6426
1.4772
1.3553
1.5257
1.7189
1.7772
1.5822
1.3969
1.408
1.581
1.7856
1.5329
1.348
1.4691
1.5773
1.7843
1.6409
1.4742
1.3568
1.5291
1.6379
1.7768
1.5784
1.3947
1.405
1.5297
1.7241
1.714
1.5276
1.3467
1.4714
1.5801
1.7845
1.6405
1.4719
1.3553
1.5276
1.6386
1.777
1.5788
1.3943
1.4067
1.5855
1.7267
1.714
1.5287
1.347
1.4725
1.6401
1.7866
1.6381
1.4704
1.3583
1.5314
1.7296
1.7749
1.5756
1.3894
1.4069
1.5837
1.7324
1.5194
1.3388
1.4065
1.59
1.7984
1.6345
1.4588
1.3555
1.4749
1.654
1.7817
1.5719
1.3767
1.4076
1.5374
1.7466
1.7125
1.5098
1.335
1.4751
1.5987
1.8038
1.6328
1.4468
1.3521
1.4802
1.6643
1.7897
1.5597
1.3649
1.4061
1.549
1.7639
1.7157
1.4935
1.3285
1.4794
1.6144
1.8201
1.6289
1.4273
1.347
1.5527
1.684
1.7972
1.5529
1.3527
1.4037
1.5563
1.7807
1.4764
1.321
1.4044
1.6335
1.8449
1.6259
1.4069
1.3429
1.4903
1.7046
1.8094
1.5405
1.3401
1.4027
1.5672
1.8053
1.7204
1.4669
1.3189
1.4909
1.6414
1.8512
1.6202
1.402
1.342
1.5704
1.7162
1.8122
1.536
1.3367
1.4063
1.5752
1.8081
1.7183
1.4625
1.3185
1.4894
1.6444
1.8529
1.6167
1.4001
1.3424
1.5747
1.7207
1.8096
1.5312
1.3362
1.407
1.5762
1.8094
1.4635
1.3347
1.4078
1.6489
1.8535
1.6125
1.3964
1.3187
1.4957
1.7187
1.8106
1.5323
1.3343
1.3457
1.5779
1.8173
1.7136
1.4564
1.3182
1.4108
1.6495
1.8535
1.6139
1.3926
1.3459
1.4978
1.7252
1.8092
1.5327
1.3328
1.3442
1.5799
1.8171
1.7121
1.4588
1.3199
1.4142
1.6529
1.8565
1.6124
1.3911
1.3452
1.503
1.7249
1.8092
1.5295
1.3322
1.3469
1.5827
1.8181
1.527
1.3317
1.4177
1.6525
1.8529
1.6073
1.3885
1.318
1.5021
1.7262
1.8004
1.528
1.3315
1.3482
1.5846
1.8197
1.7071
1.4545
1.3195
1.417
1.6519
1.8535
1.6041
1.3875
1.3197
1.5055
1.7273
1.8006
1.5254
1.3304
1.3484
1.5887
1.8239
1.7012
1.4509
1.3193
1.4166
1.6544
1.8511
1.6052
1.3883
1.3487
1.5047
1.7314
1.7972
1.5231
1.329
1.3499
1.5872
1.8222
1.5227
1.3289
1.4207
1.6579
1.8529
1.6028
1.4517
1.3195
1.5087
1.7346
1.7965
1.5175
1.3849
1.3508
1.5876
1.8242
1.6982
1.4513
1.3296
1.4254
1.6598
1.8541
1.5974
1.4468
1.3206
1.5124
1.7329
1.7946
1.5143
1.3836
1.353
1.5915
1.8302
1.6941
1.5179
1.3275
1.4235
1.6572
1.8497
1.5968
1.4487
1.3199
1.5124
1.7356
1.7926
1.5132
1.3812
1.3514
1.5882
1.8259
1.5179
1.3262
1.426
1.6611
1.8505
1.5977
1.4455
1.32
1.5149
1.7417
1.7882
1.5945
1.3799
1.3545
1.5927
1.8287
1.7894
1.5126
1.3255
1.4265
1.6609
1.8492
1.6898
1.4451
1.3215
1.5192
1.7434
1.7905
1.5949
1.3787
1.3555
1.593
1.8284
1.6849
1.5107
1.3245
1.4301
1.6662
1.8484
1.687
1.443
1.3208
1.518
1.7436
1.7852
1.591
1.3797
1.3574
1.5974
1.8338
1.5111
1.326
1.435
1.6643
1.8475
1.5889
1.4447
1.3229
1.5227
1.7481
1.7854
1.5915
1.3797
1.3609
1.597
1.8336
1.6816
1.5085
1.3257
1.4324
1.6643
1.8477
1.5876
1.4432
1.3227
1.5197
1.7429
1.7789
1.5897
1.3767
1.3617
1.5994
1.8332
1.6784
1.5087
1.3242
1.4367
1.6611
1.8426
1.5863
1.4423
1.323
1.5207
1.7449
1.7772
1.5064
1.3754
1.3628
1.6
1.8297
1.5109
1.3234
1.4361
1.6583
1.8291
1.6761
1.444
1.3249
1.5224
1.7449
1.8394
1.5852
1.3752
1.3675
1.6
1.7491
1.7736
1.5074
1.3259
1.4415
1.6645
1.8276
1.6752
1.444
1.326
1.5259
1.7491
1.8406
1.5857
1.3761
1.3662
1.6005
1.7509
1.7689
1.5081
1.3249
1.4445
1.669
1.8376
1.6774
1.444
1.3268
1.5295
1.7564
1.8484
1.5906
1.3772
1.3703
1.6109
1.8409
1.5049
1.3227
1.4537
1.6885
1.8529
1.6724
1.4301
1.3247
1.5372
1.7693
1.8462
1.57
1.3572
1.365
1.6146
1.7732
1.7708
1.488
1.318
1.4457
1.6872
1.8522
1.6637
1.4207
1.323
1.539
1.7774
1.8496
1.5657
1.3559
1.3656
1.6172
1.774
1.7661
1.4809
1.3159
1.4468
1.6846
1.8512
1.6591
1.4153
1.3229
1.5392
1.7723
1.8454
1.5651
1.3536
1.368
1.6187
1.7701
1.4879
1.3172
1.4515
1.6819
1.8452
1.6577
1.422
1.3274
1.5415
1.7732
1.843
1.5674
1.3566
1.3746
1.6189
1.7736
1.7637
1.4892
1.3193
1.4562
1.6864
1.8475
1.6607
1.4264
1.3275
1.542
1.7708
1.8377
1.5664
1.3551
1.3733
1.6189
1.7751
1.7588
1.4877
1.3182
1.4573
1.6816
1.8436
1.6587
1.4256
1.3274
1.5413
1.7746
1.8392
1.5664
1.3557
1.3744
1.6204
1.7759
1.4862
1.3195
1.4577
1.62
1.8466
1.6534
1.4232
1.3285
1.5445
1.69
1.837
1.5627
1.3527
1.375
1.5422
1.7774
1.7537
1.4817
1.317
1.4579
1.6189
1.8482
1.6501
1.4174
1.3287
1.5437
1.6894
1.8346
1.5599
1.3527
1.3787
1.5479
1.7802
1.7524
1.4813
1.3167
1.4584
1.6247
1.8497
1.6484
1.417
1.3296
1.5486
1.6962
1.8409
1.56
1.35
1.33
1.5499
1.7879
1.4822
1.3176
1.4661
1.63
1.8527
1.6472
1.4142
1.33
1.4672
1.6975
1.8325
1.5544
1.3491
1.3849
1.5589
1.7933
1.7513
1.4774
1.3165
1.383
1.632
1.8531
1.645
1.41
1.3159
1.4682
1.6992
1.8385
1.5518
1.3461
1.3305
1.5563
1.7952
1.7494
1.4721
1.3163
1.3855
1.6322
1.8535
1.6405
1.4089
1.3161
1.4723
1.7059
1.837
1.5544
1.3452
1.3311
1.5604
1.7941
1.4768
1.3163
1.3866
1.642
1.8629
1.6411
1.4093
1.3313
1.4747
1.7044
1.8362
1.5495
1.3433
1.3864
1.5625
1.7986
1.7423
1.4702
1.317
1.4762
1.6386
1.8608
1.6362
1.4035
1.3334
1.4753
1.705
1.8299
1.5458
1.3422
1.3883
1.5619
1.8025
1.7423
1.4697
1.3174
1.4768
1.6397
1.8632
1.6375
1.4067
1.3341
1.5621
1.7078
1.8295
1.5507
1.3452
1.3887
1.6371
1.7984
1.4725
1.317
1.3939
1.6386
1.8578
1.6335
1.4042
1.3167
1.4783
1.7097
1.8299
1.5469
1.3418
1.3375
1.5677
1.8016
1.7371
1.4682
1.3176
1.3935
1.6405
1.8537
1.6339
1.4029
1.3354
1.4826
1.7074
1.8248
1.5456
1.3412
1.336
1.5651
1.8012
1.7344
1.468
1.3178
1.3949
1.639
1.8563
1.6317
1.4067
1.339
1.4824
1.7063
1.8235
1.543
1.3429
1.3941
1.5664
1.8027
1.4704
1.3409
1.3934
1.6382
1.8518
1.6287
1.4012
1.3167
1.483
1.7084
1.8205
1.5426
1.3414
1.3377
1.5659
1.801
1.7249
1.4648
1.3178
1.3969
1.6407
1.8522
1.6253
1.4024
1.3375
1.4826
1.7112
1.8182
1.543
1.3399
1.3988
1.5707
1.8034
1.7232
1.4635
1.317
1.4845
1.6403
1.8541
1.6245
1.3986
1.338
1.4867
1.7147
1.8164
1.534
1.3362
1.398
1.5694
1.8049
1.5396
1.3369
1.4044
1.6448
1.8565
1.6225
1.3967
1.3169
1.489
1.7151
1.8147
1.5347
1.3969
1.3397
1.5707
1.8089
1.7202
1.4603
1.3354
1.4025
1.6465
1.8548
1.6215
1.3973
1.3167
1.4903
1.7149
1.8122
1.5319
1.3971
1.3388
1.578
1.8094
1.7198
1.4614
1.3367
1.4054
1.6441
1.855
1.6178
1.3943
1.3172
1.4937
1.7207
1.8132
1.5329
1.3337
1.3414
1.5771
1.8141
1.5357
1.335
1.4069
1.6474
1.8569
1.6142
1.4599
1.317
1.4942
1.7185
1.81
1.5289
1.3939
1.3427
1.5764
1.8137
1.7106
1.5314
1.3345
1.4085
1.6495
1.8516
1.6112
1.4537
1.318
1.4972
1.7256
1.8091
1.6127
1.3954
1.3455
1.5805
1.8179
1.7097
1.5261
1.3322
1.4097
1.6514
1.8556
1.6118
1.4547
1.3174
1.4946
1.7243
1.8121
1.5285
1.3924
1.3448
1.5842
1.8199
1.5263
1.3311
1.4134
1.6523
1.8514
1.6071
1.4509
1.3176
1.5021
1.7243
1.8038
1.6079
1.3864
1.3455
1.5835
1.8179
1.7039
1.5207
1.3302
1.4144
1.6559
1.8541
1.6067
1.452
1.317
1.501
1.7284
1.8049
1.5218
1.3857
1.3454
1.5824
1.8188
1.7067
1.4539
1.3313
1.4179
1.6566
1.8529
1.6043
1.4505
1.3187
1.506
1.7305
1.8019
1.5237
1.3879
1.3452
1.5863
1.8212
1.5216
1.3285
1.4132
1.6547
1.8531
1.7009
1.4487
1.3191
1.5053
1.7335
1.8004
1.602
1.3859
1.348
1.59
1.8239
1.7986
1.5154
1.3279
1.4162
1.6557
1.8514
1.6988
1.4455
1.318
1.5068
1.7378
1.7993
1.6028
1.383
1.3474
1.587
1.8237
1.7976
1.5182
1.3279
1.4187
1.6574
1.8516
1.6975
1.449
1.3195
1.5089
1.7369
1.7999
1.6007
1.3849
1.3508
1.591
1.8256
1.5171
1.3274
1.4222
1.66
1.8259
1.6969
1.4487
1.3197
1.5104
1.7356
1.8539
1.5994
1.3799
1.3515
1.5908
1.828
1.7969
1.5107
1.3257
1.422
1.6641
1.8535
1.6941
1.4475
1.3199
1.5117
1.7389
1.8561
1.5972
1.3776
1.3529
1.594
1.8259
1.7948
1.5135
1.326
1.4241
1.6632
1.8511
1.6915
1.4404
1.3191
1.5109
1.7406
1.8535
1.5929
1.3769
1.3519
1.5914
1.8295
1.5147
1.3251
1.4237
1.6654
1.8334
1.6883
1.4387
1.32
1.5188
1.6662
1.8522
1.5897
1.3724
1.3525
1.5977
1.7479
1.7911
1.5075
1.324
1.4295
1.6669
1.8327
1.6853
1.4395
1.3204
1.5158
1.7466
1.8526
1.5872
1.3716
1.3536
1.6007
1.7479
1.6853
1.4348
1.3204
1.5173
1.7466
1.8518
1.5876
1.3729
1.3555
1.5998
1.7504
1.7899
1.5053
1.3245
1.4318
1.6696
1.8357
1.5085
1.3225
1.4316
1.6696
1.8362
1.6838
1.4374
1.3197
1.5194
1.7509
1.852
1.5854
1.3697
1.3572
1.6037
1.8379
1.7864
1.5023
1.3223
1.4346
1.6701
1.8509
1.6804
1.4352
1.3208
1.5229
1.7504
1.7828
1.5816
1.3692
1.3579
1.6015
1.8387
1.7854
1.5014
1.3212
1.4346
1.6666
1.8477
1.6808
1.435
1.3219
1.5254
1.7517
1.7815
1.5831
1.3665
1.3583
1.605
1.8402
1.5014
1.3206
1.437
1.608
1.8392
1.6761
1.4333
1.3225
1.5276
1.6737
1.8475
1.5773
1.3664
1.3592
1.6058
1.7596
1.7837
1.4995
1.3204
1.4378
1.6726
1.8415
1.6741
1.4316
1.3221
1.5267
1.6782
1.8471
1.5752
1.3645
1.36
1.6065
1.7605
1.7759
1.4984
1.3212
1.4395
1.675
1.8432
1.6748
1.4312
1.3219
1.5293
1.6787
1.8524
1.5764
1.3628
1.3609
1.6069
1.7607
1.4957
1.3191
1.441
1.608
1.8409
1.669
1.4271
1.3227
1.5323
1.6799
1.8482
1.5754
1.359
1.3632
1.5282
1.7614
1.7727
1.4914
1.3195
1.446
1.6137
1.8439
1.6677
1.4264
1.3227
1.5312
1.6776
1.8447
1.5732
1.3619
1.3667
1.6092
1.7612
1.7747
1.494
1.3195
1.447
1.6802
1.8443
1.6675
1.4282
1.324
1.5323
1.6808
1.8451
1.5707
1.3609
1.3658
1.6129
1.7648
1.4925
1.3191
1.3673
1.6144
1.8432
1.663
1.4258
1.3238
1.4457
1.681
1.8452
1.5709
1.3587
1.3671
1.534
1.768
1.7667
1.489
1.3199
1.4496
1.6165
1.8464
1.6628
1.4235
1.3247
1.5344
1.6836
1.8436
1.5705
1.3577
1.369
1.5387
1.771
1.7657
1.4864
1.3189
1.449
1.6157
1.8477
1.6604
1.4224
1.3247
1.5355
1.6855
1.8428
1.569
1.3564
1.3707
1.5405
1.7759
1.4879
1.318
1.371
1.6174
1.8497
1.6604
1.4205
1.3253
1.4504
1.6861
1.8419
1.5653
1.354
1.3712
1.5407
1.7742
1.7629
1.4884
1.3174
1.4522
1.6174
1.8428
1.6585
1.4209
1.3255
1.4532
1.6847
1.8402
1.5662
1.3547
1.3731
1.5426
1.7727
1.7622
1.486
1.3182
1.4549
1.6204
1.8479
1.6536
1.4194
1.3266
1.4573
1.6879
1.8415
1.5655
1.3529
1.3724
1.5422
1.7802
1.485
1.3176
1.3729
1.6214
1.8471
1.6519
1.4181
1.3169
1.4567
1.6883
1.8359
1.5604
1.3542
1.327
1.5404
1.7779
1.756
1.4852
1.3182
1.375
1.6212
1.8505
1.651
1.4147
1.326
1.458
1.6904
1.8357
1.5615
1.3523
1.3754
1.5464
1.7811
1.7566
1.4807
1.3174
1.3765
1.6234
1.8479
1.6495
1.4149
1.3275
1.4629
1.6922
1.8374
1.5629
1.3512
1.3765
1.5475
1.7834
1.5587
1.3493
1.3784
1.6281
1.852
1.6491
1.4147
1.3176
1.4627
1.6911
1.8336
1.5555
1.4149
1.329
1.5494
1.7826
1.7528
1.4768
1.3493
1.3769
1.6227
1.8479
1.6433
1.4789
1.3176
1.4622
1.6876
1.834
1.5585
1.4155
1.3277
1.5471
1.7807
1.7509
1.4768
1.3493
1.3802
1.626
1.8477
1.6442
1.4151
1.3167
1.4657
1.6945
1.834
1.5546
1.4123
1.329
1.551
1.7828
1.557
1.3484
1.3802
1.6287
1.8497
1.6441
1.4774
1.3172
1.4648
1.6943
1.8312
1.5576
1.417
1.3307
1.5512
1.786
1.7476
1.4757
1.3484
1.38
1.6247
1.8497
1.6431
1.4807
1.3174
1.4674
1.6949
1.8317
1.6429
1.4115
1.33
1.5537
1.7909
1.7447
1.5529
1.3487
1.3808
1.6283
1.8514
1.7459
1.4755
1.3163
1.4676
1.6949
1.828
1.6399
1.4106
1.3292
1.554
1.7867
1.5516
1.347
1.3834
1.6305
1.8512
1.7434
1.4744
1.3167
1.4685
1.6954
1.8293
1.6373
1.4091
1.3296
1.5518
1.7875
1.741
1.5447
1.3444
1.384
1.6296
1.849
1.6388
1.4774
1.3174
1.4687
1.6966
1.8286
1.6373
1.4078
1.3313
1.5578
1.7909
1.7414
1.5494
1.3454
1.3874
1.6304
1.8499
1.636
1.4732
1.3165
1.4717
1.6982
1.831
1.5484
1.4097
1.3311
1.555
1.7924
1.552
1.344
1.384
1.6317
1.8477
1.7365
1.4687
1.3161
1.4736
1.7012
1.8271
1.6335
1.4072
1.3328
1.5617
1.7954
1.7419
1.5488
1.3446
1.3866
1.6332
1.8514
1.7397
1.4699
1.3159
1.474
1.7016
1.8261
1.6343
1.4063
1.3317
1.5552
1.7935
1.735
1.5462
1.3446
1.3879
1.6337
1.8496
1.632
1.4697
1.3165
1.4751
1.7031
1.8257
1.6326
1.4057
1.332
1.5591
1.7939
1.5452
1.3392
1.389
1.6367
1.8511
1.7346
1.4687
1.3182
1.477
1.705
1.8254
1.6339
1.4055
1.3339
1.56
1.8008
1.828
1.543
1.3403
1.3898
1.6356
1.8541
1.7337
1.4684
1.3167
1.4777
1.705
1.8252
1.6305
1.4035
1.3347
1.5615
1.7965
1.7324
1.5434
1.3401
1.3943
1.6388
1.8552
1.6289
1.4652
1.3155
1.4811
1.7074
1.8229
1.6319
1.4072
1.3352
1.5649
1.7987
1.5449
1.3409
1.3902
1.6394
1.7995
1.7297
1.4655
1.3161
1.4792
1.7067
1.8554
1.6298
1.4029
1.3349
1.5619
1.7997
1.8207
1.5385
1.3395
1.3945
1.6388
1.8492
1.7277
1.4654
1.3163
1.4796
1.7067
1.819
1.6245
1.401
1.3345
1.5634
1.8051
1.8242
1.5402
1.3388
1.3934
1.6405
1.8552
1.7329
1.4665
1.3161
1.4792
1.7095
1.8211
1.6266
1.4016
1.3373
1.5651
1.801
1.539
1.3377
1.3969
1.639
1.8016
1.7275
1.4637
1.3152
1.48
1.6392
1.8552
1.6244
1.3969
1.3364
1.5677
1.7131
1.822
1.5385
1.3371
1.3937
1.6409
1.8036
1.7294
1.4633
1.3157
1.4804
1.7093
1.8527
1.6219
1.3995
1.3373
1.5683
1.7106
1.8192
1.5374
1.3375
1.3984
1.6409
1.8081
1.7267
1.4629
1.3163
1.4809
1.7119
1.8548
1.621
1.3979
1.3388
1.5672
1.7119
1.5383
1.3352
1.3973
1.5715
1.8074
1.7224
1.4633
1.3165
1.4856
1.6424
1.8539
1.6184
1.3949
1.3377
1.5705
1.7155
1.816
1.5323
1.3358
1.3992
1.6461
1.8104
1.7232
1.4612
1.3165
1.4862
1.7151
1.8576
1.6219
1.399
1.339
1.5715
1.7161
1.8166
1.5342
1.3358
1.3986
1.6469
1.8126
1.7211
1.4595
1.3161
1.4854
1.7151
1.8557
1.6204
1.3964
1.3379
1.5698
1.7181
1.5349
1.3356
1.4027
1.5732
1.8092
1.7187
1.4564
1.3163
1.4892
1.6459
1.8556
1.6165
1.3941
1.3407
1.4935
1.7168
1.8177
1.5295
1.3349
1.4035
1.576
1.813
1.7198
1.4579
1.3167
1.489
1.645
1.8539
1.6172
1.3939
1.3412
1.5735
1.7179
1.8151
1.533
1.3347
1.4046
1.6454
1.8102
1.7204
1.4584
1.3159
1.4871
1.6441
1.8539
1.6144
1.3939
1.3405
1.5741
1.7221
1.536
1.3341
1.341
1.5771
1.8115
1.7155
1.4567
1.3167
1.4039
1.6474
1.8552
1.617
1.3947
1.3422
1.4944
1.7198
1.8119
1.5293
1.3337
1.4054
1.5769
1.8152
1.714
1.4571
1.3169
1.4912
1.6487
1.8541
1.614
1.3928
1.3418
1.4933
1.7213
1.8113
1.5269
1.3332
1.4024
1.5741
1.8117
1.7138
1.4564
1.3165
1.4909
1.6471
1.8563
1.612
1.39
1.3416
1.494
1.7215
1.5304
1.3309
1.3416
1.5752
1.8124
1.7129
1.4522
1.3311
1.4069
1.6506
1.8559
1.6122
1.3896
1.3169
1.4955
1.7243
1.8121
1.5269
1.3317
1.3429
1.5805
1.8132
1.708
1.4526
1.3167
1.4072
1.6502
1.8527
1.6112
1.387
1.3172
1.4978
1.7221
1.8128
1.5254
1.3304
1.342
1.579
1.8145
1.7086
1.453
1.3174
1.4115
1.6516
1.8559
1.6127
1.39
1.3172
1.4955
1.7251
1.611
1.39
1.3442
1.5797
1.8175
1.7093
1.4556
1.3319
1.4076
1.6512
1.8556
1.6101
1.4554
1.3178
1.5014
1.7256
1.81
1.5261
1.3902
1.3446
1.5807
1.8192
1.7097
1.5255
1.3296
1.4085
1.6536
1.8576
1.6094
1.4532
1.3174
1.4982
1.723
1.8049
1.522
1.3883
1.3444
1.581
1.8196
1.708
1.4528
1.3305
1.4114
1.6534
1.8533
1.6062
1.4507
1.318
1.5004
1.7275
1.6114
1.3881
1.3463
1.585
1.8226
1.7069
1.4496
1.3285
1.4125
1.6542
1.8563
1.605
1.3832
1.3178
1.5015
1.7305
1.8042
1.5199
1.386
1.3463
1.5869
1.8257
1.7063
1.4494
1.329
1.4162
1.6547
1.8557
1.6064
1.452
1.3184
1.5036
1.729
1.8042
1.5197
1.3849
1.3452
1.5833
1.8201
1.7076
1.4517
1.329
1.4134
1.6572
1.8548
1.605
1.387
1.3184
1.5051
1.7307
1.6079
1.3868
1.3469
1.5865
1.8233
1.7022
1.5182
1.3296
1.4164
1.6598
1.8559
1.6047
1.4509
1.3176
1.5027
1.7333
1.8032
1.5179
1.3847
1.3467
1.5885
1.8265
1.7042
1.5205
1.3274
1.4164
1.6576
1.8556
1.6045
1.45
1.3176
1.5059
1.7337
1.8019
1.5179
1.3855
1.3472
1.5855
1.8274
1.702
1.5207
1.3283
1.416
1.6607
1.8541
1.6056
1.45
1.318
1.5027
1.7331
1.6024
1.3836
1.3489
1.5902
1.8286
1.7005
1.5173
1.3274
1.4187
1.6596
1.8554
1.6043
1.4492
1.318
1.507
1.7367
1.8036
1.518
1.3817
1.3487
1.591
1.8242
1.7027
1.4462
1.3275
1.4181
1.6592
1.8544
1.6002
1.4481
1.3172
1.5077
1.7365
1.7993
1.5162
1.3799
1.3484
1.5882
1.8276
1.7007
1.447
1.3274
1.4211
1.6604
1.8546
1.6009
1.4472
1.3182
1.5109
1.7386
1.6022
1.3808
1.3499
1.5919
1.8261
1.7989
1.5124
1.326
1.4209
1.6596
1.8539
1.7018
1.4475
1.3187
1.5122
1.7361
1.8565
1.6037
1.3825
1.3521
1.5936
1.8306
1.8012
1.5167
1.3275
1.4209
1.66
1.8291
1.6986
1.4436
1.3174
1.51
1.6617
1.8511
1.5989
1.3812
1.3499
1.5923
1.7395
1.7965
1.512
1.3262
1.4209
1.6636
1.8321
1.6975
1.4444
1.3185
1.5089
1.6619
1.5975
1.3802
1.3497
1.5915
1.7419
1.7995
1.5134
1.3253
1.4219
1.6636
1.8567
1.6966
1.4444
1.3195
1.5113
1.7382
1.7959
1.5143
1.3266
1.4213
1.6602
1.8572
1.6939
1.4419
1.3197
1.5115
1.738
1.8541
1.5964
1.3784
1.3502
1.5932
1.8312
1.798
1.5122
1.3255
1.4217
1.6628
1.8546
1.6966
1.4423
1.3197
1.5126
1.741
1.7972
1.5985
1.3761
1.3502
1.5915
1.8316
1.5966
1.3774
1.3538
1.5955
1.7429
1.7965
1.5122
1.3249
1.425
1.6636
1.8323
1.6954
1.441
1.3191
1.5154
1.6667
1.8537
1.5951
1.3787
1.3532
1.5962
1.741
1.7957
1.5132
1.3249
1.425
1.6677
1.8329
1.6928
1.4417
1.32
1.5139
1.6652
1.8527
1.5953
1.3761
1.3523
1.515
1.7442
1.7927
1.5096
1.3247
1.4245
1.5951
1.8312
1.6902
1.4399
1.3193
1.513
1.6656
1.5938
1.3754
1.3517
1.5942
1.7451
1.7912
1.5105
1.3253
1.4258
1.5964
1.8361
1.6881
1.4391
1.3184
1.5154
1.6664
1.8561
1.5902
1.3718
1.3529
1.5945
1.7423
1.7926
1.5068
1.323
1.4271
1.5975
1.8336
1.6887
1.4389
1.32
1.4305
1.6667
1.8533
1.5936
1.375
1.354
1.5171
1.7468
1.7909
1.5064
1.323
1.4269
1.5959
1.8314
1.6891
1.4395
1.32
1.4284
1.6645
1.5951
1.3729
1.3557
1.5179
1.7429
1.7914
1.509
1.3229
1.4286
1.6005
1.8327
1.6892
1.4404
1.3193
1.5152
1.6666
1.8518
1.593
1.3742
1.3534
1.5974
1.7472
1.7918
1.5087
1.3236
1.4284
1.599
1.8316
1.6876
1.4378
1.3191
1.5154
1.6682
1.8526
1.591
1.3742
1.3547
1.6009
1.7479
1.789
1.5085
1.3245
1.431
1.5992
1.8353
1.6861
1.4382
1.3197
1.5141
1.6684
1.5945
1.3729
1.3536
1.5147
1.7468
1.7894
1.5059
1.324
1.4286
1.6004
1.8364
1.6879
1.4408
1.3195
1.429
1.6701
1.8518
1.5885
1.3733
1.3562
1.5186
1.7457
1.7914
1.51
1.3242
1.3564
1.5994
1.8329
1.6859
1.4369
1.3189
1.428
1.6677
1.8516
1.5902
1.3709
1.357
1.521
1.7483
1.7909
1.5032
1.3245
1.357
1.5968
1.8338
1.6857
1.4404
1.32
1.431
1.6667
1.5904
1.3714
1.3206
1.5184
1.7446
1.7899
1.5085
1.3236
1.3574
1.5992
1.8346
1.6857
1.4391
1.3208
1.4329
1.6703
1.8481
1.5865
1.3695
1.3195
1.5177
1.7517
1.789
1.5081
1.3225
1.3555
1.6015
1.837
1.6864
1.4355
1.3204
1.4333
1.6703
1.8556
1.5893
1.371
1.357
1.5205
1.7485
1.7897
1.5051
1.3215
1.4286
1.6004
1.8349
1.6866
1.4382
1.3204
1.4316
1.6681
1.5914
1.372
1.3208
1.5199
1.7502
1.7856
1.504
1.324
1.3547
1.6
1.8327
1.684
1.4376
1.3236
1.4318
1.6701
1.8537
1.5861
1.3714
1.32
1.5201
1.7496
1.7864
1.5053
1.3737
1.3555
1.6004
1.8366
1.6861
1.5081
1.3234
1.4316
1.6675
1.8518
1.5867
1.4372
1.32
1.5175
1.7521
1.7888
1.5882
1.3724
1.3557
1.6019
1.8372
1.6844
1.5042
1.3242
1.4333
1.6679
1.5908
1.4387
1.3206
1.5212
1.75
1.7854
1.5872
1.3724
1.3572
1.5992
1.8349
1.6851
1.5045
1.3221
1.4301
1.6654
1.8501
1.5876
1.4397
1.3191
1.5197
1.7487
1.7888
1.5944
1.3733
1.356
1.6013
1.8387
1.6883
1.5079
1.3227
1.4355
1.6718
1.8499
1.587
1.4415
1.3214
1.5212
1.7491
1.7877
1.5889
1.3725
1.3575
1.6009
1.8357
1.6825
1.5057
1.3219
1.4307
1.6707
1.6904
1.4384
1.3204
1.5216
1.7519
1.7849
1.5049
1.3703
1.356
1.6034
1.8392
1.6838
1.438
1.323
1.4325
1.6727
1.8512
1.5872
1.3695
1.3206
1.5212
1.7519
1.7845
1.5014
1.3712
1.3585
1.6065
1.8379
1.6832
1.4342
1.3214
1.4339
1.6699
1.8541
1.5906
1.3718
1.3212
1.5227
1.7524
1.7858
1.5049
1.3731
1.3572
1.6019
1.8359
1.6819
1.4342
1.3221
1.4318
1.6697
1.6846
1.4357
1.3204
1.5222
1.7524
1.7856
1.5887
1.3694
1.3574
1.6017
1.8376
1.6859
1.5045
1.3221
1.4327
1.6697
1.8514
1.6868
1.437
1.32
1.5225
1.7506
1.7869
1.5876
1.3695
1.3585
1.602
1.8379
1.6823
1.5021
1.3206
1.4329
1.6688
1.849
1.5857
1.4376
1.3204
1.5203
1.7513
1.7864
1.5855
1.3686
1.3592
1.6017
1.8362
1.6851
1.5057
1.3217
1.4299
1.6681
1.6846
1.4339
1.3195
1.5205
1.7513
1.786
1.5874
1.3705
1.3575
1.6041
1.8391
1.6801
1.5036
1.3215
1.4314
1.6727
1.852
1.5874
1.4372
1.32
1.5242
1.7536
1.8533
1.5839
1.3692
1.3581
1.6043
1.8361
1.7845
1.5023
1.3215
1.4333
1.6699
1.8486
1.6836
1.437
1.3202
1.5199
1.7519
1.783
1.584
1.3699
1.3562
1.6007
1.8359
1.7854
1.504
1.3227
1.4337
1.6679
1.6821
1.434
1.3202
1.5214
1.7498
1.8522
1.5844
1.3688
1.3583
1.6
1.7524
1.7881
1.5012
1.3215
1.4307
1.6686
1.8366
1.6801
1.4344
1.3206
1.5201
1.7507
1.8518
1.5824
1.3686
1.3566
1.6022
1.7545
1.7845
1.5027
1.3221
1.4339
1.6741
1.8406
1.6832
1.435
1.3204
1.5239
1.7528
1.8527
1.5885
1.3705
1.357
1.6026
1.8353
1.786
1.5066
1.3234
1.4348
1.6703
1.684
1.4354
1.3202
1.5199
1.7524
1.8507
1.585
1.3699
1.3587
1.6034
1.8362
1.7862
1.506
1.3227
1.4348
1.6697
1.8389
1.6816
1.4355
1.3197
1.5248
1.7584
1.8552
1.5861
1.3699
1.357
1.6028
1.8374
1.7854
1.5025
1.3215
1.4357
1.6697
1.8492
1.678
1.4361
1.321
1.5227
1.7517
1.7843
1.5837
1.3694
1.3572
1.6037
1.8381
1.7856
1.503
1.3221
1.4333
1.6712
1.6834
1.4301
1.3212
1.5207
1.7532
1.8524
1.5839
1.368
1.3568
1.6015
1.8362
1.7834
1.501
1.3204
1.4337
1.6709
1.8522
1.6819
1.4357
1.3202
1.522
1.7534
1.786
1.5848
1.3686
1.3604
1.6064
1.8392
1.7843
1.5004
1.3208
1.4329
1.6744
1.8526
1.6823
1.4327
1.3204
1.5205
1.7511
1.7824
1.5839
1.3665
1.3572
1.6007
1.8394
1.7851
1.4995
1.3204
1.4378
1.6726
1.6819
1.4314
1.3202
1.4342
1.6727
1.8526
1.582
1.368
1.3583
1.5235
1.7545
1.7845
1.5025
1.3219
1.4352
1.6065
1.8377
1.6793
1.4329
1.3204
1.5218
1.672
1.849
1.5854
1.368
1.3613
1.6032
1.7562
1.7836
1.4995
1.3214
1.434
1.6714
1.8407
1.678
1.4331
1.3202
1.5214
1.6711
1.8507
1.5822
1.368
1.3577
1.6024
1.7536
1.7815
1.5002
1.3204
1.4312
1.6707
1.6799
1.4344
1.32
1.4355
1.6733
1.8512
1.5827
1.3679
1.3206
1.5209
1.7515
1.7821
1.4987
1.3204
1.3574
1.6015
1.8392
1.6808
1.4344
1.32
1.4344
1.672
1.8496
1.5816
1.3669
1.3197
1.524
1.7569
1.7849
1.5036
1.369
1.3581
1.603
1.8396
1.6816
1.4355
1.3204
1.4346
1.6688
1.8475
1.5835
1.3675
1.3206
1.5239
1.7536
1.7837
1.501
1.3221
1.3564
1.6037
1.6816
1.4307
1.3193
1.4342
1.6705
1.8494
1.582
1.3703
1.3596
1.5235
1.7551
1.7822
1.5015
1.3215
1.4385
1.6062
1.8383
1.6793
1.4303
1.3204
1.4346
1.6682
1.8492
1.5816
1.3694
1.3585
1.5233
1.7536
1.7836
1.5002
1.3212
1.4359
1.6084
1.8407
1.678
1.4318
1.3202
1.5216
1.672
1.8509
1.5824
1.3677
1.3568
1.6005
1.7537
1.7836
1.5027
1.3208
1.4363
1.6067
1.6846
1.4331
1.3217
1.4346
1.6718
1.8496
1.5848
1.3692
1.3214
1.524
1.7537
1.7819
1.4997
1.3202
1.3581
1.6013
1.8347
1.6784
1.4318
1.3212
1.4325
1.6707
1.8481
1.5803
1.3669
1.32
1.5222
1.7545
1.7832
1.5004
1.3217
1.3574
1.6017
1.8342
1.6816
1.4337
1.321
1.4372
1.6735
1.8481
1.5827
1.3675
1.3199
1.5233
1.7539
1.7852
1.5023
1.3199
1.356
1.6032
1.6801
1.4292
1.3197
1.4331
1.6711
1.8518
1.5848
1.3684
1.3204
1.5237
1.7507
1.7836
1.5015
1.3221
1.3604
1.605
1.8376
1.6789
1.435
1.3227
1.4344
1.672
1.8511
1.5837
1.3679
1.3583
1.5235
1.7564
1.7809
1.4999
1.3219
1.3592
1.6037
1.8398
1.6789
1.4325
1.321
1.4361
1.6722
1.8516
1.5822
1.365
1.3585
1.5231
1.7554
1.7837
1.4991
1.3217
1.36
1.6058
1.6797
1.4978
1.3199
1.437
1.6712
1.849
1.584
1.4348
1.3206
1.5237
1.7517
1.7815
1.4999
1.368
1.3589
1.6049
1.8421
1.6784
1.4348
1.3217
1.4355
1.6735
1.8509
1.5824
1.3656
1.3202
1.5222
1.7534
1.7796
1.5
1.3682
1.3568
1.6073
1.8394
1.6806
1.4359
1.3214
1.4367
1.6703
1.8475
1.5807
1.3675
1.3204
1.5233
1.7524
1.7802
1.4944
1.3677
1.3596
1.6032
1.7811
1.4978
1.3206
1.4337
1.6707
1.8481
1.5827
1.4359
1.3206
1.5214
1.7567
1.7845
1.4997
1.368
1.3574
1.6045
1.8413
1.6801
1.431
1.3202
1.434
1.6729
1.8479
1.5803
1.4329
1.3202
1.5237
1.7539
1.7809
1.4989
1.3686
1.3585
1.5998
1.8387
1.6778
1.4342
1.321
1.4342
1.6707
1.8488
1.578
1.434
1.3197
1.5205
1.7509
1.7792
1.4999
1.3682
1.3589
1.6039
1.7852
1.5029
1.3212
1.4354
1.6707
1.8479
1.5807
1.4344
1.3215
1.5242
1.7534
1.7824
1.5848
1.3694
1.3598
1.6047
1.8364
1.6752
1.4999
1.3202
1.4399
1.6754
1.8531
1.5818
1.4329
1.3206
1.5244
1.7524
1.7804
1.584
1.3671
1.3617
1.6062
1.8361
1.6776
1.5029
1.321
1.4342
1.6699
1.8467
1.5794
1.4329
1.3214
1.5239
1.7545
1.7821
1.5
1.3679
1.3594
1.6043
1.7837
1.4993
1.3212
1.4361
1.6737
1.8482
1.6802
1.4344
1.3206
1.519
1.7551
1.7819
1.5846
1.368
1.3598
1.6034
1.8381
1.6739
1.4999
1.3214
1.437
1.6724
1.8477
1.6784
1.4325
1.3206
1.5263
1.7556
1.7819
1.5825
1.3675
1.3581
1.6058
1.8396
1.6737
1.4965
1.3214
1.4372
1.6697
1.8477
1.5786
1.4318
1.321
1.5239
1.7543
1.7794
1.5803
1.3675
1.3594
1.6039
1.7828
1.5012
1.3208
1.4378
1.6726
1.8486
1.6769
1.4339
1.3217
1.5274
1.7526
1.8482
1.5801
1.3662
1.3604
1.6043
1.8374
1.7804
1.4991
1.3199
1.4348
1.6718
1.8511
1.6759
1.4327
1.321
1.5216
1.7506
1.7826
1.5837
1.3686
1.362
1.6077
1.8396
1.6761
1.4985
1.3202
1.4369
1.6712
1.8473
1.6735
1.4325
1.3212
1.5254
1.7552
1.7796
1.5833
1.3664
1.3604
1.6054
1.7798
1.4999
1.3204
1.4367
1.6716
1.8383
1.6742
1.4301
1.3199
1.5235
1.7573
1.8503
1.5786
1.3652
1.3605
1.608
1.7614
1.7806
1.5002
1.3212
1.4404
1.6746
1.8424
1.6742
1.4284
1.321
1.5267
1.6767
1.8503
1.5801
1.3675
1.3611
1.6058
1.7577
1.7815
1.4991
1.321
1.4372
1.6735
1.8413
1.6735
1.4309
1.3217
1.525
1.7564
1.8462
1.5805
1.3665
1.3607
1.6047
1.7785
1.4997
1.3217
1.4414
1.6082
1.8421
1.6739
1.4339
1.3225
1.5242
1.6742
1.8501
1.5827
1.3667
1.3622
1.609
1.7605
1.7826
1.5029
1.3214
1.4419
1.672
1.8421
1.6771
1.4374
1.323
1.5323
1.6774
1.8526
1.5814
1.3667
1.3635
1.6084
1.7581
1.7779
1.497
1.3202
1.4393
1.6754
1.8407
1.6718
1.4286
1.321
1.5297
1.678
1.8522
1.5779
1.3634
1.362
1.6122
1.7862
1.495
1.3185
1.4417
1.6133
1.8469
1.6759
1.4295
1.3225
1.5353
1.6883
1.8544
1.5779
1.3598
1.3615
1.5364
1.7744
1.7813
1.489
1.3163
1.4468
1.6264
1.8608
1.6754
1.4207
1.3202
1.5424
1.6962
1.8691
1.5779
1.3585
1.362
1.5422
1.7828
1.7911
1.4873
1.3159
1.4477
1.6279
1.8642
1.6739
1.4179
1.3214
1.5383
1.6941
1.861
1.5779
1.36
1.3624
1.5353
1.7761
1.4954
1.3212
1.3628
1.6039
1.8379
1.6686
1.4337
1.3234
1.4406
1.6727
1.8452
1.5795
1.3682
1.3632
1.5269
1.7515
1.7731
1.5025
1.3225
1.4423
1.6079
1.837
1.6754
1.4395
1.3247
1.5278
1.6714
1.8458
1.5827
1.3705
1.368
1.5325
1.8394
1.6806
1.4438
1.3257
1.5325
1.6744
1.8499
1.5893
1.3765
1.3692
1.6052
1.7543
1.7774
1.5075
1.3249
1.4455
1.6054
1.7667
1.4991
1.3215
1.3609
1.5927
1.8167
1.6577
1.4307
1.3221
1.4324
1.6508
1.8184
1.5677
1.3643
1.3605
1.5132
1.7311
1.7461
1.4922
1.3195
1.4243
1.5782
1.8029
1.6502
1.4267
1.3214
1.4269
1.6409
1.8119
1.5651
1.3695
1.362
1.5124
1.7292
1.7515
1.5015
1.3268
1.4382
1.591
1.8152
1.6645
1.4487
1.3294
1.444
1.6514
1.8216
1.5809
1.3847
1.371
1.5214
1.7609
1.5173
1.335
1.3737
1.5912
1.8092
1.669
1.4616
1.3358
1.4474
1.6495
1.8162
1.5885
1.3949
1.3354
1.522
1.7252
1.7558
1.522
1.3384
1.3791
1.5846
1.7901
1.6641
1.4747
1.3446
1.449
1.632
1.8027
1.5927
1.4063
1.3401
1.5165
1.7061
1.7459
1.5329
1.3478
1.384
1.5737
1.7851
1.6688
1.4826
1.3452
1.4532
1.627
1.8004
1.5959
1.41
1.3424
1.5126
1.7464
1.5345
1.4114
1.3842
1.5758
1.7794
1.6652
1.4794
1.3487
1.4517
1.6298
1.7976
1.594
1.4093
1.3422
1.5171
1.7016
1.7419
1.5315
1.411
1.3819
1.5732
1.7807
1.6622
1.4824
1.3489
1.4494
1.6281
1.7922
1.5893
1.479
1.342
1.5158
1.7039
1.7419
1.5297
1.4114
1.3799
1.5752
1.7836
1.6615
1.477
1.3469
1.4502
1.6304
1.7959
1.5885
1.4046
1.3395
1.5128
1.7431
1.5925
1.4093
1.3782
1.5735
1.7828
1.6607
1.5297
1.3463
1.4481
1.6279
1.7935
1.5872
1.4736
1.3409
1.5145
1.7063
1.7399
1.5308
1.4085
1.3827
1.5779
1.7869
1.6606
1.4736
1.3467
1.4496
1.6319
1.7948
1.587
1.476
1.3424
1.5197
1.7056
1.7389
1.528
1.4044
1.3815
1.5752
1.7839
1.6598
1.473
1.3444
1.4483
1.6272
1.7924
1.5857
1.4745
1.3416
1.5164
1.795
1.5885
1.4091
1.3866
1.579
1.7828
1.657
1.477
1.3476
1.4534
1.6274
1.7907
1.5895
1.4061
1.3446
1.5197
1.7065
1.7357
1.5267
1.3457
1.3866
1.5775
1.7817
1.654
1.47
1.3455
1.4549
1.6289
1.7924
1.5872
1.4027
1.3437
1.5199
1.7101
1.7352
1.5259
1.4061
1.3883
1.5835
1.7875
1.6547
1.4757
1.345
1.4511
1.632
1.7907
1.584
1.402
1.3422
1.5194
1.7944
1.5829
1.4007
1.3855
1.5769
1.7847
1.6523
1.5225
1.3442
1.4524
1.6345
1.7907
1.6531
1.4697
1.3425
1.5199
1.7097
1.735
1.5829
1.4009
1.3849
1.5788
1.7896
1.6474
1.5192
1.3407
1.4535
1.6364
1.7948
1.5801
1.4702
1.3422
1.5199
1.7127
1.7335
1.5209
1.3977
1.3821
1.5814
1.7854
1.6516
1.5209
1.341
1.4526
1.6317
1.7939
1.5831
1.47
1.3424
1.522
1.7946
1.5809
1.3945
1.3849
1.5792
1.7839
1.7312
1.5216
1.3399
1.4517
1.636
1.7927
1.6534
1.467
1.3424
1.5203
1.7101
1.7326
1.5827
1.3965
1.3844
1.5762
1.7856
1.7359
1.521
1.3412
1.453
1.6294
1.7916
1.6516
1.4655
1.3425
1.5212
1.7112
1.7926
1.5795
1.3984
1.3864
1.5764
1.7832
1.7337
1.5225
1.3412
1.4545
1.6311
1.783
1.6502
1.4659
1.3433
1.5192
1.7907
1.582
1.3984
1.3883
1.5762
1.711
1.7277
1.5222
1.345
1.4567
1.6292
1.7819
1.6484
1.4727
1.3455
1.5192
1.7063
1.7821
1.5771
1.3984
1.389
1.5784
1.7822
1.7294
1.5222
1.3416
1.4569
1.63
1.7851
1.6512
1.4712
1.3429
1.521
1.714
1.7894
1.5801
1.3964
1.3874
1.579
1.7841
1.7266
1.5173
1.3425
1.4565
1.6332
1.7836
1.6465
1.4685
1.3455
1.5225
1.7899
1.5737
1.3907
1.3877
1.5801
1.7138
1.7269
1.5175
1.3392
1.456
1.6426
1.8006
1.6499
1.4507
1.3371
1.53
1.6551
1.8034
1.5702
1.3769
1.3819
1.5334
1.7436
1.7414
1.5045
1.33
1.381
1.5974
1.8113
1.6501
1.4444
1.3358
1.4586
1.6609
1.8087
1.5689
1.372
1.3814
1.533
1.8205
1.7444
1.4985
1.3262
1.4554
1.6666
1.8242
1.6495
1.4352
1.3335
1.54
1.8452
1.5687
1.3572
1.3799
1.5563
1.7881
1.7652
1.4822
1.3178
1.4646
1.6337
1.8627
1.6523
1.4115
1.3257
1.5565
1.7059
1.8512
1.5578
1.345
1.3765
1.6371
1.7984
1.7648
1.47
1.3125
1.4605
1.6401
1.8737
1.6504
1.399
1.3251
1.4691
1.7132
1.8546
1.546
1.3375
1.3712
1.5597
1.8074
1.7652
1.4597
1.3107
1.4642
1.6463
1.8771
1.6437
1.3941
1.3223
1.4644
1.8569
1.5435
1.335
1.3729
1.5587
1.8085
1.7618
1.456
1.3084
1.465
1.6437
1.8737
1.6435
1.3905
1.3225
1.56
1.7181
1.855
1.5424
1.3339
1.3735
1.5615
1.8074
1.7612
1.4541
1.309
1.464
1.6472
1.8751
1.6418
1.3868
1.3217
1.464
1.7191
1.8527
1.5375
1.3345
1.3761
1.5642
1.8094
1.759
1.4537
1.309
1.4633
1.6437
1.876
1.6401
1.3902
1.3229
1.4684
1.8539
1.5402
1.3349
1.3232
1.5649
1.8122
1.7582
1.456
1.3095
1.3735
1.6469
1.8773
1.6381
1.3864
1.3227
1.4663
1.7177
1.8527
1.5394
1.333
1.3742
1.5604
1.8102
1.7571
1.4534
1.3094
1.3746
1.6476
1.8775
1.6396
1.3875
1.324
1.4704
1.7254
1.8556
1.5392
1.3328
1.3763
1.5645
1.8162
1.7603
1.4526
1.3099
1.3774
1.6493
1.8771
1.6382
1.3875
1.3097
1.4708
1.8531
1.5372
1.3319
1.324
1.564
1.8151
1.7532
1.4511
1.3094
1.377
1.6497
1.879
1.6371
1.3845
1.323
1.4719
1.7221
1.849
1.537
1.3298
1.3787
1.5677
1.8162
1.7519
1.4502
1.3094
1.3765
1.6517
1.8773
1.6381
1.3866
1.3251
1.4706
1.7185
1.8492
1.5351
1.3311
1.3785
1.5679
1.8141
1.7502
1.4505
1.3092
1.377
1.6504
1.8756
1.636
1.3864
1.3253
1.4727
1.8462
1.5351
1.3877
1.3251
1.5659
1.8119
1.7459
1.4498
1.3317
1.3784
1.6497
1.8754
1.633
1.3881
1.3095
1.473
1.7202
1.8432
1.5345
1.3305
1.3251
1.5672
1.8154
1.7461
1.4496
1.3302
1.3791
1.6484
1.8743
1.6319
1.3859
1.3095
1.4721
1.7196
1.8432
1.5306
1.3862
1.3251
1.5666
1.8156
1.744
1.4462
1.3292
1.3804
1.6531
1.8719
1.6262
1.4481
1.309
1.4766
1.8447
1.5312
1.3832
1.3251
1.5657
1.8177
1.7421
1.4505
1.3302
1.3802
1.6506
1.8745
1.6283
1.4483
1.3101
1.479
1.7241
1.8396
1.5291
1.3847
1.3274
1.5717
1.8169
1.7436
1.4526
1.3315
1.3851
1.6517
1.8758
1.6281
1.4517
1.3105
1.4798
1.7226
1.8407
1.531
1.3859
1.3272
1.5704
1.8166
1.7416
1.4545
1.3315
1.3842
1.6495
1.873
1.6262
1.3844
1.3103
1.4774
1.843
1.53
1.3864
1.3287
1.5687
1.8181
1.738
1.5315
1.3294
1.3827
1.6506
1.8662
1.6204
1.4425
1.3092
1.4796
1.7284
1.8437
1.6294
1.3845
1.3283
1.5709
1.8207
1.7447
1.5344
1.3324
1.3902
1.6547
1.8769
1.7404
1.4472
1.3099
1.4794
1.7258
1.8351
1.6221
1.3817
1.3298
1.5704
1.8173
1.7369
1.5291
1.3292
1.387
1.6536
1.8747
1.7395
1.4511
1.3114
1.486
1.8728
1.6238
1.3887
1.3315
1.5719
1.8124
1.7342
1.5321
1.3322
1.3909
1.648
1.8625
1.7341
1.4599
1.314
1.4837
1.7189
1.8319
1.6262
1.3969
1.3356
1.5707
1.8066
1.732
1.5377
1.3365
1.3934
1.6411
1.8542
1.729
1.4609
1.3146
1.483
1.7067
1.8209
1.6281
1.4048
1.3373
1.5662
1.7967
1.7277
1.543
1.3414
1.3962
1.6369
1.8462
1.6257
1.4725
1.3187
1.4819
1.8434
1.6227
1.4119
1.3409
1.5608
1.7851
1.81
1.5469
1.3508
1.4001
1.6253
1.831
1.7177
1.4764
1.3242
1.4813
1.6842
1.7956
1.6232
1.4295
1.3499
1.5484
1.7554
1.7858
1.5585
1.377
1.4114
1.5981
1.7918
1.7012
1.5092
1.3439
1.4805
1.6516
1.7894
1.629
1.4601
1.3605
1.5394
1.7318
1.7656
1.566
1.3857
1.4138
1.5861
1.7781
1.6966
1.5149
1.3476
1.4787
1.7796
1.6245
1.4648
1.3641
1.537
1.7252
1.7605
1.569
1.3875
1.419
1.5876
1.7245
1.6941
1.5177
1.3482
1.4824
1.6399
1.7792
1.6272
1.4631
1.3652
1.5362
1.7249
1.7596
1.5664
1.3864
1.419
1.5865
1.7277
1.696
1.515
1.3469
1.4834
1.6433
1.7768
1.6255
1.4627
1.3645
1.5381
1.7277
1.7607
1.5672
1.3855
1.4164
1.5852
1.7774
1.6947
1.521
1.3489
1.4828
1.7776
1.6247
1.4631
1.3673
1.537
1.6452
1.7575
1.5655
1.3868
1.4226
1.5874
1.7269
1.6934
1.5184
1.3506
1.4873
1.6441
1.7781
1.6253
1.4631
1.3658
1.5389
1.7292
1.7566
1.5666
1.3902
1.426
1.5887
1.7326
1.6896
1.5169
1.3506
1.482
1.6465
1.7826
1.6221
1.4564
1.3609
1.5443
1.7671
1.7845
1.5479
1.3551
1.4125
1.6268
1.8295
1.7091
1.4777
1.3247
1.4854
1.8377
1.6161
1.4084
1.3495
1.5666
1.6999
1.7972
1.5351
1.3433
1.4114
1.6311
1.7899
1.7071
1.4689
1.3238
1.4929
1.6328
1.8346
1.6142
1.4063
1.3472
1.564
1.6999
1.7935
1.5325
1.3422
1.41
1.6307
1.7892
1.7044
1.4699
1.324
1.4952
1.6973
1.8304
1.615
1.41
1.35
1.4957
1.6999
1.7916
1.5366
1.3431
1.3515
1.567
1.7873
1.7026
1.471
1.3247
1.4115
1.8304
1.6109
1.4078
1.3504
1.4952
1.6975
1.7892
1.5405
1.3437
1.4104
1.5659
1.7858
1.7026
1.4725
1.3262
1.4931
1.6279
1.8272
1.6131
1.4121
1.3519
1.5644
1.6967
1.7845
1.5336
1.3469
1.4149
1.5659
1.7864
1.6997
1.476
1.3277
1.4952
1.627
1.8199
1.6094
1.4187
1.3566
1.5629
1.6795
1.7536
1.5606
1.3836
1.4303
1.5869
1.7277
1.6782
1.5158
1.3532
1.489
1.7702
1.6125
1.4584
1.3776
1.4907
1.6411
1.7363
1.5578
1.3875
1.4325
1.542
1.7254
1.6716
1.5128
1.3566
1.4357
1.6441
1.7376
1.5587
1.3859
1.4369
1.587
1.7264
1.6769
1.5135
1.354
1.4925
1.59
1.768
1.6056
1.4558
1.3806
1.5434
1.6469
1.7387
1.557
1.383
1.4376
1.5479
1.7247
1.6727
1.5143
1.3564
1.4946
1.5882
1.7639
1.6114
1.4601
1.3821
1.4969
1.7599
1.6043
1.4599
1.3605
1.4984
1.6431
1.7279
1.5565
1.3892
1.3877
1.5473
1.7228
1.6624
1.5154
1.3615
1.4436
1.5882
1.7567
1.6058
1.4657
1.3645
1.504
1.6437
1.7245
1.5546
1.39
1.3892
1.5479
1.7196
1.6643
1.519
1.393
1.4472
1.5887
1.7521
1.6032
1.4674
1.3669
1.5051
1.6403
1.7222
1.5559
1.3934
1.392
1.5465
1.7166
1.6572
1.5175
1.393
1.4475
1.822
1.603
1.4059
1.3283
1.5021
1.7061
1.7762
1.5295
1.3399
1.3575
1.5743
1.7935
1.6859
1.4655
1.3394
1.4277
1.6382
1.8259
1.5989
1.3975
1.3268
1.5066
1.7087
1.7749
1.5289
1.3388
1.359
1.5775
1.7974
1.6847
1.464
1.3388
1.4288
1.639
1.8248
1.5977
1.3971
1.3266
1.506
1.7074
1.7749
1.5261
1.3371
1.3609
1.5816
1.7997
1.6842
1.4635
1.3371
1.4282
1.8227
1.5977
1.3986
1.3275
1.5094
1.7057
1.7639
1.5284
1.4155
1.3814
1.5537
1.7357
1.6641
1.5089
1.381
1.4457
1.5923
1.7579
1.5989
1.4528
1.359
1.5002
1.6517
1.7222
1.5525
1.3851
1.3919
1.5488
1.7307
1.6615
1.5092
1.3596
1.4526
1.5949
1.7592
1.5998
1.4517
1.3592
1.5062
1.6609
1.7277
1.5505
1.3767
1.3879
1.5507
1.7361
1.6619
1.5102
1.3564
1.4457
1.7695
1.6005
1.5068
1.3538
1.501
1.6561
1.7277
1.5509
1.4466
1.3892
1.5505
1.7357
1.6604
1.5075
1.3772
1.4505
1.5959
1.762
1.597
1.4468
1.3609
1.5074
1.6562
1.7213
1.5488
1.3772
1.3973
1.555
1.7305
1.6506
1.5064
1.3817
1.4588
1.5964
1.7534
1.5899
1.4479
1.3654
1.5126
1.6538
1.7108
1.5462
1.3842
1.4065
1.5559
1.7279
1.6478
1.5047
1.3832
1.4579
1.7596
1.6555
1.5079
1.3622
1.5119
1.6604
1.7162
1.5938
1.444
1.3949
1.5539
1.7374
1.6536
1.549
1.3746
1.453
1.5979
1.7552
1.5949
1.5077
1.3632
1.5081
1.6572
1.7132
1.5441
1.449
1.3984
1.5565
1.7286
1.6439
1.5415
1.3834
1.4639
1.5977
1.7449
1.5872
1.5066
1.3716
1.5186
1.6549
1.7027
1.5889
1.4569
1.4127
1.5612
1.7236
1.6373
1.5447
1.3874
1.4672
1.7288
1.6373
1.5064
1.3729
1.5218
1.6577
1.7052
1.5874
1.4504
1.4082
1.5597
1.7288
1.6409
1.542
1.3804
1.4635
1.6
1.7686
1.6604
1.4924
1.3397
1.503
1.705
1.7515
1.5904
1.3952
1.3724
1.5844
1.8057
1.6666
1.5167
1.3335
1.447
1.6482
1.8212
1.6697
1.4549
1.3298
1.5209
1.7299
1.7603
1.5835
1.3823
1.3718
1.5934
1.8122
1.6664
1.5107
1.3305
1.4472
1.8139
1.6667
1.452
1.3315
1.5212
1.7266
1.8156
1.5814
1.3851
1.3727
1.5919
1.8098
1.756
1.5115
1.3317
1.4455
1.645
1.8121
1.6626
1.4539
1.3334
1.5227
1.7311
1.8169
1.5807
1.3844
1.3725
1.5915
1.8062
1.7506
1.5124
1.3317
1.4457
1.6497
1.8134
1.6622
1.455
1.3334
1.5212
1.7271
1.8122
1.5769
1.3836
1.3755
1.5891
1.8079
1.7511
1.5104
1.3337
1.4481
1.8034
1.6566
1.4547
1.3377
1.5222
1.7187
1.7986
1.5837
1.4009
1.3868
1.5745
1.7777
1.7314
1.5321
1.3538
1.4571
1.6155
1.7695
1.6459
1.4901
1.36
1.5199
1.6821
1.7624
1.5869
1.4307
1.408
1.5619
1.7365
1.7029
1.5404
1.3767
1.4678
1.6015
1.7432
1.6407
1.5057
1.3729
1.5192
1.6649
1.7011
1.5884
1.443
1.416
1.5602
1.7299
1.6362
1.5449
1.3806
1.4714
1.7406
1.6382
1.4985
1.3684
1.5165
1.6007
1.7498
1.5829
1.4305
1.4072
1.5629
1.6726
1.7033
1.5383
1.3729
1.4663
1.602
1.7416
1.6371
1.4969
1.3677
1.5199
1.6739
1.7477
1.582
1.4324
1.4104
1.5629
1.7419
1.6979
1.5368
1.3731
1.4721
1.6047
1.7451
1.6335
1.5004
1.3737
1.5237
1.6733
1.741
1.5814
1.4369
1.42
1.5638
1.7371
1.6913
1.5389
1.381
1.4755
1.7476
1.6317
1.4852
1.3583
1.5274
1.6343
1.7879
1.5803
1.387
1.3832
1.5919
1.7371
1.7376
1.5064
1.3307
1.4564
1.5968
1.8147
1.6519
1.4451
1.3371
1.5308
1.6606
1.8106
1.5713
1.3725
1.3849
1.6039
1.7483
1.7406
1.4993
1.3274
1.462
1.6654
1.8196
1.6461
1.4395
1.3382
1.5372
1.6664
1.8107
1.5689
1.3701
1.3845
1.6041
1.7487
1.7335
1.4999
1.327
1.4607
1.8175
1.6424
1.4387
1.339
1.4655
1.6634
1.8055
1.5662
1.3697
1.3883
1.5405
1.747
1.7312
1.4946
1.3275
1.4614
1.6039
1.8106
1.6429
1.4429
1.3399
1.4663
1.6465
1.7826
1.5771
1.3947
1.4022
1.5295
1.7046
1.7082
1.5278
1.3583
1.4689
1.5698
1.7526
1.6362
1.4897
1.3703
1.5214
1.6116
1.7477
1.5807
1.4269
1.4175
1.525
1.6801
1.6906
1.5372
1.3701
1.4734
1.7401
1.6245
1.4974
1.3814
1.4783
1.6024
1.7305
1.579
1.4363
1.4312
1.5269
1.6731
1.681
1.5394
1.3857
1.4864
1.5655
1.7305
1.6219
1.5034
1.3874
1.5227
1.5968
1.7271
1.5749
1.4387
1.4348
1.528
1.6679
1.6711
1.5405
1.3879
1.4864
1.5593
1.7209
1.6161
1.5109
1.3947
1.5282
1.593
1.7127
1.575
1.4444
1.4445
1.56
1.6634
1.6651
1.5434
1.3898
1.4931
1.7993
1.6337
1.4462
1.333
1.4706
1.6621
1.7924
1.5608
1.3669
1.3982
1.5449
1.7573
1.7222
1.4974
1.3289
1.3956
1.6094
1.8154
1.6332
1.4318
1.342
1.471
1.6722
1.8001
1.561
1.363
1.3973
1.545
1.7566
1.7204
1.4922
1.327
1.4719
1.6099
1.8181
1.6326
1.4344
1.3442
1.5432
1.6658
1.7954
1.5544
1.3613
1.3979
1.5475
1.7545
1.7174
1.495
1.3296
1.4762
1.7959
1.6289
1.4534
1.339
1.4734
1.6471
1.7744
1.564
1.381
1.3577
1.5415
1.7322
1.7027
1.5045
1.3418
1.414
1.5998
1.7907
1.6245
1.4496
1.3559
1.4798
1.6557
1.7734
1.5589
1.3759
1.3581
1.545
1.7387
1.7011
1.4982
1.339
1.4097
1.6009
1.7896
1.6223
1.4485
1.3574
1.4824
1.6553
1.7714
1.5563
1.3761
1.4125
1.5443
1.7391
1.6969
1.5002
1.3403
1.4142
1.8214
1.6266
1.4864
1.3266
1.4832
1.6846
1.7931
1.5464
1.4247
1.3448
1.5557
1.7693
1.7123
1.4837
1.3555
1.4054
1.6163
1.8197
1.6197
1.4222
1.3255
1.4828
1.6817
1.7911
1.5435
1.4217
1.347
1.5535
1.7686
1.7106
1.4888
1.3604
1.4039
1.6103
1.8126
1.6193
1.426
1.3272
1.4819
1.6806
1.7918
1.548
1.3557
1.348
1.5557
1.7734
1.7097
1.4845
1.3281
1.4076
1.7991
1.6193
1.5004
1.3399
1.4869
1.6583
1.7642
1.6161
1.4479
1.362
1.5482
1.7399
1.6915
1.5574
1.378
1.4222
1.5962
1.7811
1.6116
1.5023
1.344
1.4879
1.6517
1.7592
1.6154
1.4519
1.3652
1.548
1.7404
1.6904
1.5574
1.3763
1.4226
1.5953
1.789
1.617
1.5027
1.3401
1.4832
1.6561
1.7614
1.5565
1.4474
1.3605
1.545
1.7404
1.6928
1.5597
1.3725
1.4202
1.7877
1.6907
1.5015
1.3418
1.4867
1.6566
1.7577
1.6155
1.4477
1.3639
1.5452
1.7393
1.6885
1.5524
1.3622
1.4138
1.6152
1.8145
1.6135
1.4798
1.3262
1.488
1.6892
1.7852
1.6137
1.4174
1.3529
1.5645
1.7837
1.7026
1.5405
1.3467
1.4129
1.6274
1.8222
1.6082
1.4744
1.3255
1.4907
1.6941
1.7856
1.5368
1.4129
1.3508
1.5655
1.7858
1.6988
1.5385
1.3465
1.4155
1.786
1.6939
1.4747
1.3262
1.4912
1.6951
1.7804
1.6062
1.4082
1.3532
1.566
1.7856
1.6954
1.536
1.345
1.4185
1.6317
1.8252
1.6075
1.4714
1.3274
1.4967
1.6988
1.7792
1.5349
1.4129
1.3544
1.5647
1.7774
1.6831
1.537
1.3628
1.4277
1.5942
1.7761
1.6157
1.515
1.3536
1.4929
1.6422
1.7387
1.5572
1.4616
1.3823
1.5464
1.7266
1.6727
1.5584
1.3849
1.4393
1.7239
1.669
1.5165
1.3587
1.4946
1.6403
1.7612
1.6079
1.458
1.3844
1.5435
1.7232
1.7346
1.561
1.3904
1.4406
1.5852
1.7564
1.6666
1.5135
1.3605
1.4954
1.6441
1.7312
1.6073
1.4622
1.3855
1.5449
1.7266
1.6716
1.5623
1.3898
1.4432
1.5902
1.7622
1.606
1.5135
1.3585
1.4944
1.6448
1.7273
1.6041
1.4564
1.3834
1.5454
1.723
1.6673
1.555
1.3859
1.4393
1.7269
1.6652
1.509
1.3611
1.5014
1.6461
1.7588
1.6047
1.4579
1.3864
1.545
1.7273
1.7256
1.5507
1.3814
1.4417
1.5919
1.7322
1.6632
1.5064
1.3587
1.5004
1.6516
1.7631
1.6004
1.4494
1.3859
1.5495
1.7294
1.7275
1.5524
1.3808
1.4449
1.5934
1.7616
1.6636
1.5044
1.3542
1.5006
1.6587
1.7723
1.6022
1.4344
1.3658
1.5625
1.7837
1.7669
1.5321
1.3437
1.4282
1.8008
1.6778
1.4595
1.327
1.5057
1.6401
1.8246
1.5932
1.3934
1.3637
1.5809
1.714
1.7693
1.5218
1.3373
1.4329
1.6412
1.7982
1.6774
1.4616
1.3287
1.51
1.639
1.8149
1.5915
1.402
1.3746
1.572
1.6891
1.75
1.5424
1.3564
1.4361
1.5634
1.7671
1.6722
1.4875
1.3424
1.5045
1.6135
1.7892
1.5981
1.4211
1.3731
1.5055
1.6941
1.7581
1.528
1.339
1.4367
1.7999
1.6724
1.4588
1.3298
1.5119
1.6399
1.8141
1.5893
1.3988
1.3791
1.5659
1.6876
1.7436
1.5368
1.3538
1.4412
1.6131
1.7663
1.6671
1.4867
1.3435
1.5068
1.6167
1.7877
1.5951
1.4194
1.3789
1.5645
1.6896
1.7451
1.5366
1.3544
1.4414
1.6169
1.7699
1.6658
1.485
1.3427
1.5107
1.6204
1.7907
1.5904
1.4147
1.3789
1.5681
1.6917
1.7436
1.5359
1.3519
1.4447
1.7802
1.6634
1.4749
1.3395
1.4451
1.6255
1.7929
1.5878
1.4065
1.3774
1.5158
1.7016
1.7444
1.5289
1.3469
1.4462
1.5734
1.7821
1.6637
1.4742
1.3407
1.5158
1.6296
1.7963
1.5884
1.4057
1.3815
1.5754
1.7026
1.7427
1.5282
1.3459
1.4498
1.6283
1.7792
1.6577
1.4719
1.3409
1.518
1.6313
1.7929
1.5867
1.4046
1.3819
1.5756
1.7039
1.7378
1.524
1.3459
1.4485
1.7804
1.6546
1.4684
1.3424
1.4507
1.6298
1.7901
1.5818
1.4054
1.3851
1.5179
1.7065
1.7342
1.5254
1.3469
1.4526
1.5803
1.7781
1.6521
1.4714
1.3452
1.5207
1.629
1.7866
1.584
1.4069
1.387
1.5752
1.7061
1.7286
1.5248
1.3478
1.4543
1.6287
1.7798
1.6557
1.464
1.3341
1.5218
1.6495
1.8126
1.5762
1.381
1.3778
1.5915
1.7391
1.7491
1.5053
1.3289
1.4532
1.8177
1.6532
1.4462
1.3305
1.452
1.6557
1.816
1.5747
1.3772
1.333
1.5289
1.738
1.7444
1.5027
1.33
1.3812
1.5985
1.8147
1.6527
1.4496
1.3349
1.4543
1.6523
1.8087
1.5741
1.384
1.3418
1.5274
1.7162
1.7292
1.5225
1.3427
1.3913
1.5816
1.7862
1.6502
1.4702
1.3469
1.4594
1.6347
1.7864
1.5779
1.3947
1.3437
1.5235
1.7091
1.7286
1.5229
1.3431
1.3904
1.7834
1.6474
1.4689
1.3437
1.4629
1.6369
1.7858
1.579
1.398
1.3463
1.527
1.711
1.7237
1.5209
1.3977
1.3919
1.5777
1.7815
1.6457
1.4719
1.3454
1.4599
1.6305
1.7824
1.5792
1.3982
1.3487
1.5244
1.7138
1.7228
1.521
1.3988
1.3935
1.5779
1.783
1.6437
1.4682
1.3472
1.4642
1.6358
1.7791
1.5775
1.3967
1.3502
1.5227
1.7106
1.7187
1.5218
1.399
1.3958
1.7834
1.6426
1.5255
1.3489
1.465
1.6319
1.7777
1.5765
1.4699
1.3514
1.5269
1.7151
1.7146
1.516
1.3949
1.4007
1.5801
1.7809
1.639
1.4685
1.3459
1.4661
1.6337
1.7761
1.5739
1.3937
1.353
1.5272
1.714
1.7129
1.521
1.3977
1.402
1.6324
1.7747
1.5745
1.3945
1.4014
1.5289
1.7131
1.7147
1.5227
1.3454
1.4018
1.5812
1.7791
1.6414
1.471
1.3553
1.4685
1.7762
1.6377
1.5263
1.3504
1.4685
1.6283
1.7663
1.5764
1.4734
1.3583
1.5282
1.7119
1.7059
1.5165
1.395
1.4055
1.581
1.7787
1.6337
1.4654
1.3474
1.4725
1.6388
1.7717
1.57
1.4655
1.3564
1.5353
1.7236
1.7106
1.5735
1.3902
1.408
1.5906
1.7877
1.6337
1.5152
1.344
1.4747
1.6427
1.7723
1.5687
1.4588
1.3532
1.5351
1.7301
1.7093
1.5685
1.3894
1.4072
1.7882
1.7042
1.5132
1.3429
1.4729
1.6412
1.771
1.6307
1.462
1.3557
1.5319
1.7252
1.7024
1.566
1.384
1.4095
1.5893
1.7832
1.6296
1.5141
1.3429
1.4749
1.6431
1.7702
1.5668
1.4599
1.3555
1.536
1.7251
1.7039
1.5679
1.3851
1.4102
1.5861
1.7819
1.63
1.5143
1.3446
1.4785
1.6409
1.7622
1.6255
1.4631
1.3617
1.5379
1.7264
1.7003
1.5681
1.3864
1.4179
1.7346
1.6992
1.5111
1.3439
1.4813
1.6486
1.7639
1.6217
1.4564
1.3615
1.5428
1.7337
1.6996
1.563
1.381
1.4179
1.5925
1.7811
1.6199
1.5107
1.3457
1.4841
1.6439
1.756
1.6204
1.4565
1.3637
1.5439
1.7292
1.6928
1.561
1.3802
1.416
1.5932
1.7847
1.6191
1.5072
1.3409
1.4811
1.6495
1.7629
1.6227
1.452
1.3617
1.5379
1.7365
1.6947
1.5629
1.38
1.4196
1.7378
1.6928
1.509
1.347
1.4877
1.6456
1.7794
1.6163
1.4524
1.3656
1.5409
1.7369
1.759
1.5589
1.3776
1.4219
1.5981
1.7856
1.6898
1.5019
1.3433
1.4901
1.6568
1.7858
1.6157
1.4481
1.3671
1.5494
1.7421
1.7581
1.5529
1.3733
1.425
1.6011
1.7466
1.6879
1.5008
1.3425
1.4924
1.6619
1.7901
1.6167
1.4472
1.3688
1.5518
1.744
1.7586
1.5529
1.3755
1.425
1.7389
1.6761
1.5014
1.3452
1.4939
1.6555
1.7492
1.549
1.4492
1.3705
1.5514
1.7391
1.6795
1.4999
1.3712
1.4303
1.599
1.7839
1.6069
1.5002
1.344
1.4959
1.6639
1.7517
1.5482
1.4438
1.3694
1.554
1.7509
1.6842
1.4959
1.3665
1.4286
1.6035
1.7896
1.6124
1.4987
1.3401
1.4933
1.6662
1.7558
1.5494
1.4359
1.3686
1.5548
1.7552
1.6816
1.548
1.3639
1.4292
1.7537
1.6812
1.4939
1.3427
1.4954
1.6662
1.7881
1.6062
1.4385
1.3712
1.5544
1.6679
1.7504
1.5458
1.3675
1.4329
1.6056
1.7837
1.6742
1.4935
1.3427
1.4991
1.6697
1.7901
1.6043
1.4333
1.3714
1.5557
1.7579
1.7528
1.5492
1.3664
1.4337
1.6079
1.7875
1.6795
1.4939
1.3405
1.4959
1.6697
1.7882
1.6043
1.4325
1.3718
1.5576
1.7575
1.7509
1.5449
1.3609
1.4312
1.7622
1.6776
1.4929
1.3424
1.4997
1.609
1.7897
1.6039
1.4284
1.3714
1.5572
1.6746
1.7502
1.5441
1.36
1.4355
1.5606
1.7609
1.6748
1.4912
1.3405
1.4357
1.6131
1.7931
1.6041
1.4295
1.3761
1.5021
1.6786
1.7494
1.5428
1.3617
1.3752
1.5563
1.762
1.6727
1.4922
1.3416
1.4395
1.6112
1.7899
1.5998
1.4282
1.3739
1.503
1.6801
1.7477
1.5411
1.3532
1.3697
1.8042
1.6729
1.4599
1.3296
1.435
1.6399
1.8224
1.5934
1.3952
1.3664
1.5169
1.7198
1.7663
1.5195
1.3362
1.3669
1.5857
1.8044
1.6752
1.4567
1.3281
1.4365
1.6431
1.8201
1.5863
1.3883
1.3647
1.5119
1.7202
1.7622
1.516
1.3335
1.4385
1.584
1.8029
1.672
1.4558
1.3296
1.5141
1.6457
1.8201
1.5899
1.3902
1.3703
1.5177
1.7228
1.762
1.5203
1.3354
1.44
1.804
1.6705
1.4569
1.3334
1.4438
1.6416
1.7984
1.5857
1.4136
1.3808
1.5098
1.6906
1.7387
1.5315
1.3521
1.3825
1.5677
1.7704
1.6617
1.4845
1.3431
1.4449
1.6214
1.7881
1.5938
1.4149
1.3834
1.5124
1.7093
1.7521
1.5207
1.336
1.3752
1.5865
1.8032
1.6609
1.4573
1.3339
1.4445
1.6478
1.8143
1.5797
1.3851
1.3744
1.5891
1.7269
1.7506
1.513
1.3332
1.4462
1.7785
1.6549
1.477
1.3502
1.4534
1.6268
1.7903
1.5857
1.4057
1.3437
1.5175
1.7054
1.7337
1.528
1.3457
1.3877
1.5745
1.7777
1.6542
1.4775
1.348
1.456
1.6238
1.783
1.5824
1.4027
1.3872
1.5169
1.7027
1.7301
1.527
1.3459
1.456
1.5754
1.7787
1.6529
1.474
1.347
1.4569
1.6275
1.786
1.5844
1.4003
1.3896
1.5209
1.7027
1.7275
1.5254
1.3465
1.458
1.7789
1.6469
1.4717
1.3463
1.461
1.6275
1.7811
1.5794
1.4027
1.3517
1.5263
1.7063
1.7185
1.5242
1.3512
1.399
1.5788
1.7725
1.6409
1.4753
1.354
1.4665
1.6334
1.7746
1.576
1.4059
1.4012
1.5254
1.7056
1.7121
1.5227
1.3517
1.467
1.5795
1.7693
1.6373
1.4744
1.3566
1.4678
1.6313
1.7755
1.5792
1.4037
1.4027
1.5312
1.7086
1.7117
1.5197
1.3508
1.4702
1.7757
1.6328
1.5222
1.3506
1.4736
1.6311
1.7661
1.5732
1.4721
1.3577
1.5299
1.7106
1.705
1.5186
1.4014
1.4097
1.5835
1.7721
1.6304
1.4693
1.3493
1.4742
1.6304
1.7637
1.5717
1.3992
1.3589
1.5319
1.7082
1.7024
1.5143
1.35
1.4085
1.5788
1.7734
1.6339
1.4714
1.3499
1.4774
1.6305
1.7622
1.5689
1.398
1.3617
1.536
1.7129
1.7003
1.5179
1.3971
1.4099
1.7727
1.6247
1.5147
1.3502
1.4777
1.6313
1.7592
1.5689
1.4695
1.3637
1.5345
1.711
1.7003
1.5192
1.3984
1.4181
1.5855
1.7732
1.6234
1.5179
1.3504
1.48
1.6343
1.7603
1.6275
1.4702
1.3643
1.5359
1.717
1.696
1.5662
1.3945
1.4157
1.5831
1.7702
1.6221
1.516
1.35
1.482
1.6375
1.759
1.6259
1.4667
1.3669
1.5387
1.7164
1.6936
1.5651
1.395
1.4211
1.7742
1.6926
1.5175
1.3523
1.4828
1.6352
1.7536
1.6204
1.4661
1.3682
1.5428
1.7196
1.69
1.5614
1.3889
1.4219
1.5874
1.7727
1.687
1.5139
1.3502
1.4858
1.6394
1.753
1.6172
1.4642
1.368
1.5424
1.7243
1.7528
1.5623
1.3932
1.4267
1.5895
1.7689
1.6849
1.5135
1.3529
1.4879
1.6441
1.7532
1.6172
1.462
1.372
1.5424
1.7222
1.6832
1.5582
1.3866
1.4288
1.7519
1.7041
1.494
1.3304
1.483
1.6769
1.7849
1.6189
1.423
1.3515
1.5591
1.7746
1.7048
1.5473
1.3523
1.4082
1.6197
1.822
1.6163
1.482
1.3272
1.4871
1.6876
1.7888
1.5413
1.4181
1.3495
1.5587
1.7747
1.7044
1.543
1.3484
1.4097
1.6253
1.8237
1.6135
1.4792
1.3262
1.4897
1.6913
1.786
1.5394
1.4164
1.3497
1.5625
1.7791
1.6992
1.4768
1.3489
1.4129
1.7841
1.6975
1.4753
1.3262
1.4931
1.6949
1.7806
1.6092
1.4147
1.3538
1.5662
1.7888
1.7841
1.5353
1.3454
1.4159
1.6268
1.822
1.6962
1.4747
1.3277
1.4948
1.6964
1.7802
1.6084
1.4093
1.3544
1.5659
1.7839
1.6898
1.5317
1.3444
1.4153
1.6257
1.8201
1.6067
1.4747
1.329
1.4993
1.6924
1.7734
1.6101
1.4181
1.363
1.5632
1.7588
1.6793
1.5479
1.3776
1.4335
1.7215
1.6667
1.5171
1.3605
1.494
1.6433
1.7605
1.608
1.4579
1.3879
1.5456
1.6465
1.7335
1.5563
1.3868
1.4414
1.5874
1.7294
1.6662
1.5135
1.3585
1.4955
1.6461
1.7639
1.606
1.4554
1.387
1.5449
1.7266
1.7312
1.557
1.3795
1.4427
1.5904
1.765
1.6694
1.5117
1.3568
1.5
1.651
1.7635
1.6056
1.4492
1.3859
1.548
1.6568
1.7307
1.5516
1.378
1.4404
1.7446
1.6643
1.501
1.3515
1.4984
1.5949
1.7667
1.5994
1.4434
1.3851
1.5509
1.6634
1.729
1.5531
1.3727
1.4421
1.5989
1.7457
1.6643
1.5029
1.3504
1.503
1.6094
1.7888
1.6011
1.4166
1.3724
1.5711
1.7063
1.7584
1.5242
1.3397
1.438
1.6379
1.8006
1.6735
1.4629
1.3315
1.5124
1.6412
1.8181
1.588
1.3909
1.368
1.5863
1.7237
1.7637
1.5177
1.3341
1.4382
1.8091
1.6651
1.4556
1.3302
1.5164
1.6448
1.8156
1.5824
1.3851
1.371
1.5182
1.7247
1.7539
1.5132
1.333
1.4442
1.5897
1.8083
1.6643
1.4537
1.333
1.5188
1.6476
1.8139
1.5805
1.3855
1.3746
1.5895
1.7275
1.7494
1.5113
1.3322
1.4419
1.5857
1.8017
1.6542
1.4652
1.3401
1.5156
1.6304
1.7901
1.5839
1.4031
1.386
1.575
1.7052
1.7357
1.5278
1.3452
1.4519
1.7856
1.6534
1.4721
1.3444
1.4556
1.6294
1.7867
1.5777
1.3994
1.3859
1.5188
1.7117
1.732
1.5244
1.3437
1.4552
1.5807
1.7847
1.6525
1.4697
1.3446
1.5197
1.6328
1.7879
1.581
1.3986
1.3874
1.5203
1.7121
1.7296
1.5207
1.3437
1.4549
1.5769
1.7813
1.6469
1.4678
1.3469
1.5246
1.6347
1.7866
1.5792
1.395
1.3898
1.5784
1.7164
1.7239
1.5197
1.3431
1.4616
1.7886
1.6444
1.4672
1.3499
1.4625
1.6315
1.7807
1.5775
1.3919
1.3992
1.5284
1.7176
1.7157
1.5177
1.3442
1.464
1.5829
1.7824
1.6386
1.4642
1.3527
1.4697
1.6335
1.7794
1.5765
1.389
1.3994
1.5308
1.7187
1.7123
1.5162
1.3431
1.4648
1.5829
1.7836
1.6362
1.4637
1.3512
1.5285
1.6401
1.7751
1.5722
1.3909
1.4022
1.5304
1.7209
1.7104
1.5175
1.3444
1.4715
1.7837
1.6349
1.4665
1.3469
1.4738
1.6381
1.7659
1.5704
1.39
1.3577
1.5293
1.7211
1.7027
1.5139
1.3874
1.4087
1.5885
1.7886
1.632
1.4485
1.3337
1.474
1.6656
1.7884
1.558
1.3626
1.3472
1.5479
1.7605
1.7136
1.4884
1.36
1.4044
1.6107
1.8173
1.6204
1.4252
1.327
1.482
1.6778
1.789
1.5471
1.425
1.3467
1.5554
1.7704
1.7087
1.4869
1.3572
1.4072
1.8256
1.6193
1.4192
1.3266
1.4894
1.6879
1.7903
1.539
1.4189
1.3514
1.5606
1.7772
1.7026
1.4798
1.327
1.4121
1.6876
1.7851
1.5424
1.3512
1.4172
1.5638
1.7764
1.6982
1.4839
1.329
1.4912
1.6163
1.7961
1.6088
1.4455
1.3701
1.5404
1.6478
1.7476
1.5614
1.3847
1.4271
1.5409
1.7279
1.6817
1.5197
1.3562
1.4888
1.5809
1.7663
1.6157
1.461
1.378
1.5396
1.7687
1.6165
1.5199
1.3551
1.4892
1.6439
1.7365
1.5647
1.4603
1.381
1.5404
1.726
1.6722
1.518
1.3847
1.4361
1.5837
1.7631
1.6105
1.4556
1.3555
1.4948
1.6486
1.7322
1.5584
1.3834
1.383
1.5387
1.7247
1.6656
1.5164
1.3857
1.4417
1.5865
1.759
1.6067
1.4584
1.3589
1.4967
1.6444
1.7273
1.5578
1.3821
1.3905
1.546
1.7288
1.6615
1.512
1.3592
1.4474
1.7579
1.6004
1.5158
1.3628
1.5014
1.6529
1.7192
1.552
1.45
1.3962
1.5488
1.7342
1.6564
1.5542
1.374
1.4438
1.5975
1.7813
1.5977
1.4852
1.3364
1.5036
1.7071
1.7537
1.5893
1.3964
1.3742
1.5835
1.7991
1.666
1.5188
1.3341
1.4421
1.6422
1.8134
1.5837
1.4571
1.3315
1.519
1.7297
1.7543
1.509
1.3838
1.3724
1.5882
1.8077
1.6607
1.5124
1.333
1.447
1.8124
1.5764
1.4534
1.335
1.5252
1.7322
1.7425
1.5105
1.3829
1.3808
1.5908
1.8049
1.6519
1.4537
1.3364
1.4586
1.6407
1.7866
1.5812
1.4719
1.3452
1.5212
1.7119
1.7264
1.5233
1.4001
1.3952
1.5829
1.7822
1.6463
1.524
1.3457
1.4609
1.6339
1.7815
1.5797
1.4702
1.351
1.5254
1.711
1.7224
1.5207
1.3986
1.3977
1.5814
1.7791
1.6446
1.47
1.3467
1.4657
1.7785
1.6397
1.4715
1.3544
1.5267
1.7142
1.7112
1.5739
1.3834
1.3935
1.5929
1.8031
1.7217
1.5049
1.3324
1.473
1.6656
1.7952
1.6358
1.4406
1.345
1.5424
1.7509
1.7185
1.5589
1.3671
1.4007
1.6073
1.8111
1.6309
1.4955
1.3304
1.4777
1.6682
1.7875
1.6281
1.4367
1.3478
1.5447
1.7483
1.7063
1.5589
1.3797
1.4155
1.5822
1.7697
1.6275
1.525
1.3566
1.4768
1.7642
1.6227
1.4757
1.3735
1.5297
1.7082
1.744
1.5715
1.4014
1.4284
1.5734
1.7607
1.6174
1.5263
1.3577
1.4832
1.6259
1.7401
1.6195
1.4736
1.3795
1.5366
1.7198
1.6795
1.5681
1.3913
1.4277
1.5797
1.7599
1.615
1.5214
1.3564
1.4869
1.6371
1.7382
1.6127
1.4639
1.3785
1.5374
1.7196
1.6756
1.5662
1.39
1.4305
1.5816
1.7627
1.6724
1.5199
1.3551
1.4905
1.7678
1.6099
1.4573
1.3814
1.5432
1.7311
1.7354
1.5585
1.3817
1.4393
1.5878
1.7646
1.6677
1.5126
1.3557
1.4974
1.6527
1.765
1.6052
1.4494
1.3847
1.5477
1.7361
1.7301
1.5546
1.3748
1.443
1.5977
1.7759
1.6679
1.4985
1.345
1.4967
1.6825
1.7532
1.6022
1.4074
1.3664
1.5769
1.7909
1.7586
1.5229
1.3369
1.4389
1.642
1.8151
1.6699
1.459
1.3304
1.5143
1.8173
1.5801
1.3853
1.3707
1.5906
1.7288
1.7507
1.5115
1.3328
1.4477
1.6502
1.8076
1.6611
1.455
1.3341
1.5248
1.7316
1.8139
1.5784
1.3829
1.3784
1.593
1.7352
1.7464
1.5089
1.3309
1.4537
1.6504
1.8074
1.6534
1.4505
1.3369
1.5278
1.732
1.8061
1.5762
1.3812
1.3812
1.5929
1.8053
1.7404
1.507
1.333
1.4554
1.6514
1.8012
1.6446
1.4489
1.339
1.533
1.801
1.5675
1.3729
1.3922
1.6028
1.7462
1.7282
1.4991
1.3287
1.4665
1.6656
1.8179
1.6369
1.4361
1.3405
1.5456
1.672
1.8016
1.5587
1.3643
1.3939
1.6086
1.7579
1.7247
1.4894
1.3262
1.4712
1.6699
1.8177
1.6289
1.4301
1.342
1.5435
1.7594
1.7929
1.5539
1.3617
1.401
1.6054
1.8083
1.7112
1.4952
1.3369
1.4789
1.6517
1.7924
1.6274
1.4522
1.3553
1.5377
1.7851
1.5507
1.3585
1.4121
1.5539
1.7654
1.7026
1.4879
1.3296
1.4856
1.6152
1.8104
1.6148
1.4267
1.3551
1.555
1.6765
1.765
1.5544
1.372
1.4181
1.5974
1.7875
1.6885
1.5068
1.342
1.4882
1.6546
1.756
1.6161
1.4468
1.3671
1.5469
1.7468
1.6864
1.5544
1.3688
1.4262
1.6009
1.7899
1.6844
1.4978
1.3412
1.4935
1.6681
1.75
1.608
1.4369
1.3688
1.5552
1.7528
1.5424
1.3544
1.4333
1.564
1.768
1.6756
1.4869
1.3399
1.5029
1.6154
1.7935
1.5974
1.4177
1.3725
1.5649
1.6896
1.75
1.5359
1.35
1.3767
1.5677
1.7714
1.6671
1.4785
1.3399
1.4423
1.6221
1.7924
1.5934
1.4112
1.3416
1.5134
1.6952
1.7431
1.5329
1.3495
1.3814
1.5713
1.7761
1.6598
1.4755
1.3425
1.449
1.6268
1.7912
1.5899
1.4097
1.3845
1.5149
1.7333
1.525
1.3465
1.3909
1.5747
1.7785
1.6495
1.4699
1.3454
1.4552
1.6326
1.7849
1.5825
1.3997
1.3939
1.5237
1.7121
1.726
1.5203
1.3409
1.4558
1.5889
1.8012
1.6469
1.4483
1.339
1.5306
1.6581
1.8055
1.5649
1.3699
1.3877
1.5379
1.7513
1.7333
1.498
1.3289
1.4637
1.606
1.8175
1.6394
1.4408
1.3392
1.5419
1.6688
1.8025
1.5572
1.3649
1.3934
1.6071
1.711
1.5002
1.3386
1.4061
1.5936
1.7896
1.6283
1.4513
1.3566
1.4805
1.6529
1.7732
1.5614
1.3772
1.3589
1.5428
1.7389
1.7011
1.5066
1.3409
1.4142
1.5979
1.7942
1.6229
1.4513
1.3605
1.4826
1.6583
1.7691
1.561
1.3755
1.3624
1.5482
1.7451
1.6952
1.5044
1.3403
1.4177
1.5989
1.7903
1.6174
1.4434
1.365
1.4897
1.6602
1.762
1.558
1.3718
1.4249
1.5492
1.6909
1.4984
1.3407
1.4295
1.6065
1.7946
1.609
1.432
1.3703
1.497
1.6746
1.7536
1.5464
1.3609
1.4324
1.5602
1.7659
1.6797
1.4882
1.3392
1.4305
1.615
1.7922
1.5994
1.4245
1.3716
1.5034
1.6851
1.75
1.5375
1.354
1.3731
1.5651
1.7693
1.6705
1.4843
1.3407
1.4389
1.6206
1.7952
1.5959
1.4125
1.3742
1.5083
1.7054
1.7539
1.5244
1.338
1.4402
1.582
1.6619
1.4534
1.3337
1.4485
1.6478
1.8085
1.5794
1.3866
1.3352
1.522
1.7273
1.7363
1.5164
1.4014
1.3844
1.5722
1.7779
1.6519
1.4751
1.3454
1.4539
1.6283
1.7871
1.585
1.4018
1.3461
1.5214
1.7129
1.7318
1.5149
1.3866
1.3857
1.5923
1.8077
1.6478
1.4457
1.3298
1.4605
1.6604
1.8044
1.5709
1.3722
1.338
1.5379
1.747
1.7335
1.5015
1.3279
1.3894
1.6043
1.6341
1.5147
1.3427
1.4732
1.6381
1.7738
1.5696
1.4607
1.3545
1.5344
1.7296
1.7078
1.5113
1.3823
1.4087
1.5893
1.7869
1.629
1.4573
1.342
1.4749
1.6467
1.7682
1.5621
1.3767
1.3581
1.539
1.7374
1.6992
1.507
1.3784
1.4159
1.5906
1.7881
1.6244
1.4511
1.3416
1.4822
1.6536
1.7629
1.5572
1.4502
1.3611
1.54
1.7419
1.6937
1.5079
1.3782
1.4215
1.5947
1.6936
1.4747
1.3281
1.4993
1.6966
1.777
1.5375
1.4125
1.3579
1.5715
1.7901
1.6891
1.4708
1.3418
1.4249
1.6296
1.8158
1.5979
1.4687
1.3292
1.5025
1.7012
1.7676
1.5295
1.4039
1.3617
1.5732
1.7901
1.6808
1.4687
1.3405
1.432
1.6317
1.8124
1.5938
1.4016
1.3313
1.5081
1.7074
1.7605
1.5214
1.401
1.3684
1.5758
1.7845
1.666
1.4822
1.3508
1.4429
1.6232
1.6611
1.4805
1.344
1.516
1.6986
1.7367
1.5906
1.4104
1.3844
1.5705
1.7802
1.6579
1.533
1.3491
1.4532
1.6281
1.7901
1.5861
1.4738
1.3452
1.5169
1.7089
1.7301
1.5854
1.401
1.3904
1.5788
1.7821
1.6512
1.5261
1.3474
1.4624
1.6285
1.7824
1.5816
1.4751
1.348
1.521
1.7106
1.7217
1.522
1.4003
1.3992
1.5814
1.7819
1.6418
1.5227
1.3461
1.4633
1.6315
1.6405
1.4654
1.3545
1.5285
1.7183
1.708
1.5726
1.3932
1.4099
1.5805
1.7787
1.6324
1.5216
1.3457
1.4762
1.6379
1.7661
1.5692
1.4642
1.3594
1.5355
1.7245
1.7003
1.5694
1.3868
1.4112
1.5872
1.7819
1.6259
1.5145
1.3452
1.4834
1.6463
1.7616
1.561
1.456
1.3635
1.5405
1.7361
1.696
1.5109
1.3795
1.4177
1.5927
1.7826
1.6193
1.509
1.3439
1.4845
1.6579
1.6165
1.4449
1.371
1.5501
1.7459
1.753
1.5542
1.3701
1.4295
1.5998
1.7834
1.6802
1.5019
1.3461
1.4959
1.6662
1.7474
1.6065
1.4393
1.3722
1.5516
1.7547
1.6754
1.5501
1.3664
1.4369
1.6024
1.7821
1.6739
1.501
1.3459
1.4995
1.6744
1.7434
1.6043
1.4331
1.3797
1.5555
1.7582
1.669
1.5417
1.3604
1.4421
1.605
1.7834
1.6004
1.4978
1.3467
1.5074
1.6831
1.5863
1.3928
1.3789
1.5831
1.8002
1.7449
1.5203
1.3365
1.4524
1.6441
1.8016
1.6564
1.4541
1.3354
1.527
1.7303
1.8055
1.5745
1.3827
1.3821
1.5906
1.8057
1.7384
1.5089
1.3326
1.456
1.6476
1.7982
1.6471
1.4603
1.3523
1.5199
1.7022
1.7172
1.5842
1.4076
1.3994
1.5707
1.7657
1.7129
1.527
1.3514
1.4659
1.6272
1.7729
1.6399
1.4631
1.344
1.5347
1.7397
1.5593
1.3656
1.4007
1.6069
1.7558
1.714
1.5008
1.3452
1.4715
1.6365
1.7776
1.6319
1.4663
1.3613
1.5317
1.7164
1.7567
1.5662
1.3892
1.4145
1.5908
1.8001
1.7119
1.497
1.3298
1.4826
1.6761
1.8139
1.6185
1.4241
1.351
1.5557
1.7766
1.7886
1.545
1.351
1.4119
1.6234
1.7843
1.7037
1.4753
1.326
1.494
1.6939
1.8278
1.6112
1.4104
1.3523
1.5647
1.699
