44.0
0.1498171
0.1498171
0.1545047
0.1545047
0.1567548
0.1588173
0.1588173
0.1680051
0.1680051
0.1860057
0.1860057
0.1895683
0.1843181
0.1843181
0.1777554
0.1777554
0.1689427
0.1665051
0.1545047
0.1545047
0.1344416
0.1344416
0.1335041
0.1432544
0.1571298
0.1588173
0.1680051
0.1680051
0.1860057
0.1860057
0.1895683
0.1843181
0.1843181
0.1777554
0.1777554
0.1723178
0.1689427
0.1689427
0.1663176
0.1663176
0.1539422
0.1344416
0.1344416
0.1338791
0.1567548
0.1588173
0.1680051
0.1680051
0.1860057
0.1860057
0.1897558
0.1845056
0.1845056
0.1777554
0.1777554
0.1723178
0.1689427
0.1689427
0.1663176
0.1663176
0.1539422
0.1344416
0.1344416
0.1338791
0.1338791
0.1434419
0.1498171
0.1498171
0.1545047
0.1567548
0.1590049
0.1685676
0.1685676
0.1861932
0.1861932
0.1895683
0.1691302
0.1663176
0.1535672
0.1535672
0.1340666
0.1340666
0.1336916
0.1436294
0.1436294
0.1498171
0.1498171
0.1543172
0.1565673
0.1565673
0.1586298
0.1586298
0.1681926
0.1861932
0.1861932
0.1895683
0.1895683
0.1841306
0.1775679
0.1775679
0.1689427
0.1663176
0.1537547
0.1537547
0.1342541
0.1342541
0.1338791
0.1434419
0.1434419
0.1498171
0.1567548
0.1591923
0.1683801
0.1683801
0.1861932
0.1861932
0.1895683
0.1843181
0.1843181
0.1777554
0.1777554
0.1721302
0.1689427
0.1663176
0.1539422
0.1539422
0.1344416
0.1344416
0.1567548
0.1588173
0.1683801
0.1683801
0.1861932
0.1861932
0.1895683
0.1839431
0.1839431
0.1775679
0.1775679
0.1719428
0.1687552
0.1687552
0.1661301
0.1661301
0.1531922
0.1342541
0.1342541
0.1340666
0.1340666
0.1440044
0.1500046
0.1500046
0.1541297
0.1541297
0.1565673
0.1689427
0.1663176
0.1530047
0.1530047
0.1338791
0.1338791
0.1340666
0.1440044
0.1440044
0.1501921
0.1501921
0.1545047
0.1565673
0.1565673
0.1588173
0.1588173
0.1685676
0.1867557
0.1867557
0.1897558
0.1897558
0.1841306
0.1773804
0.1773804
0.1719428
0.1719428
0.1687552
0.1661301
0.1661301
0.1531922
0.1531922
0.1342541
0.1342541
0.1342541
0.1438169
0.1438169
0.1501921
0.1501921
0.1543172
0.1565673
0.1565673
0.1588173
0.1588173
0.1689427
0.1867557
0.1867557
0.1893808
0.1893808
0.1839431
0.1691302
0.1663176
0.1531922
0.1531922
0.1338791
0.1338791
0.1338791
0.1436294
0.1543172
0.1543172
0.1569423
0.1588173
0.1588173
0.1685676
0.1685676
0.1869432
0.1897558
0.1897558
0.1841306
0.1841306
0.1775679
0.1721302
0.1721302
0.1687552
0.1687552
0.1659426
0.1533797
0.1567548
0.1590049
0.1685676
0.1685676
0.1865682
0.1865682
0.1895683
0.1841306
0.1841306
0.1775679
0.1775679
0.1721302
0.1685676
0.1685676
0.1657551
0.1657551
0.1522547
0.1335041
0.1335041
0.1342541
0.1342541
0.1441919
0.1501921
0.1501921
0.1543172
0.1543172
0.1567548
0.1590049
0.1590049
0.1687552
0.1687552
0.1867557
0.1895683
0.1895683
0.1841306
0.1841306
0.1773804
0.1717553
0.1717553
0.1687552
0.1659426
0.1522547
0.1522547
0.1569423
0.1590049
0.1689427
0.1689427
0.1865682
0.1865682
0.1895683
0.1841306
0.1841306
0.1773804
0.1773804
0.1719428
0.1691302
0.1691302
0.1659426
0.1659426
0.1526297
0.1340666
0.1340666
0.1342541
0.1342541
0.1440044
0.1500046
0.1500046
0.1545047
0.1545047
0.1567548
0.1567548
0.1590049
0.1691302
0.1691302
0.1871307
0.1893808
0.1893808
0.1839431
0.1695052
0.1661301
0.1526297
0.1526297
0.1338791
0.1338791
0.1342541
0.1440044
0.1440044
0.1501921
0.1501921
0.1545047
0.1567548
0.1567548
0.1588173
0.1588173
0.1687552
0.1869432
0.1869432
0.1687552
0.1659426
0.1524422
0.1524422
0.1333166
0.1333166
0.1342541
0.1441919
0.1441919
0.1501921
0.1501921
0.1545047
0.1567548
0.1567548
0.1590049
0.1590049
0.1691302
0.1869432
0.1869432
0.1895683
0.1895683
0.1839431
0.1771929
0.1771929
0.1717553
0.1717553
0.1687552
0.1659426
0.1659426
0.1569423
0.1591923
0.1691302
0.1691302
0.1867557
0.1867557
0.1895683
0.1839431
0.1839431
0.1770054
0.1770054
0.1719428
0.1687552
0.1687552
0.1657551
0.1657551
0.1516921
0.1336916
0.1336916
0.1346291
0.1346291
0.1445669
0.1445669
0.1501921
0.1546922
0.1546922
0.1569423
0.1569423
0.1591923
0.1693177
0.1693177
0.1871307
0.1871307
0.1895683
0.1839431
0.1839431
0.1773804
0.1773804
0.1717553
0.1685676
0.1567548
0.1590049
0.1691302
0.1691302
0.1865682
0.1865682
0.1893808
0.1837556
0.1837556
0.1770054
0.1770054
0.1719428
0.1687552
0.1687552
0.1657551
0.1657551
0.1520671
0.1336916
0.1336916
0.1344416
0.1344416
0.1440044
0.1501921
0.1501921
0.1543172
0.1543172
0.1567548
0.1588173
0.1588173
0.1695052
0.1695052
0.1871307
0.1895683
0.1895683
0.1837556
0.1837556
0.1770054
0.1717553
0.1717553
0.1687552
0.1687552
0.1659426
0.1524422
0.1524422
0.1340666
0.1340666
0.1342541
0.1438169
0.1438169
0.1501921
0.1501921
0.1543172
0.1567548
0.1590049
0.1695052
0.1695052
0.1869432
0.1689427
0.1657551
0.1518796
0.1518796
0.1335041
0.1335041
0.1344416
0.1443794
0.1443794
0.1503796
0.1503796
0.1546922
0.1546922
0.1569423
0.1590049
0.1590049
0.1696927
0.1696927
0.1873182
0.1893808
0.1893808
0.1835681
0.1835681
0.1770054
0.1717553
0.1717553
0.1685676
0.1685676
0.1657551
0.1518796
0.1518796
0.1569423
0.1591923
0.1696927
0.1696927
0.1869432
0.1869432
0.1893808
0.1835681
0.1835681
0.1770054
0.1770054
0.1715677
0.1687552
0.1687552
0.1657551
0.1657551
0.1520671
0.1338791
0.1338791
0.1344416
0.1344416
0.1443794
0.1501921
0.1501921
0.1546922
0.1546922
0.1567548
0.1567548
0.1591923
0.1698802
0.1698802
0.1876932
0.1893808
0.1893808
0.1689427
0.1657551
0.1515046
0.1515046
0.1331291
0.1331291
0.1344416
0.1443794
0.1443794
0.1503796
0.1503796
0.1545047
0.1565673
0.1565673
0.1590049
0.1590049
0.1698802
0.1876932
0.1876932
0.1893808
0.1893808
0.1835681
0.1768179
0.1689427
0.1661301
0.1516921
0.1516921
0.1331291
0.1331291
0.1344416
0.1443794
0.1443794
0.1501921
0.1501921
0.1545047
0.1569423
0.1569423
0.1687552
0.1657551
0.1515046
0.1515046
0.1333166
0.1333166
0.1346291
0.1443794
0.1443794
0.1503796
0.1503796
0.1546922
0.1567548
0.1567548
0.1591923
0.1591923
0.1698802
0.1875057
0.1875057
0.1891933
0.1891933
0.1835681
0.1770054
0.1770054
0.1719428
0.1719428
0.1687552
0.1657551
0.1657551
0.1515046
0.1515046
0.1338791
0.1348166
0.1348166
0.1443794
0.1443794
0.1503796
0.1545047
0.1545047
0.1565673
0.1565673
0.1590049
0.1700677
0.1700677
0.1875057
0.1875057
0.1891933
0.1687552
0.1655675
0.1515046
0.1515046
0.1333166
0.1333166
0.1346291
0.1346291
0.1445669
0.1509421
0.1509421
0.1550672
0.1550672
0.1569423
0.1591923
0.1591923
0.1702552
0.1702552
0.1876932
0.1893808
0.1893808
0.1833806
0.1833806
0.1768179
0.1685676
0.1659426
0.1659426
0.1513171
0.1331291
0.1331291
0.1348166
0.1348166
0.1445669
0.1507546
0.1567548
0.1595674
0.1702552
0.1702552
0.1873182
0.1873182
0.1893808
0.1833806
0.1833806
0.1766304
0.1766304
0.1713802
0.1713802
0.1567548
0.1591923
0.1591923
0.1702552
0.1875057
0.1875057
0.1891933
0.1891933
0.1835681
0.1770054
0.1770054
0.1717553
0.1717553
0.1685676
0.1651925
0.1651925
0.1503796
0.1503796
0.1331291
0.1348166
0.1348166
0.1447544
0.1447544
0.1507546
0.1548797
0.1548797
0.1569423
0.1569423
0.1593799
0.1706302
0.1706302
0.1878807
0.1878807
0.1893808
0.1833806
0.1833806
0.1768179
0.1768179
0.1715677
0.1685676
0.1685676
0.1655675
0.1655675
0.1509421
0.1336916
0.1336916
0.1351916
0.1351916
0.1445669
0.1505671
0.1505671
0.1569423
0.1595674
0.1595674
0.1708177
0.1875057
0.1875057
0.1891933
0.1891933
0.1833806
0.1687552
0.1655675
0.1655675
0.1507546
0.1329416
0.1329416
0.1350041
0.1350041
0.1447544
0.1505671
0.1505671
0.1548797
0.1548797
0.1567548
0.1591923
0.1591923
0.1704427
0.1685676
0.1655675
0.1655675
0.1507546
0.1329416
0.1329416
0.1350041
0.1350041
0.1445669
0.1505671
0.1505671
0.1548797
0.1548797
0.1571298
0.1593799
0.1593799
0.1708177
0.1708177
0.1878807
0.1893808
0.1893808
0.1833806
0.1833806
0.1766304
0.1713802
0.1713802
0.1683801
0.1683801
0.1651925
0.1503796
0.1503796
0.1329416
0.1329416
0.1350041
0.1447544
0.1447544
0.1571298
0.1597549
0.1597549
0.1706302
0.1876932
0.1876932
0.1893808
0.1893808
0.1835681
0.1768179
0.1768179
0.1715677
0.1715677
0.1687552
0.1655675
0.1569423
0.1593799
0.1593799
0.1708177
0.1876932
0.1876932
0.1893808
0.1893808
0.1835681
0.1766304
0.1766304
0.1713802
0.1713802
0.1685676
0.16538
0.16538
0.1503796
0.1503796
0.1329416
0.1351916
0.1351916
0.1447544
0.1447544
0.1505671
0.1546922
0.1546922
0.1569423
0.1569423
0.1593799
0.1710052
0.1710052
0.1880682
0.1880682
0.1891933
0.1831931
0.1831931
0.1764429
0.1764429
0.1715677
0.1685676
0.1685676
0.16538
0.16538
0.1503796
0.1333166
0.1333166
0.1350041
0.1571298
0.1593799
0.1593799
0.1711927
0.1878807
0.1878807
0.1890058
0.1890058
0.1830056
0.1768179
0.1768179
0.1715677
0.1715677
0.1683801
0.1651925
0.1651925
0.1501921
0.1501921
0.1333166
0.1351916
0.1351916
0.1447544
0.1447544
0.1503796
0.1571298
0.1595674
0.1595674
0.1713802
0.1878807
0.1878807
0.1890058
0.1890058
0.1831931
0.1766304
0.1766304
0.1689427
0.1657551
0.1657551
0.1501921
0.1327541
0.1327541
0.1353791
0.1353791
0.1449419
0.1571298
0.1595674
0.1595674
0.1711927
0.1878807
0.1878807
0.1890058
0.1890058
0.1830056
0.1764429
0.1764429
0.1713802
0.1713802
0.1685676
0.1651925
0.1651925
0.1569423
0.1593799
0.1593799
0.1713802
0.1878807
0.1878807
0.1888183
0.1888183
0.1830056
0.1766304
0.1766304
0.1713802
0.1713802
0.1685676
0.1651925
0.1651925
0.1500046
0.1500046
0.1331291
0.1353791
0.1353791
0.1451294
0.1451294
0.1507546
0.1548797
0.1548797
0.1569423
0.1569423
0.1591923
0.1713802
0.1713802
0.1880682
0.1880682
0.1890058
0.1830056
0.1830056
0.1764429
0.1764429
0.1713802
0.1689427
0.1571298
0.1593799
0.1593799
0.1715677
0.1878807
0.1878807
0.1890058
0.1890058
0.1830056
0.1764429
0.1764429
0.1713802
0.1713802
0.1685676
0.1651925
0.1651925
0.1498171
0.1498171
0.1333166
0.1451294
0.1511296
0.1511296
0.1548797
0.1567548
0.1567548
0.1597549
0.1597549
0.1719428
0.1884433
0.1884433
0.1888183
0.1888183
0.1828181
0.1764429
0.1764429
0.1713802
0.1713802
0.1685676
0.165005
0.165005
0.1492546
0.1492546
0.1329416
0.1329416
0.1357542
0.1451294
0.1451294
0.1509421
0.1509421
0.1548797
0.1567548
0.1567548
0.1593799
0.1715677
0.1715677
0.1884433
0.1884433
0.1890058
0.1828181
0.1828181
0.1764429
0.1689427
0.1655675
0.1655675
0.149067
0.1325665
0.1325665
0.1357542
0.1357542
0.1451294
0.1509421
0.1509421
0.1548797
0.1569423
0.1593799
0.1593799
0.1721302
0.1878807
0.1687552
0.1651925
0.1651925
0.1492546
0.1329416
0.1329416
0.1357542
0.1357542
0.1453169
0.1511296
0.1511296
0.1548797
0.1548797
0.1569423
0.1593799
0.1593799
0.1723178
0.1723178
0.1884433
0.1886308
0.1886308
0.1826306
0.1826306
0.1762554
0.1713802
0.1713802
0.1685676
0.1685676
0.165005
0.149067
0.149067
0.1331291
0.1331291
0.1569423
0.1593799
0.1593799
0.1721302
0.1880682
0.1880682
0.1888183
0.1888183
0.1828181
0.1760679
0.1760679
0.1713802
0.1713802
0.1685676
0.165005
0.165005
0.149067
0.149067
0.1331291
0.1359416
0.1359416
0.1453169
0.1453169
0.1509421
0.1548797
0.1548797
0.1567548
0.1567548
0.1687552
0.165005
0.165005
0.1485045
0.1321915
0.1321915
0.1359416
0.1359416
0.1455045
0.1511296
0.1511296
0.1546922
0.1546922
0.1567548
0.1595674
0.1595674
0.1723178
0.1723178
0.1882558
0.1886308
0.1886308
0.1826306
0.1826306
0.1762554
0.1715677
0.1715677
0.1687552
0.1687552
0.1648175
0.1485045
0.1485045
0.1329416
0.1329416
0.1361292
0.1453169
0.1453169
0.1509421
0.1509421
0.1548797
0.1567548
0.1567548
0.1595674
0.1595674
0.1723178
0.1890058
0.1890058
0.1685676
0.165005
0.165005
0.1485045
0.1327541
0.1327541
0.1359416
0.1359416
0.1451294
0.1511296
0.1511296
0.1550672
0.1550672
0.1571298
0.1597549
0.1597549
0.1726928
0.1726928
0.1886308
0.1888183
0.1888183
0.1826306
0.1826306
0.1760679
0.1711927
0.1711927
0.1683801
0.1683801
0.1571298
0.1597549
0.1597549
0.1726928
0.1888183
0.1888183
0.1890058
0.1890058
0.1828181
0.1758804
0.1758804
0.1711927
0.1711927
0.1685676
0.165005
0.165005
0.148317
0.148317
0.1325665
0.1325665
0.1359416
0.1456919
0.1456919
0.1513171
0.1513171
0.1550672
0.1571298
0.1571298
0.1597549
0.1597549
0.1728803
0.1888183
0.1888183
0.1888183
0.1888183
0.1824431
0.1758804
0.1758804
0.1710052
0.1710052
0.1681926
0.16463
0.16463
0.148317
0.148317
0.1325665
0.1359416
0.1359416
0.1453169
0.1573173
0.1597549
0.1597549
0.1728803
0.1884433
0.1884433
0.1888183
0.1888183
0.1826306
0.1760679
0.1760679
0.1711927
0.1711927
0.1681926
0.16463
0.16463
0.1481295
0.1481295
0.1325665
0.1573173
0.1599424
0.1599424
0.1730678
0.1886308
0.1886308
0.1888183
0.1888183
0.1826306
0.1756929
0.1756929
0.1710052
0.1710052
0.1683801
0.1644425
0.1644425
0.147942
0.147942
0.132379
0.132379
0.1359416
0.1453169
0.1453169
0.1511296
0.1511296
0.1550672
0.1571298
0.1571298
0.1597549
0.1597549
0.1732553
0.1683801
0.16463
0.16463
0.147567
0.132004
0.132004
0.1359416
0.1359416
0.1455045
0.1455045
0.1513171
0.1552547
0.1552547
0.1573173
0.1573173
0.1599424
0.1732553
0.1732553
0.1890058
0.1890058
0.1886308
0.1826306
0.1826306
0.1758804
0.1758804
0.1708177
0.1681926
0.1681926
0.1644425
0.1644425
0.147567
0.1321915
0.1321915
0.1361292
0.1361292
0.1456919
0.1576923
0.1601299
0.1601299
0.1734428
0.1734428
0.1888183
0.1886308
0.1886308
0.1824431
0.1824431
0.1756929
0.1710052
0.1710052
0.1683801
0.1683801
0.164255
0.1473795
0.1575048
0.1603174
0.1603174
0.1736303
0.1890058
0.1890058
0.1888183
0.1888183
0.1822556
0.1756929
0.1756929
0.1710052
0.1710052
0.1681926
0.1681926
0.164255
0.147192
0.147192
0.1318165
0.1318165
0.1357542
0.1456919
0.1456919
0.1513171
0.1513171
0.1554422
0.1575048
0.1575048
0.1603174
0.1603174
0.1740053
0.1895683
0.1895683
0.1890058
0.1890058
0.1826306
0.1760679
0.1681926
0.164255
0.164255
0.146817
0.146817
0.131629
0.1359416
0.1359416
0.1455045
0.1455045
0.1513171
0.1550672
0.1550672
0.1576923
0.1678176
0.16388
0.16388
0.1466295
0.1466295
0.1314415
0.1357542
0.1357542
0.1456919
0.1456919
0.1515046
0.1554422
0.1554422
0.1576923
0.1576923
0.1605049
0.1741928
0.1741928
0.1897558
0.1897558
0.1890058
0.1826306
0.1826306
0.1758804
0.1758804
0.1706302
0.1676301
0.1676301
0.163505
0.163505
0.1462545
0.131254
0.131254
0.1359416
0.1359416
0.1456919
0.1456919
0.1516921
0.1556297
0.1556297
0.1576923
0.1576923
0.1605049
0.1743803
0.1743803
0.1899433
0.1899433
0.1890058
0.1822556
0.1680051
0.1636925
0.1636925
0.146067
0.146067
0.1306915
0.1357542
0.1357542
0.1456919
0.1456919
0.1515046
0.1556297
0.1556297
0.1578798
0.1578798
0.1606924
0.1745678
0.1745678
0.1899433
0.1676301
0.163505
0.163505
0.1462545
0.1462545
0.130879
0.1359416
0.1359416
0.1456919
0.1456919
0.1516921
0.1558173
0.1558173
0.1582548
0.1582548
0.1612549
0.1749428
0.1749428
0.1899433
0.1899433
0.1890058
0.1822556
0.1822556
0.1755054
0.1755054
0.1704427
0.1670676
0.1670676
0.16313
0.16313
0.146067
0.131254
0.131254
0.1580673
0.1610674
0.1610674
0.1745678
0.1745678
0.1897558
0.1888183
0.1888183
0.1820681
0.1820681
0.1755054
0.1706302
0.1706302
0.1674426
0.1674426
0.1633175
0.146067
0.146067
0.131254
0.131254
0.1361292
0.1458795
0.1458795
0.1516921
0.1516921
0.1558173
0.1582548
0.1582548
0.1672551
0.16313
0.16313
0.1456919
0.1456919
0.130879
0.1359416
0.1359416
0.1458795
0.1458795
0.1518796
0.1560048
0.1560048
0.1582548
0.1582548
0.1610674
0.1749428
0.1749428
0.1901308
0.1901308
0.1890058
0.1822556
0.1822556
0.1753179
0.1753179
0.1700677
0.1668801
0.1668801
0.1629425
0.1629425
0.1456919
0.1456919
0.131254
0.1363167
0.1363167
0.146067
0.146067
0.1518796
0.1560048
0.1560048
0.1584423
0.1584423
0.1612549
0.1751303
0.1751303
0.1901308
0.1901308
0.1890058
0.1674426
0.16313
0.16313
0.1455045
0.1455045
0.130879
0.1361292
0.1361292
0.146067
0.146067
0.1518796
0.1560048
0.1560048
0.1582548
0.1582548
0.1614424
0.1751303
0.1751303
0.1903183
0.1903183
0.1890058
0.1822556
0.1822556
0.1753179
0.1753179
0.1670676
0.16313
0.16313
0.1458795
0.1458795
0.1310665
0.1365042
0.1365042
0.1588173
0.1616299
0.1616299
0.1749428
0.1749428
0.1897558
0.1888183
0.1888183
0.1818806
0.1818806
0.1751303
0.1700677
0.1700677
0.1672551
0.1672551
0.16313
0.1456919
0.1456919
0.1314415
0.1314415
0.1582548
0.1614424
0.1614424
0.1751303
0.1751303
0.1899433
0.1888183
0.1888183
0.1820681
0.1820681
0.1753179
0.1702552
0.1702552
0.1670676
0.1670676
0.1629425
0.1453169
0.1453169
0.131254
0.131254
0.1365042
0.1458795
0.1458795
0.1518796
0.1518796
0.1560048
0.1582548
0.1614424
0.1614424
0.1756929
0.1670676
0.1629425
0.1629425
0.1453169
0.1453169
0.130879
0.1365042
0.1365042
0.146067
0.146067
0.1518796
0.1558173
0.1558173
0.1584423
0.1584423
0.1616299
0.1756929
0.1756929
0.1901308
0.1901308
0.1888183
0.1820681
0.1820681
0.1751303
0.1751303
0.1700677
0.1672551
0.1672551
0.1629425
0.1629425
0.1455045
0.131254
0.131254
0.1365042
0.1365042
0.146067
0.146067
0.1586298
0.1620049
0.1620049
0.1755054
0.1755054
0.1897558
0.1888183
0.1888183
0.1820681
0.1820681
0.1751303
0.1700677
0.1672551
0.162755
0.162755
0.1449419
0.1449419
0.130879
0.1582548
0.1616299
0.1616299
0.1758804
0.1758804
0.1899433
0.1888183
0.1888183
0.181693
0.181693
0.1749428
0.1698802
0.1698802
0.1670676
0.1670676
0.1625675
0.1449419
0.1449419
0.131254
0.131254
0.1366917
0.1520671
0.1563798
0.1563798
0.1582548
0.1582548
0.1614424
0.1758804
0.1758804
0.1901308
0.1901308
0.1886308
0.181693
0.181693
0.1749428
0.1749428
0.1700677
0.1672551
0.1672551
0.162755
0.1584423
0.1616299
0.1616299
0.1758804
0.1758804
0.1899433
0.1884433
0.1884433
0.181693
0.181693
0.1749428
0.1700677
0.1700677
0.1670676
0.1670676
0.16238
0.1445669
0.1445669
0.131254
0.131254
0.1368792
0.1462545
0.1462545
0.1518796
0.1518796
0.1558173
0.1584423
0.1584423
0.1616299
0.1616299
0.1762554
0.1762554
0.1903183
0.1886308
0.1886308
0.1818806
0.1818806
0.1751303
0.1700677
0.1700677
0.1668801
0.1668801
0.16238
0.1443794
0.1584423
0.1618174
0.1618174
0.1762554
0.1762554
0.1903183
0.1886308
0.1886308
0.1818806
0.1818806
0.1749428
0.1698802
0.1698802
0.1668801
0.1668801
0.16238
0.1443794
0.1443794
0.1310665
0.1310665
0.1365042
0.1365042
0.1462545
0.1518796
0.1518796
0.1561923
0.1561923
0.1584423
0.1616299
0.1616299
0.1764429
0.1764429
0.1903183
0.1886308
0.1886308
0.1818806
0.1672551
0.16238
0.16238
0.1440044
0.1440044
0.1306915
0.1370667
0.1370667
0.1466295
0.1466295
0.1522547
0.1561923
0.1561923
0.1586298
0.1586298
0.1618174
0.1766304
0.1766304
0.1670676
0.16238
0.16238
0.1438169
0.1438169
0.130879
0.1370667
0.1370667
0.146442
0.146442
0.1520671
0.1560048
0.1560048
0.1584423
0.1584423
0.1620049
0.1768179
0.1768179
0.1903183
0.1903183
0.1884433
0.181693
0.181693
0.1747553
0.1747553
0.1698802
0.1698802
0.1670676
0.1621924
0.1621924
0.1436294
0.1436294
0.130879
0.1370667
0.1370667
0.1466295
0.1466295
0.1588173
0.16238
0.16238
0.1768179
0.1768179
0.1901308
0.1884433
0.1884433
0.1815055
0.1815055
0.1749428
0.1698802
0.1698802
0.1584423
0.1620049
0.1620049
0.1770054
0.1770054
0.1903183
0.1886308
0.1886308
0.181693
0.181693
0.1749428
0.1749428
0.1696927
0.1668801
0.1668801
0.1620049
0.1620049
0.1438169
0.1310665
0.1310665
0.1370667
0.1370667
0.1466295
0.1524422
0.1524422
0.1561923
0.1561923
0.1584423
0.1620049
0.1620049
0.1771929
0.1771929
0.1905058
0.1886308
0.1886308
0.181318
0.181318
0.1747553
0.1696927
0.1696927
0.1668801
0.1668801
0.1620049
0.1434419
0.1434419
0.131254
0.131254
0.1376292
0.1466295
0.1466295
0.1522547
0.1522547
0.1560048
0.1668801
0.1620049
0.1620049
0.1430669
0.1430669
0.130879
0.1376292
0.1376292
0.146817
0.146817
0.1522547
0.1561923
0.1561923
0.1584423
0.1584423
0.1621924
0.1773804
0.1773804
0.1905058
0.1905058
0.1882558
0.181318
0.181318
0.1749428
0.1749428
0.1698802
0.1698802
0.1670676
0.1620049
0.1620049
0.1434419
0.1434419
0.131254
0.1376292
0.1376292
0.1466295
0.1466295
0.1522547
0.1560048
0.1560048
0.1584423
0.1584423
0.1620049
0.1775679
0.1775679
0.1906933
0.1906933
0.1882558
0.1811305
0.1811305
0.1745678
0.1745678
0.1698802
0.1668801
0.1668801
0.1584423
0.1621924
0.1621924
0.1773804
0.1773804
0.1903183
0.1903183
0.1880682
0.181318
0.181318
0.1745678
0.1745678
0.1696927
0.1668801
0.1668801
0.1620049
0.1620049
0.1432544
0.1310665
0.1310665
0.1376292
0.1376292
0.146817
0.1526297
0.1526297
0.1563798
0.1563798
0.1584423
0.1621924
0.1621924
0.1781304
0.1781304
0.1906933
0.1882558
0.1882558
0.181318
0.181318
0.1745678
0.1696927
0.1696927
0.1668801
0.1668801
0.1614424
0.1425043
0.1425043
0.1310665
0.1584423
0.1621924
0.1621924
0.1777554
0.1777554
0.1901308
0.1880682
0.1880682
0.1811305
0.1811305
0.1745678
0.1745678
0.1696927
0.1666926
0.1666926
0.1614424
0.1614424
0.1426919
0.131254
0.131254
0.1380042
0.1380042
0.1470045
0.1524422
0.1524422
0.1560048
0.1560048
0.1584423
0.16238
0.16238
0.1781304
0.1670676
0.1616299
0.1616299
0.1425043
0.1425043
0.130879
0.1378167
0.1378167
0.146817
0.146817
0.1522547
0.1560048
0.1560048
0.1584423
0.1584423
0.1625675
0.178318
0.178318
0.1906933
0.1906933
0.1882558
0.180943
0.180943
0.1743803
0.1743803
0.1696927
0.1666926
0.1666926
0.1614424
0.1614424
0.1425043
0.1425043
0.131254
0.1381917
0.1381917
0.1470045
0.1470045
0.1588173
0.1625675
0.1625675
0.178318
0.178318
0.1901308
0.1878807
0.1878807
0.1807555
0.1807555
0.1743803
0.1743803
0.1666926
0.1612549
0.1612549
0.1421293
0.1421293
0.130879
0.1584423
0.16238
0.16238
0.178318
0.178318
0.1905058
0.1880682
0.1880682
0.180943
0.180943
0.1743803
0.1743803
0.1696927
0.1670676
0.1670676
0.1612549
0.1612549
0.1419418
0.1310665
0.1310665
0.1378167
0.1378167
0.146817
0.1524422
0.1524422
0.1560048
0.1560048
0.1584423
0.1625675
0.1625675
0.1788805
0.1788805
0.1666926
0.1610674
0.1610674
0.1413793
0.1413793
0.1306915
0.1306915
0.1383792
0.147192
0.147192
0.1528172
0.1563798
0.1563798
0.1586298
0.1586298
0.162755
0.178693
0.178693
0.1906933
0.1906933
0.1878807
0.1807555
0.1807555
0.1743803
0.1743803
0.1695052
0.1695052
0.1665051
0.1608799
0.1608799
0.1415668
0.1415668
0.1588173
0.1588173
0.162755
0.178693
0.178693
0.1905058
0.1905058
0.1876932
0.1807555
0.1807555
0.1741928
0.1741928
0.1695052
0.1668801
0.1668801
0.1608799
0.1608799
0.1415668
0.1310665
0.1310665
0.1383792
0.1383792
0.147192
0.1528172
0.1528172
0.1563798
0.1563798
0.1584423
0.162755
0.162755
0.179068
0.179068
0.1908808
0.1670676
0.1670676
0.1608799
0.1410043
0.1410043
0.130879
0.130879
0.1385667
0.147192
0.147192
0.1528172
0.1528172
0.1563798
0.1588173
0.1588173
0.1629425
0.1629425
0.1792555
0.1906933
0.1906933
0.1876932
0.1876932
0.180568
0.1740053
0.1740053
0.1695052
0.1695052
0.1670676
0.1608799
0.1586298
0.1586298
0.1629425
0.1792555
0.1792555
0.1905058
0.1905058
0.1876932
0.1807555
0.1807555
0.1740053
0.1740053
0.1695052
