0.1314415
0.1408168
0.1485045
0.1485045
0.1537547
0.1537547
0.1569423
0.1591923
0.1591923
0.1659426
0.1659426
0.1846931
0.1916308
0.1916308
0.1865682
0.1865682
0.179443
0.1728803
0.1728803
0.1687552
0.1687552
0.1661301
0.1661301
0.1578798
0.1376292
0.1376292
0.1318165
0.1318165
0.1398793
0.1481295
0.1481295
0.1537547
0.1537547
0.1569423
0.1595674
0.1595674
0.1657551
0.1657551
0.1841306
0.1841306
0.1914433
0.1865682
0.1865682
0.1792555
0.1792555
0.1726928
0.1687552
0.1687552
0.1663176
0.1663176
0.131629
0.1408168
0.1408168
0.1485045
0.1485045
0.1535672
0.1571298
0.1571298
0.1595674
0.1595674
0.1659426
0.1843181
0.1843181
0.1314415
0.1402543
0.1402543
0.148317
0.148317
0.1535672
0.1569423
0.1569423
0.1593799
0.1593799
0.1655675
0.1841306
0.1841306
0.1916308
0.1916308
0.1865682
0.1865682
0.1792555
0.1728803
0.1728803
0.1687552
0.1687552
0.1663176
0.1573173
0.1573173
0.1368792
0.1368792
0.1314415
0.1314415
0.1406293
0.148692
0.148692
0.1539422
0.1539422
0.1571298
0.1593799
0.1593799
0.1657551
0.1657551
0.1841306
0.1916308
0.1916308
0.1867557
0.1867557
0.1792555
0.1792555
0.1728803
0.1689427
0.1689427
0.1663176
0.1318165
0.1411918
0.1411918
0.148692
0.148692
0.1539422
0.1569423
0.1569423
0.1593799
0.1593799
0.1655675
0.1655675
0.1839431
0.1916308
0.1916308
0.1867557
0.131629
0.1406293
0.1406293
0.148317
0.148317
0.1535672
0.1569423
0.1569423
0.1593799
0.1593799
0.1655675
0.1655675
0.1841306
0.1918184
0.1918184
0.1867557
0.1867557
0.179443
0.1728803
0.1728803
0.1687552
0.1687552
0.1663176
0.1576923
0.1576923
0.1370667
0.1370667
0.1314415
0.1314415
0.1406293
0.1485045
0.1485045
0.1537547
0.1537547
0.1571298
0.1591923
0.1591923
0.1651925
0.1651925
0.1835681
0.1918184
0.1871307
0.1871307
0.179818
0.132004
0.1387542
0.1387542
0.147567
0.147567
0.1530047
0.1569423
0.1569423
0.1591923
0.1591923
0.1648175
0.1648175
0.1831931
0.1916308
0.1916308
0.1869432
0.1869432
0.179443
0.1732553
0.1732553
0.1689427
0.1689427
0.1665051
0.1665051
0.1588173
0.1389417
0.1389417
0.131629
0.131629
0.1389417
0.1477545
0.1477545
0.1535672
0.1535672
0.1569423
0.1918184
0.1869432
0.1869432
0.1792555
0.1792555
0.1726928
0.1689427
0.1689427
0.1663176
0.1663176
0.1586298
0.1381917
0.1381917
0.131629
0.131629
0.1396918
0.1396918
0.1481295
0.1535672
0.1535672
