0.1571298
0.1571298
0.1593799
0.1593799
0.1661301
0.1845056
0.1845056
0.1905058
0.131629
0.131629
0.1417543
0.1417543
0.148692
0.148692
0.1541297
0.1571298
0.1571298
0.1593799
0.1593799
0.1663176
0.1845056
0.1845056
0.1903183
0.1903183
0.1852557
0.1777554
0.1777554
0.1715677
0.1715677
0.1676301
0.1676301
0.165005
0.1552547
0.1552547
0.1351916
0.1351916
0.1314415
0.1411918
0.1411918
0.149067
0.149067
0.1543172
0.1543172
0.1571298
0.1593799
0.1593799
0.1661301
0.1661301
0.1846931
0.1905058
0.1905058
0.1854432
0.1353791
0.131629
0.1485045
0.1545047
0.1545047
0.1575048
0.1593799
0.1593799
0.1665051
0.1665051
0.1846931
0.1905058
0.1905058
0.1852557
0.1852557
0.1779429
0.1779429
0.1713802
0.1674426
0.1674426
0.1644425
0.1644425
0.1550672
0.1350041
0.1350041
0.1314415
0.1314415
0.1411918
0.1411918
0.148692
0.1541297
0.1541297
0.1573173
0.1573173
0.1597549
0.1661301
0.1661301
0.1845056
0.1845056
0.1906933
0.1906933
0.1852557
0.1777554
0.1777554
0.1715677
0.1715677
0.1353791
0.131254
0.1415668
0.1415668
0.148692
0.148692
0.1541297
0.1575048
0.1575048
0.1597549
0.1597549
0.1665051
0.1848806
0.1848806
0.1906933
0.1906933
0.1858182
0.1858182
0.1781304
0.1715677
0.1715677
0.1353791
0.131629
0.1413793
0.1413793
0.1485045
0.1485045
0.1541297
0.1573173
0.1573173
0.1597549
0.1597549
0.1661301
0.1841306
0.1841306
0.1908808
0.1908808
0.1856307
0.1856307
0.1779429
0.1715677
0.1715677
0.1674426
0.1368792
0.131629
0.1406293
0.1406293
0.148317
0.148317
0.1541297
0.1573173
0.1573173
0.1597549
0.1597549
0.1661301
0.1841306
0.1841306
0.1903183
0.1903183
0.1852557
0.1852557
0.1779429
0.1365042
0.131629
0.1402543
0.1402543
0.1481295
0.1481295
0.1539422
0.1571298
0.1571298
0.1597549
0.1597549
0.1661301
0.1841306
0.1841306
0.1908808
0.1908808
0.1856307
0.1856307
0.178318
0.1715677
0.1715677
0.1670676
0.1670676
0.16463
0.1563798
0.1563798
0.1366917
0.1366917
0.1314415
0.1402543
0.1837556
0.1906933
0.1854432
0.1854432
0.1779429
0.1779429
0.1719428
0.1676301
0.1676301
0.16463
0.16463
0.1556297
0.1556297
0.1353791
0.1310665
0.1310665
0.1413793
0.1413793
0.148692
0.1541297
0.1541297
0.1575048
0.1575048
0.1597549
0.1657551
0.1657551
0.1839431
0.1839431
0.1908808
0.1908808
0.1856307
0.1781304
0.1781304
0.1717553
0.1717553
0.1674426
0.16463
0.16463
0.1558173
0.1558173
0.1353791
0.1841306
0.1910683
0.1856307
0.1856307
0.1777554
0.1777554
0.1715677
0.1672551
0.1672551
0.16463
0.16463
0.1563798
0.1563798
0.1365042
0.1314415
0.1314415
0.1404418
0.1404418
0.1485045
0.1541297
0.1541297
0.1575048
0.1575048
0.1595674
0.1595674
0.1659426
0.1839431
0.1839431
0.1906933
0.1906933
0.1856307
0.178318
0.178318
0.1717553
0.1717553
0.1676301
0.1648175
0.1648175
0.1567548
0.1567548
0.1368792
0.1368792
0.1314415
0.1400668
0.1400668
0.148317
0.148317
0.1539422
0.1573173
0.1839431
0.1908808
0.1858182
0.1858182
0.1779429
0.1779429
0.1717553
0.1676301
0.1676301
0.1648175
0.1648175
0.1571298
0.1571298
0.1374417
0.131629
0.131629
0.1400668
0.1400668
0.148317
0.1539422
0.1837556
0.1908808
0.1856307
0.1856307
0.1781304
0.1781304
0.1715677
0.1674426
0.1674426
0.1648175
0.1648175
0.1565673
0.1565673
0.1365042
0.1310665
0.1310665
0.1406293
0.1406293
0.1485045
0.1539422
0.1539422
0.1573173
0.1573173
0.1597549
0.1655675
0.1831931
0.1910683
0.1861932
0.1861932
0.1777554
0.1777554
0.1715677
0.1355666
0.1314415
0.1411918
0.1411918
0.148317
0.148317
0.1541297
0.1541297
0.1576923
0.1595674
0.1595674
0.16538
0.16538
0.1831931
0.1910683
0.1910683
0.1860057
0.1860057
0.1785054
0.1785054
0.1719428
0.1676301
0.1676301
0.1648175
0.1648175
0.1380042
0.1318165
0.1396918
0.1396918
0.147567
0.147567
0.1539422
0.1539422
0.1571298
0.1833806
0.1908808
0.1858182
0.1858182
0.1781304
0.1781304
0.1719428
0.1719428
0.1678176
0.1648175
0.1648175
0.1575048
0.1575048
0.1381917
0.131629
0.131629
0.1830056
0.1906933
0.1858182
0.1858182
0.1779429
0.1779429
0.1715677
0.1715677
0.1674426
0.1648175
0.1648175
0.1573173
0.1573173
0.1378167
0.131629
0.131629
0.1398793
0.1398793
0.1481295
0.1481295
0.1537547
0.1569423
0.1569423
0.1593799
0.1593799
0.1651925
0.1828181
0.1828181
0.1908808
0.1908808
0.1860057
0.1860057
0.1785054
0.1717553
0.1717553
0.1678176
0.1678176
0.165005
0.1576923
0.1576923
0.1378167
0.1314415
0.1396918
0.1826306
0.1908808
0.1858182
0.1858182
0.1781304
0.1781304
0.1719428
0.1719428
0.1678176
0.1651925
0.1651925
0.1578798
0.1578798
0.1383792
0.131629
0.131629
0.1389417
0.1389417
0.1477545
0.1477545
0.1535672
0.1569423
0.1569423
0.1593799
0.1593799
0.165005
0.1826306
0.1826306
0.1906933
0.1906933
0.1860057
0.1785054
0.1785054
0.1721302
0.1721302
0.1680051
0.1680051
0.1651925
0.1385667
0.132004
0.1391292
0.1391292
0.1473795
0.1473795
0.1535672
0.1535672
0.1571298
0.1593799
0.1826306
0.1910683
0.1860057
0.1860057
0.1781304
0.1781304
0.1719428
0.1719428
0.1676301
0.165005
0.165005
0.1580673
0.1580673
0.1826306
0.1906933
0.1860057
0.1860057
0.178318
0.178318
0.1719428
0.1719428
0.1678176
0.1651925
0.1651925
0.1576923
0.1576923
0.1383792
0.1314415
0.1314415
0.1391292
0.1391292
0.1477545
0.1535672
0.1535672
0.1571298
0.1571298
0.1595674
0.1595674
0.165005
0.1824431
0.1824431
0.1905058
0.1905058
0.1858182
0.1785054
0.1785054
0.1721302
0.1721302
0.1678176
0.1651925
0.1651925
0.1578798
0.1578798
0.1380042
0.1380042
0.1314415
0.1396918
0.1396918
0.147942
0.147942
0.1537547
0.1569423
0.1569423
0.1593799
0.1824431
0.1910683
0.1861932
0.1861932
0.1781304
0.1781304
0.1721302
0.1721302
0.1680051
0.165005
0.165005
0.1580673
0.1580673
0.1822556
0.1906933
0.1861932
0.1861932
0.1785054
0.1785054
0.1723178
0.1723178
0.1680051
0.1651925
0.1651925
0.1580673
0.1580673
0.1391292
0.1318165
0.1318165
0.1389417
0.1389417
0.147567
0.147567
0.1535672
0.1569423
0.1569423
0.1593799
0.1593799
0.1644425
0.181693
0.181693
0.1903183
0.1903183
0.1858182
0.178693
0.178693
0.1725053
0.1725053
0.1680051
0.16538
0.16538
0.1584423
0.1584423
0.1391292
0.1391292
0.1318165
0.1387542
0.1387542
0.147567
0.147567
0.1533797
0.1567548
0.1567548
0.1591923
0.1591923
0.1644425
0.1822556
0.1395043
0.132004
0.1385667
0.1385667
0.1470045
0.1470045
0.1530047
0.1530047
0.1567548
0.1590049
0.1590049
0.1644425
0.1644425
0.1820681
0.1906933
0.1906933
0.1863807
0.1863807
0.1788805
0.1723178
0.1723178
0.1680051
0.1680051
0.1655675
0.1584423
0.1584423
0.1393167
0.1393167
0.1318165
0.1318165
0.1385667
0.1473795
0.1473795
0.1531922
0.1531922
0.1565673
0.1588173
0.1588173
0.1644425
0.1644425
0.1820681
0.1820681
0.1905058
0.1863807
0.1863807
0.1788805
0.1788805
0.1725053
0.1680051
0.1398793
0.132004
0.132004
0.1387542
0.1470045
0.1470045
0.1531922
0.1531922
0.1565673
0.1590049
0.1590049
0.16463
0.16463
0.1818806
0.1906933
0.1906933
0.1861932
0.1861932
0.178693
0.1723178
0.1723178
0.1396918
0.131629
0.131629
0.1383792
0.1470045
0.1470045
0.1530047
0.1530047
0.1565673
0.1588173
0.1588173
0.1644425
0.1644425
0.1818806
0.1908808
0.1908808
0.1863807
0.1863807
0.1788805
0.1788805
0.1725053
0.1680051
0.1396918
0.1318165
0.1318165
0.1385667
0.146817
0.146817
0.1530047
0.1530047
0.1563798
0.1588173
0.1588173
0.164255
0.164255
0.181693
0.1905058
0.1905058
0.1863807
0.1863807
0.179068
0.179068
0.1725053
0.1396918
0.131629
0.131629
0.1381917
0.146817
0.146817
0.1530047
0.1530047
0.1565673
0.1590049
0.1590049
0.164255
0.164255
0.181693
0.1906933
0.1906933
0.1865682
0.1865682
0.1792555
0.1726928
0.1726928
0.1683801
0.1683801
0.1655675
0.1396918
0.132004
0.132004
0.1385667
0.146817
0.146817
0.1530047
0.1530047
0.1565673
0.1590049
0.1590049
0.164255
0.164255
0.1383792
0.130879
0.130879
0.1391292
0.147192
0.147192
0.1530047
0.1530047
0.1565673
0.1591923
0.1591923
0.164255
0.164255
0.181693
0.1905058
0.1905058
0.1860057
0.1860057
0.1788805
0.1788805
0.1725053
0.1681926
0.1681926
0.16538
0.16538
0.1582548
0.1385667
0.1385667
0.1314415
0.1314415
0.1393167
0.1477545
0.1567548
0.1567548
0.1593799
0.1593799
0.164255
0.181693
0.181693
0.1906933
0.1906933
0.1863807
0.179068
0.179068
0.1725053
0.1725053
0.1681926
0.1681926
0.16538
0.1588173
0.1588173
0.1398793
0.1398793
0.131629
0.1381917
0.1381917
0.1470045
0.1470045
0.1531922
0.1567548
0.1567548
0.1590049
0.1590049
0.1640675
0.1640675
0.181693
0.1395043
0.131629
0.131629
0.1385667
0.146817
0.146817
0.1530047
0.1530047
0.1563798
0.1588173
0.1588173
0.16388
0.16388
0.181318
0.181318
0.1906933
0.1865682
0.1865682
0.179068
0.179068
0.1726928
0.1683801
0.1683801
0.1655675
0.1655675
0.1588173
0.1395043
0.1395043
0.1314415
0.1314415
0.1383792
0.1383792
0.147192
0.1530047
0.1530047
0.1563798
0.1563798
0.1588173
0.16388
0.16388
0.1815055
0.1815055
0.1910683
0.1865682
0.1865682
0.179068
0.179068
0.1726928
0.1683801
0.1683801
0.1657551
0.1657551
0.1588173
0.1398793
0.131629
0.131629
0.1385667
0.1470045
0.1815055
0.1906933
0.1906933
0.1863807
0.178693
0.178693
0.1728803
0.1728803
0.1685676
0.1657551
0.1657551
0.1586298
0.1586298
0.1393167
0.1393167
0.1314415
0.1385667
0.1385667
0.147192
0.147192
0.1530047
0.1565673
0.1565673
0.1586298
0.1586298
0.1640675
0.181318
0.181318
0.1905058
0.1905058
0.1865682
0.1865682
0.1396918
0.131629
0.131629
0.1383792
0.1466295
0.1466295
0.1530047
0.1530047
0.1565673
0.1590049
0.1590049
0.16388
0.16388
0.181318
0.181318
0.1906933
0.1867557
0.1867557
0.1792555
0.1792555
0.1726928
0.1683801
0.1683801
0.1657551
0.1657551
0.1590049
0.1396918
0.1396918
0.131254
0.131254
0.1385667
0.1385667
0.147192
0.1533797
0.1533797
0.181318
0.1908808
0.1908808
0.1865682
0.178693
0.178693
0.1725053
0.1725053
0.1683801
0.1657551
0.1657551
0.1590049
0.1590049
