1.64855
1.64855
1.64855
1.64855
1.64855
1.648363
1.64855
1.64855
1.64855
1.64855
1.64855
1.648363
1.64855
1.64855
1.64855
1.648738
1.64855
1.64855
1.64855
1.648925
1.649488
1.65005
1.6508
1.651363
1.651363
1.65155
1.651363
1.650988
1.650613
1.650238
1.65005
1.649675
1.649488
1.649488
1.649863
1.650425
1.651175
1.651738
1.652113
1.652675
1.652675
1.652675
1.652675
1.652863
1.652863
1.652863
1.652863
1.652863
1.652863
1.652863
1.652675
1.652488
1.6523
1.6523
1.651925
1.65155
1.651363
1.650988
1.650613
1.649863
1.649863
1.65005
1.650238
1.651175
1.65155
1.65155
1.651738
1.651175
1.651175
1.650988
1.650613
1.650238
1.650613
1.651363
1.652113
1.6523
1.652488
1.652488
1.6523
1.651925
1.65155
1.651175
1.6508
1.650238
1.65005
1.649863
1.649675
1.649675
1.649863
1.649675
1.6493
1.649675
1.650238
1.650988
1.651738
1.6523
1.652675
1.653238
1.653613
1.653613
1.653238
1.653238
1.652675
1.6523
1.652113
1.651738
1.651363
1.65155
1.651175
1.6508
1.6508
1.650425
1.65005
1.65005
1.650425
1.651175
1.651175
1.651175
1.651175
1.65155
1.6523
1.65305
1.6538
1.654363
1.654738
1.654926
1.655301
1.655488
1.655676
1.655676
1.655863
1.656613
1.656801
1.656801
1.656988
1.656613
1.656801
1.656426
1.656613
1.656613
1.656613
1.656426
1.656238
1.656238
1.656238
1.656051
1.655488
1.655301
1.655301
1.655676
1.655676
1.656051
1.656613
1.656801
1.657363
1.657738
1.658113
1.658301
1.658113
1.658113
1.658113
1.658113
1.658113
1.657551
1.657551
1.657176
1.656988
1.656801
1.656613
1.656238
1.655676
1.654926
1.653988
1.654176
1.655113
1.655488
1.655676
1.655863
1.655863
1.655863
1.655863
1.656051
1.655676
1.655863
1.656051
1.656051
1.655863
1.655488
1.655113
1.654551
1.653988
1.653425
1.652113
1.650613
1.6493
1.64855
1.648925
1.649488
1.649488
1.650238
1.65155
1.652113
1.652863
1.652488
1.6523
1.6523
1.6523
1.653238
1.654363
1.655488
1.656051
1.656238
1.656238
1.657363
1.658301
1.658863
1.659051
1.659613
1.659801
1.659801
1.659613
1.659801
1.659801
1.659801
1.659426
1.659051
1.659051
1.658863
1.658676
1.658301
1.658113
1.657926
1.657926
1.657926
1.658113
1.658113
1.658113
1.658113
1.658301
1.658113
1.658113
1.658113
1.658301
1.657738
1.657551
1.657363
1.657176
1.657176
1.657176
1.657363
1.657738
1.658113
1.658488
1.658863
1.659426
1.659801
1.659988
1.660176
1.660363
1.660551
1.660176
1.660176
1.660176
1.660176
1.660176
1.659801
1.659801
1.659801
1.659988
1.659801
1.659801
1.659613
1.659988
1.659988
1.659801
1.659801
1.659613
1.659613
1.659613
1.659426
1.659613
1.659426
1.659613
1.659238
1.659238
1.659238
1.659613
1.659801
1.659613
1.659613
1.659613
1.659801
1.659988
1.660176
1.659988
1.659988
1.659988
1.659613
1.659426
1.659613
1.659426
1.659238
1.659051
1.658676
1.658488
1.658301
1.657926
1.657551
1.657176
1.656238
1.655301
1.653988
1.652675
1.649675
1.6478
1.647613
1.647238
1.646488
1.646488
1.645925
1.6463
1.645738
1.645925
1.645738
1.645925
1.645925
1.645738
1.645738
1.645925
1.645738
1.645738
1.645738
1.645738
1.64555
1.645738
1.645738
1.645925
1.646113
1.645925
1.646113
1.646113
1.645925
1.645738
1.646113
1.645738
1.645925
1.645738
1.645925
1.645738
1.645738
1.645738
1.645925
1.645738
1.645738
1.645925
1.645925
1.645738
1.645738
1.645738
1.64555
1.64555
1.645738
1.64555
1.64555
1.645925
1.645738
1.645738
1.645738
1.645738
1.645738
1.645738
1.645738
1.645925
1.645738
1.645738
1.645738
1.64555
1.646113
1.647238
1.645738
1.645738
1.645738
1.645738
1.64555
1.64555
1.64555
1.64555
1.64555
1.64555
1.645363
1.645363
1.64555
1.64555
1.64555
1.645363
1.64555
1.645363
1.64555
1.64555
1.645175
1.64555
1.645363
1.645363
1.64555
1.64555
1.645363
1.64555
1.64555
1.64555
1.64555
1.64555
1.64555
1.645738
1.64555
1.645738
1.64555
1.645738
1.645738
1.645738
1.64555
1.645738
1.64555
1.645738
1.645738
1.645738
1.645738
1.645925
1.645738
1.645925
1.645738
1.645738
1.645738
1.645738
1.645925
1.645925
1.645925
1.646113
1.645738
1.645738
1.645738
1.645925
1.645925
1.645925
1.645925
1.645925
1.645925
1.645738
1.645925
1.645925
1.645738
1.645738
1.645738
1.645738
1.645925
1.645925
1.645738
1.645738
1.645925
1.645925
1.645738
1.645925
1.645925
1.645738
1.645925
1.645925
1.646113
1.646113
1.645925
1.645925
1.645925
1.645925
1.645925
1.645925
1.645925
1.645738
1.645925
1.645925
1.645738
1.645925
1.645925
1.645925
1.645738
1.645925
1.645925
1.645738
1.645738
1.645738
1.645925
1.645925
1.645738
1.645925
1.645925
1.645738
1.645738
1.645738
1.645738
1.645925
1.645925
1.646113
1.646113
1.645738
1.645925
1.645738
1.645925
1.645738
1.646113
1.645925
1.645925
1.645738
1.645738
1.645738
1.645925
1.645738
1.645738
1.645738
1.64555
1.645738
1.645738
1.645925
1.645738
1.645738
1.645738
1.645738
1.645738
1.645738
1.645738
1.645738
1.645925
1.645925
1.645738
1.645738
1.645738
1.645925
1.645738
1.645738
1.645738
1.645925
1.645925
1.645738
1.645738
1.645738
1.645738
1.645738
1.64555
1.645738
1.645925
1.645738
1.645738
1.645738
1.645925
1.645738
1.645738
1.645925
1.645925
1.645925
1.645738
1.645925
1.645925
1.645925
1.646113
1.645925
1.645925
1.645925
1.645925
1.645925
1.645738
1.645738
1.646113
1.645925
1.645925
1.645925
1.645738
1.645925
1.645925
1.646113
1.645925
1.645925
1.645738
1.645738
1.645925
1.645925
1.645925
1.645738
1.645925
1.645925
1.645925
1.645925
1.645925
1.645738
1.645925
1.645738
1.645925
1.645925
1.645925
1.645925
1.645925
1.645925
1.646113
1.646113
1.645925
1.646113
1.646113
1.645925
1.645925
1.646113
1.645925
1.646113
1.646113
1.6463
1.645925
1.645925
1.646113
1.646113
1.645925
1.646113
1.646113
1.646113
1.645925
1.646113
1.646113
1.646113
1.646113
1.646113
1.646113
1.646113
1.645925
1.646113
1.646113
1.646113
1.646113
1.646113
1.646113
1.646113
1.646113
1.646113
1.646113
1.646113
1.644613
1.646113
1.646113
1.646113
1.646113
1.646113
1.6463
1.6463
1.646113
1.646113
1.646113
1.646113
1.646113
1.646113
1.6463
1.6463
1.6463
1.6463
1.646113
1.646113
1.646113
1.646113
1.646113
1.6463
1.6463
1.646113
1.646113
1.646113
1.6463
1.646113
1.646113
1.6463
1.6463
1.646113
1.646113
1.6463
1.6463
1.646113
1.6463
1.646113
1.645925
1.6463
1.646113
1.6463
1.6463
1.646113
1.646113
1.646113
1.646113
1.646113
1.6463
1.646113
1.646113
1.646113
1.646113
1.6463
1.646113
1.6463
1.646113
1.6463
1.646113
1.646113
1.646113
1.646113
1.646113
1.6463
1.6463
1.6463
1.646113
1.646113
1.646113
1.6463
1.646113
1.646113
1.6463
1.6463
1.646113
1.646113
1.6463
1.646113
1.646113
1.645925
1.646113
1.646113
1.645925
1.645925
1.6463
1.646113
1.646113
1.6463
1.645925
1.646113
1.646113
1.646113
1.646113
1.646113
1.646113
1.6463
1.646113
1.646113
1.646113
1.646113
1.646113
1.646113
1.646113
1.645925
1.646113
1.646113
1.645925
1.646113
1.646113
1.646113
1.646113
1.646113
1.646113
1.646113
1.646113
1.646113
1.6463
1.646113
1.646113
1.646113
1.646113
1.6463
1.646113
1.646113
1.646113
1.646113
1.646113
1.646113
1.6463
1.6463
1.646113
1.646113
1.646113
1.646113
1.646113
1.645925
1.646113
1.646113
1.646113
1.646113
1.645925
1.646113
1.6463
1.646113
1.646113
1.646113
1.646113
1.6463
1.646113
1.646113
1.646113
1.646113
1.6463
1.646113
1.646113
1.645925
1.645925
1.645925
1.645925
1.645925
1.645925
