1.6391
1.6391
1.6391
1.6391
1.6391
1.6391
1.6391
1.6391
1.6423
1.6423
1.6423
1.6423
1.6423
1.6423
1.6423
1.6423
1.6476
1.6476
1.6476
1.6476
1.6476
1.6476
1.6476
1.6476
1.6224
1.6224
1.6224
1.6224
1.6224
1.6224
1.6224
1.6224
1.6404
1.6404
1.6404
1.6404
1.6404
1.6404
1.6404
1.6404
1.6421
1.6421
1.6421
1.6421
1.6421
1.6421
1.6421
1.6421
1.6264
1.6264
1.6264
1.6264
1.6264
1.6264
1.6264
1.6264
1.6444
1.6444
1.6444
1.6444
1.6444
1.6444
1.6444
1.6444
1.6395
1.6395
1.6395
1.6395
1.6395
1.6395
1.6395
1.6395
1.6296
1.6296
1.6296
1.6296
1.6296
1.6296
1.6296
1.6296
1.6438
1.6438
1.6438
1.6438
1.6438
1.6438
1.6438
1.6438
1.6386
1.6386
1.6386
1.6386
1.6386
1.6386
1.6386
1.6386
1.632
1.632
1.632
1.632
1.6487
1.6487
1.6487
1.6487
1.6487
1.6487
1.6487
1.6487
1.6406
1.6406
1.6406
1.6406
1.6406
1.6406
1.6406
1.6406
1.653
1.653
1.653
1.653
1.653
1.653
1.653
1.653
1.6213
1.6213
1.6213
1.6213
1.6213
1.6213
1.6213
1.6213
1.6419
1.6419
1.6419
1.6419
1.6419
1.6419
1.6419
1.6419
1.6464
1.6464
1.6464
1.6464
1.6464
1.6464
1.6464
1.6464
1.623
1.623
1.623
1.623
1.623
1.623
1.623
1.623
1.6412
1.6412
1.6412
1.6412
1.6412
1.6412
1.6412
1.6412
1.6414
1.6414
1.6414
1.6414
1.6414
1.6414
1.6414
1.6414
1.6273
1.6273
1.6273
1.6273
1.6273
1.6273
1.6273
1.6273
1.6417
1.6417
1.6417
1.6417
1.6417
1.6417
1.6417
1.6417
1.6391
1.6391
1.6391
1.6391
1.6391
1.6391
1.6391
1.6391
1.6307
1.6307
1.6307
1.6307
1.6477
1.6477
1.6477
1.6477
1.6477
1.6477
1.6477
1.6477
1.6401
1.6401
1.6401
1.6401
1.6401
1.6401
1.6401
1.6401
1.653
1.653
1.653
1.653
1.653
1.653
1.653
1.653
1.6202
1.6202
1.6202
1.6202
1.6202
1.6202
1.6202
1.6202
1.6386
1.6386
1.6386
1.6386
1.6386
1.6386
1.6386
1.6386
1.6477
1.6477
1.6477
1.6477
1.6477
1.6477
1.6477
1.6477
1.6217
1.6217
1.6217
1.6217
1.6217
1.6217
1.6217
1.6217
1.6416
1.6416
1.6416
1.6416
1.6416
1.6416
1.6416
1.6416
1.6419
1.6419
1.6419
1.6419
1.6419
1.6419
1.6419
1.6419
1.6258
1.6258
1.6258
1.6258
1.6258
1.6258
1.6258
1.6258
1.6455
1.6455
1.6455
1.6455
1.6455
1.6455
1.6455
1.6455
1.6397
1.6397
1.6397
1.6397
1.6397
1.6397
1.6397
1.6397
1.6286
1.6286
1.6286
1.6286
1.6432
1.6432
1.6432
1.6432
1.6432
1.6432
1.6432
1.6432
1.6399
1.6399
1.6399
1.6399
1.6399
1.6399
1.6399
1.6399
1.6496
1.6496
1.6496
1.6496
1.6496
1.6496
1.6496
1.6496
1.6178
1.6178
1.6178
1.6178
1.6178
1.6178
1.6178
1.6178
1.6395
1.6395
1.6395
1.6395
1.6395
1.6395
1.6395
1.6395
1.6448
1.6448
1.6448
1.6448
1.6448
1.6448
1.6448
1.6448
1.6241
1.6241
1.6241
1.6241
1.6241
1.6241
1.6241
1.6241
1.6446
1.6446
1.6446
1.6446
1.6446
1.6446
1.6446
1.6446
1.6408
1.6408
1.6408
1.6408
1.6408
1.6408
1.6408
1.6408
1.6281
1.6281
1.6281
1.6281
1.6281
1.6281
1.6281
1.6281
1.6455
1.6455
1.6455
1.6455
1.6455
1.6455
1.6455
1.6455
1.6387
1.6387
1.6387
1.6387
1.6387
1.6387
1.6387
1.6387
1.6305
1.6305
1.6305
1.6305
1.6493
1.6493
1.6493
1.6493
1.6493
1.6493
1.6493
1.6493
1.6419
1.6419
1.6419
1.6419
1.6419
1.6419
1.6419
1.6419
1.647
1.647
1.647
1.647
1.647
1.647
1.647
1.647
1.6224
1.6224
1.6224
1.6224
1.6224
1.6224
1.6224
1.6224
1.6427
1.6427
1.6427
1.6427
1.6427
1.6427
1.6427
1.6427
1.6431
1.6431
1.6431
1.6431
1.6431
1.6431
1.6431
1.6431
1.6258
1.6258
1.6258
1.6258
1.6258
1.6258
1.6258
1.6258
1.6451
1.6451
1.6451
1.6451
1.6451
1.6451
1.6451
1.6451
1.6395
1.6395
1.6395
1.6395
1.6395
1.6395
1.6395
1.6395
1.6303
1.6303
1.6303
1.6303
1.6303
1.6303
1.6303
1.6303
1.6479
1.6479
1.6479
1.6479
1.6479
1.6479
1.6479
1.6479
1.6391
1.6391
1.6391
1.6391
1.6391
1.6391
1.6391
1.6391
1.6309
1.6309
1.6309
1.6309
1.6511
1.6511
1.6511
1.6511
1.6511
1.6511
1.6511
1.6511
1.641
1.641
1.641
1.641
1.641
1.641
1.641
1.641
1.6562
1.6562
1.6562
1.6562
1.6562
1.6562
1.6562
1.6562
1.6221
1.6221
1.6221
1.6221
1.6221
1.6221
1.6221
1.6221
1.6419
1.6419
1.6419
1.6419
1.6419
1.6419
1.6419
1.6419
1.6485
1.6485
1.6485
1.6485
1.6485
1.6485
1.6485
1.6485
1.6215
1.6215
1.6215
1.6215
1.6215
1.6215
1.6215
1.6215
1.6434
1.6434
1.6434
1.6434
1.6434
1.6434
1.6434
1.6434
1.6436
1.6436
1.6436
1.6436
1.6436
1.6436
1.6436
1.6436
1.6258
1.6258
1.6258
1.6258
1.6258
1.6258
1.6258
1.6258
1.644
1.644
1.644
1.644
1.644
1.644
1.644
1.644
1.6399
1.6399
1.6399
1.6399
1.6399
1.6399
1.6399
1.6399
1.6284
1.6284
1.6284
1.6284
1.6474
1.6474
1.6474
1.6474
1.6474
1.6474
1.6474
1.6474
1.641
1.641
1.641
1.641
1.641
1.641
1.641
1.641
1.6626
1.6626
1.6626
1.6626
1.6626
1.6626
1.6626
1.6626
1.6208
1.6208
1.6208
1.6208
1.6208
1.6208
1.6208
1.6208
1.6401
1.6401
1.6401
1.6401
1.6401
1.6401
1.6401
1.6401
1.6556
1.6556
1.6556
1.6556
1.6556
1.6556
1.6556
1.6556
1.6208
1.6208
1.6208
1.6208
1.6208
1.6208
1.6208
1.6208
1.6404
1.6404
1.6404
1.6404
1.6404
1.6404
1.6404
1.6404
1.6487
1.6487
1.6487
1.6487
1.6487
1.6487
1.6487
1.6487
1.6232
1.6232
1.6232
1.6232
1.6232
1.6232
1.6232
1.6232
1.6423
1.6423
1.6423
1.6423
1.6423
1.6423
1.6423
1.6423
1.6436
1.6436
1.6436
1.6436
1.6436
1.6436
1.6436
1.6436
1.6256
1.6256
1.6256
1.6256
1.6446
1.6446
1.6446
1.6446
1.6446
1.6446
1.6446
1.6446
1.6399
1.6399
1.6399
1.6399
1.6399
1.6399
1.6399
1.6399
1.6674
1.6674
1.6674
1.6674
1.6674
1.6674
1.6674
1.6674
1.6211
1.6211
1.6211
1.6211
1.6211
1.6211
1.6211
1.6211
1.6397
1.6397
1.6397
1.6397
1.6397
1.6397
1.6397
1.6397
1.6613
1.6613
1.6613
1.6613
1.6613
1.6613
1.6613
1.6613
1.6187
1.6187
1.6187
1.6187
1.6187
1.6187
1.6187
1.6187
1.6406
1.6406
1.6406
1.6406
1.6406
1.6406
1.6406
1.6406
1.6534
1.6534
1.6534
1.6534
1.6534
1.6534
1.6534
1.6534
1.6204
1.6204
1.6204
1.6204
1.6204
1.6204
1.6204
1.6204
1.641
1.641
1.641
1.641
1.641
1.641
1.641
1.641
1.6474
1.6474
1.6474
1.6474
1.6474
1.6474
1.6474
1.6474
1.6219
1.6219
1.6219
1.6219
1.6436
1.6436
1.6436
1.6436
1.6436
1.6436
1.6436
1.6436
1.6404
1.6404
1.6404
1.6404
1.6404
1.6404
1.6404
1.6404
1.6646
1.6646
1.6646
1.6646
1.6646
1.6646
1.6646
1.6646
1.6198
1.6198
1.6198
1.6198
1.6198
1.6198
1.6198
1.6198
1.6408
1.6408
1.6408
1.6408
1.6408
1.6408
1.6408
1.6408
1.6566
1.6566
1.6566
1.6566
1.6566
1.6566
1.6566
1.6566
1.6194
1.6194
1.6194
1.6194
1.6194
1.6194
1.6194
1.6194
1.6423
1.6423
1.6423
1.6423
1.6423
1.6423
1.6423
1.6423
1.65
1.65
1.65
1.65
1.65
1.65
1.65
1.65
1.6219
1.6219
1.6219
1.6219
1.6219
1.6219
1.6219
1.6219
1.6425
1.6425
1.6425
1.6425
1.6425
1.6425
1.6425
1.6425
1.6436
1.6436
1.6436
1.6436
1.6436
1.6436
1.6436
1.6436
1.6226
1.6226
1.6226
1.6226
1.6434
1.6434
1.6434
1.6434
1.6434
1.6434
1.6434
1.6434
1.6402
1.6402
1.6402
1.6402
1.6402
1.6402
1.6402
1.6402
1.6738
1.6738
1.6738
1.6738
1.6738
1.6738
1.6738
1.6738
1.6254
1.6254
1.6254
1.6254
1.6254
1.6254
1.6254
1.6254
1.641
1.641
1.641
1.641
1.641
1.641
1.641
1.641
1.6701
1.6701
1.6701
1.6701
1.6701
1.6701
1.6701
1.6701
1.6221
1.6221
1.6221
1.6221
1.6221
1.6221
1.6221
1.6221
1.641
1.641
1.641
1.641
1.641
1.641
1.641
1.641
1.6644
1.6644
1.6644
1.6644
1.6644
1.6644
1.6644
1.6644
1.6209
1.6209
1.6209
1.6209
1.6209
1.6209
1.6209
1.6209
1.6402
1.6402
1.6402
1.6402
1.6402
1.6402
1.6402
1.6402
1.6579
1.6579
1.6579
1.6579
1.6579
1.6579
1.6579
1.6579
1.6206
1.6206
1.6206
1.6206
1.6412
1.6412
1.6412
1.6412
1.6412
1.6412
1.6412
1.6412
1.6414
1.6414
1.6414
1.6414
1.6414
1.6414
1.6414
1.6414
1.6753
1.6753
1.6753
1.6753
1.6753
1.6753
1.6753
1.6753
1.6318
1.6318
1.6318
1.6318
1.6318
1.6318
1.6318
1.6318
1.6416
1.6416
1.6416
1.6416
1.6416
1.6416
1.6416
1.6416
1.6742
1.6742
1.6742
1.6742
1.6742
1.6742
1.6742
1.6742
1.6277
1.6277
1.6277
1.6277
1.6277
1.6277
1.6277
1.6277
1.6397
1.6397
1.6397
1.6397
1.6397
1.6397
1.6397
1.6397
1.6731
1.6731
1.6731
1.6731
1.6731
1.6731
1.6731
1.6731
1.6251
1.6251
1.6251
1.6251
1.6251
1.6251
1.6251
1.6251
1.6402
1.6402
1.6402
1.6402
1.6402
1.6402
1.6402
1.6402
1.6674
1.6674
1.6674
1.6674
1.6674
1.6674
1.6674
1.6674
1.6202
1.6202
1.6202
1.6202
1.6404
1.6404
1.6404
1.6404
1.6404
1.6404
1.6404
1.6404
1.6402
1.6402
1.6402
1.6402
1.6402
1.6402
1.6402
1.6402
1.6766
1.6766
1.6766
1.6766
1.6766
1.6766
1.6766
1.6766
1.6311
1.6311
1.6311
1.6311
1.6311
1.6311
1.6311
1.6311
1.6412
1.6412
1.6412
1.6412
1.6412
1.6412
1.6412
1.6412
1.6746
1.6746
1.6746
1.6746
1.6746
1.6746
1.6746
1.6746
1.6262
1.6262
1.6262
1.6262
1.6262
1.6262
1.6262
1.6262
1.6408
1.6408
1.6408
1.6408
1.6408
1.6408
1.6408
1.6408
1.6718
1.6718
1.6718
1.6718
1.6718
1.6718
1.6718
1.6718
1.623
1.623
1.623
1.623
1.623
1.623
1.623
1.623
1.6397
1.6397
1.6397
1.6397
1.6397
1.6397
1.6397
1.6397
1.6669
1.6669
1.6669
1.6669
1.6669
1.6669
1.6669
1.6669
1.6198
1.6198
1.6198
1.6198
1.6406
1.6406
1.6406
1.6406
1.6406
1.6406
1.6406
1.6406
1.6414
1.6414
1.6414
1.6414
1.6414
1.6414
1.6414
1.6414
1.6766
1.6766
1.6766
1.6766
1.6766
1.6766
1.6766
1.6766
1.632
1.632
1.632
1.632
1.632
1.632
1.632
1.632
1.6408
1.6408
1.6408
1.6408
1.6408
1.6408
1.6408
1.6408
1.6744
1.6744
1.6744
1.6744
1.6744
1.6744
1.6744
1.6744
1.6271
1.6271
1.6271
1.6271
1.6271
1.6271
1.6271
1.6271
1.6397
1.6397
1.6397
1.6397
1.6397
1.6397
1.6397
1.6397
1.6723
1.6723
1.6723
1.6723
1.6723
1.6723
1.6723
1.6723
1.6236
1.6236
1.6236
1.6236
1.6236
1.6236
1.6236
1.6236
1.641
1.641
1.641
1.641
1.641
1.641
1.641
1.641
1.6671
1.6671
1.6671
1.6671
1.6671
1.6671
1.6671
1.6671
1.6213
1.6213
1.6213
1.6213
1.6406
1.6406
1.6406
1.6406
1.6406
1.6406
1.6406
1.6406
1.6412
1.6412
1.6412
1.6412
1.6412
1.6412
1.6412
1.6412
1.6744
1.6744
1.6744
1.6744
1.6744
1.6744
1.6744
1.6744
1.6354
1.6354
1.6354
1.6354
1.6354
1.6354
1.6354
1.6354
1.6414
1.6414
1.6414
1.6414
1.6414
1.6414
1.6414
1.6414
1.6755
1.6755
1.6755
1.6755
1.6755
1.6755
1.6755
1.6755
1.6328
1.6328
1.6328
1.6328
1.6328
1.6328
1.6328
1.6328
1.6412
1.6412
1.6412
1.6412
1.6412
1.6412
1.6412
1.6412
1.6757
1.6757
1.6757
1.6757
1.6757
1.6757
1.6757
1.6757
1.6273
1.6273
1.6273
1.6273
1.6273
1.6273
1.6273
1.6273
1.641
1.641
1.641
1.641
1.641
1.641
1.641
1.641
1.6734
1.6734
1.6734
1.6734
1.6734
1.6734
1.6734
1.6734
1.6251
1.6251
1.6251
1.6251
1.6401
1.6401
1.6401
1.6401
1.6401
1.6401
1.6401
1.6401
1.6414
1.6414
1.6414
1.6414
1.6414
1.6414
1.6414
1.6414
1.6744
1.6744
1.6744
1.6744
1.6744
1.6744
1.6744
1.6744
1.6384
1.6384
1.6384
1.6384
1.6384
1.6384
1.6384
1.6384
1.6416
1.6416
1.6416
1.6416
1.6416
1.6416
1.6416
1.6416
1.6753
1.6753
1.6753
1.6753
1.6753
1.6753
1.6753
1.6753
1.6339
1.6339
1.6339
1.6339
1.6339
1.6339
1.6339
1.6339
1.6408
1.6408
1.6408
1.6408
1.6408
1.6408
1.6408
1.6408
1.6761
1.6761
1.6761
1.6761
1.6761
1.6761
1.6761
1.6761
1.6305
1.6305
1.6305
1.6305
1.6305
1.6305
1.6305
1.6305
1.6404
1.6404
1.6404
1.6404
1.6404
1.6404
1.6404
1.6404
1.6744
1.6744
1.6744
1.6744
1.6744
1.6744
1.6744
1.6744
1.6275
1.6275
1.6275
1.6275
1.641
1.641
1.641
1.641
1.641
1.641
1.641
1.641
1.6406
1.6406
1.6406
1.6406
1.6406
1.6406
1.6406
1.6406
1.674
1.674
1.674
1.674
1.674
1.674
1.674
1.674
1.6391
1.6391
1.6391
1.6391
1.6391
1.6391
1.6391
1.6391
1.6397
1.6397
1.6397
1.6397
1.6397
1.6397
1.6397
1.6397
1.6757
1.6757
1.6757
1.6757
1.6757
1.6757
1.6757
1.6757
1.6344
1.6344
1.6344
1.6344
1.6344
1.6344
1.6344
1.6344
1.6401
1.6401
1.6401
1.6401
1.6401
1.6401
1.6401
1.6401
1.6772
1.6772
1.6772
1.6772
1.6772
1.6772
1.6772
1.6772
1.6309
1.6309
1.6309
1.6309
1.6309
1.6309
1.6309
1.6309
1.641
1.641
1.641
1.641
1.641
1.641
1.641
1.641
1.6747
1.6747
1.6747
1.6747
1.6747
1.6747
1.6747
1.6747
1.6254
1.6254
1.6254
1.6254
1.641
1.641
1.641
1.641
1.641
1.641
1.641
1.641
1.6412
1.6412
1.6412
1.6412
1.6412
1.6412
1.6412
1.6412
1.6738
1.6738
1.6738
1.6738
1.6738
1.6738
1.6738
1.6738
1.6397
1.6397
1.6397
1.6397
1.6397
1.6397
1.6397
1.6397
1.6402
1.6402
1.6402
1.6402
1.6402
1.6402
1.6402
1.6402
1.6768
1.6768
1.6768
1.6768
1.6768
1.6768
1.6768
1.6768
1.6354
1.6354
1.6354
1.6354
1.6354
1.6354
1.6354
1.6354
1.6408
1.6408
1.6408
1.6408
1.6408
1.6408
1.6408
1.6408
1.677
1.677
1.677
1.677
1.677
1.677
1.677
1.677
1.6326
1.6326
1.6326
1.6326
1.6326
1.6326
1.6326
1.6326
1.6406
1.6406
1.6406
1.6406
1.6406
1.6406
1.6406
1.6406
1.677
1.677
1.677
1.677
1.677
1.677
1.677
1.677
1.6301
1.6301
1.6301
1.6301
1.6416
1.6416
1.6416
1.6416
1.6416
1.6416
1.6416
1.6416
1.6401
1.6401
1.6401
1.6401
1.6401
1.6401
1.6401
1.6401
1.6719
1.6719
1.6719
1.6719
1.6719
1.6719
1.6719
1.6719
1.644
1.644
1.644
1.644
1.644
1.644
1.644
1.644
1.6391
1.6391
1.6391
1.6391
1.6391
1.6391
1.6391
1.6391
1.6718
1.6718
1.6718
1.6718
1.6718
1.6718
1.6718
1.6718
1.6402
1.6402
1.6402
1.6402
1.6402
1.6402
1.6402
1.6402
1.6395
1.6395
1.6395
1.6395
1.6395
1.6395
1.6395
1.6395
1.6742
1.6742
1.6742
1.6742
1.6742
1.6742
1.6742
1.6742
1.6369
1.6369
1.6369
1.6369
1.6369
1.6369
1.6369
1.6369
1.6414
1.6414
1.6414
1.6414
1.6414
1.6414
1.6414
1.6414
1.6746
1.6746
1.6746
1.6746
1.6746
1.6746
1.6746
1.6746
1.6343
1.6343
1.6343
1.6343
1.6412
1.6412
1.6412
1.6412
1.6412
1.6412
1.6412
1.6412
1.6387
1.6387
1.6387
1.6387
1.6387
1.6387
1.6387
1.6387
1.6703
1.6703
1.6703
1.6703
1.6703
1.6703
1.6703
1.6703
1.6449
1.6449
1.6449
1.6449
1.6449
1.6449
1.6449
1.6449
1.641
1.641
1.641
1.641
1.641
1.641
1.641
1.641
1.6732
1.6732
1.6732
1.6732
1.6732
1.6732
1.6732
1.6732
1.6408
1.6408
1.6408
1.6408
1.6408
1.6408
1.6408
1.6408
1.6401
1.6401
1.6401
1.6401
1.6401
1.6401
1.6401
1.6401
1.6736
1.6736
1.6736
1.6736
1.6736
1.6736
1.6736
1.6736
1.6389
1.6389
1.6389
1.6389
1.6389
1.6389
1.6389
1.6389
1.6397
1.6397
1.6397
1.6397
1.6397
1.6397
1.6397
1.6397
1.6761
1.6761
1.6761
1.6761
1.6761
1.6761
1.6761
1.6761
1.6356
1.6356
1.6356
1.6356
1.6416
1.6416
1.6416
1.6416
1.6416
1.6416
1.6416
1.6416
1.6404
1.6404
1.6404
1.6404
1.6404
1.6404
1.6404
1.6404
1.6316
1.6316
1.6316
1.6316
1.6316
1.6316
1.6316
1.6316
1.6554
1.6554
1.6554
1.6554
1.6554
1.6554
1.6554
1.6554
1.6401
1.6401
1.6401
1.6401
1.6401
1.6401
1.6401
1.6401
1.6324
1.6324
1.6324
1.6324
1.6324
1.6324
1.6324
1.6324
1.6594
1.6594
1.6594
1.6594
1.6594
1.6594
1.6594
1.6594
1.6421
1.6421
1.6421
1.6421
1.6421
1.6421
1.6421
1.6421
1.6331
1.6331
1.6331
1.6331
1.6331
1.6331
1.6331
1.6331
1.6626
1.6626
1.6626
1.6626
1.6626
1.6626
1.6626
1.6626
1.6434
1.6434
1.6434
1.6434
1.6434
1.6434
1.6434
1.6434
1.6339
1.6339
1.6339
1.6339
1.6339
1.6339
1.6339
1.6339
1.6669
1.6669
1.6669
1.6669
1.6434
1.6434
1.6434
1.6434
1.6434
1.6434
1.6434
1.6434
1.6408
1.6408
1.6408
1.6408
1.6408
1.6408
1.6408
1.6408
1.632
1.632
1.632
1.632
1.632
1.632
1.632
1.632
1.6515
1.6515
1.6515
1.6515
1.6515
1.6515
1.6515
1.6515
1.6387
1.6387
1.6387
1.6387
1.6387
1.6387
1.6387
1.6387
1.6337
1.6337
1.6337
1.6337
1.6337
1.6337
1.6337
1.6337
1.6579
1.6579
1.6579
1.6579
1.6579
1.6579
1.6579
1.6579
1.6416
1.6416
1.6416
1.6416
1.6416
1.6416
1.6416
1.6416
1.6335
1.6335
1.6335
1.6335
1.6335
1.6335
1.6335
1.6335
1.6597
1.6597
1.6597
1.6597
1.6597
1.6597
1.6597
1.6597
1.6416
1.6416
1.6416
1.6416
1.6416
1.6416
1.6416
1.6416
1.6344
1.6344
1.6344
1.6344
1.6344
1.6344
1.6344
1.6344
1.6642
1.6642
1.6642
1.6642
1.6421
1.6421
1.6421
1.6421
1.6421
1.6421
1.6421
1.6421
1.6389
1.6389
1.6389
1.6389
1.6389
1.6389
1.6389
1.6389
1.6314
1.6314
1.6314
1.6314
1.6314
1.6314
1.6314
1.6314
1.6494
1.6494
1.6494
1.6494
1.6494
1.6494
1.6494
1.6494
1.6386
1.6386
1.6386
1.6386
1.6386
1.6386
1.6386
1.6386
1.6318
1.6318
1.6318
1.6318
1.6318
1.6318
1.6318
1.6318
1.6543
1.6543
1.6543
1.6543
1.6543
1.6543
1.6543
1.6543
1.6402
1.6402
1.6402
1.6402
1.6402
1.6402
1.6402
1.6402
1.6337
1.6337
1.6337
1.6337
1.6337
1.6337
1.6337
1.6337
1.6596
1.6596
1.6596
1.6596
1.6596
1.6596
1.6596
1.6596
1.6419
1.6419
1.6419
1.6419
1.6419
1.6419
1.6419
1.6419
1.6348
1.6348
1.6348
1.6348
1.6348
1.6348
1.6348
1.6348
1.6646
1.6646
1.6646
1.6646
1.6429
1.6429
1.6429
1.6429
1.6429
1.6429
1.6429
1.6429
1.6389
1.6389
1.6389
1.6389
1.6389
1.6389
1.6389
1.6389
1.6311
1.6311
1.6311
1.6311
1.6311
1.6311
1.6311
1.6311
1.6506
1.6506
1.6506
1.6506
1.6506
1.6506
1.6506
1.6506
1.6389
1.6389
1.6389
1.6389
1.6389
1.6389
1.6389
1.6389
1.6329
1.6329
1.6329
1.6329
1.6329
1.6329
1.6329
1.6329
1.6558
1.6558
1.6558
1.6558
1.6558
1.6558
1.6558
1.6558
1.6395
1.6395
1.6395
1.6395
1.6395
1.6395
1.6395
1.6395
1.6339
1.6339
1.6339
1.6339
1.6339
1.6339
1.6339
1.6339
1.6599
1.6599
1.6599
1.6599
1.6599
1.6599
1.6599
1.6599
1.6404
1.6404
1.6404
1.6404
1.6404
1.6404
1.6404
1.6404
1.6343
1.6343
1.6343
1.6343
1.6343
1.6343
1.6343
1.6343
1.6648
1.6648
1.6648
1.6648
1.6423
1.6423
1.6423
1.6423
1.6423
1.6423
1.6423
1.6423
1.6397
1.6397
1.6397
1.6397
1.6397
1.6397
1.6397
1.6397
1.6313
1.6313
1.6313
1.6313
1.6313
1.6313
1.6313
1.6313
1.6539
1.6539
1.6539
1.6539
1.6539
1.6539
1.6539
1.6539
1.6395
1.6395
1.6395
1.6395
1.6395
1.6395
1.6395
1.6395
1.6324
1.6324
1.6324
1.6324
1.6324
1.6324
1.6324
1.6324
1.6586
1.6586
1.6586
1.6586
1.6586
1.6586
1.6586
1.6586
1.6408
1.6408
1.6408
1.6408
1.6408
1.6408
1.6408
1.6408
1.6329
1.6329
1.6329
1.6329
1.6329
1.6329
1.6329
1.6329
1.6616
1.6616
1.6616
1.6616
1.6616
1.6616
1.6616
1.6616
1.6412
1.6412
1.6412
1.6412
1.6412
1.6412
1.6412
1.6412
1.6352
1.6352
1.6352
1.6352
1.6352
1.6352
1.6352
1.6352
1.6652
1.6652
1.6652
1.6652
1.6431
1.6431
1.6431
1.6431
1.6431
1.6431
1.6431
1.6431
1.6404
1.6404
1.6404
1.6404
1.6404
1.6404
1.6404
1.6404
1.6339
1.6339
1.6339
1.6339
1.6339
1.6339
1.6339
1.6339
1.6573
1.6573
1.6573
1.6573
1.6573
1.6573
1.6573
1.6573
1.6402
1.6402
1.6402
1.6402
1.6402
1.6402
1.6402
1.6402
1.6339
1.6339
1.6339
1.6339
1.6339
1.6339
1.6339
1.6339
1.6609
1.6609
1.6609
1.6609
1.6609
1.6609
1.6609
1.6609
1.6408
1.6408
1.6408
1.6408
1.6408
1.6408
1.6408
1.6408
1.6344
1.6344
1.6344
1.6344
1.6344
1.6344
1.6344
1.6344
1.6631
1.6631
1.6631
1.6631
1.6631
1.6631
1.6631
1.6631
1.6429
1.6429
1.6429
1.6429
1.6429
1.6429
1.6429
1.6429
1.6356
1.6356
1.6356
1.6356
1.6356
1.6356
1.6356
1.6356
1.6674
1.6674
1.6674
1.6674
1.6442
1.6442
1.6442
1.6442
1.6442
1.6442
1.6442
1.6442
1.6393
1.6393
1.6393
1.6393
1.6393
1.6393
1.6393
1.6393
1.6296
1.6296
1.6296
1.6296
1.6296
1.6296
1.6296
1.6296
1.6504
1.6504
1.6504
1.6504
1.6504
1.6504
1.6504
1.6504
1.6389
1.6389
1.6389
1.6389
1.6389
1.6389
1.6389
1.6389
1.6326
1.6326
1.6326
1.6326
1.6326
1.6326
1.6326
1.6326
1.653
1.653
1.653
1.653
1.653
1.653
1.653
1.653
1.6401
1.6401
1.6401
1.6401
1.6401
1.6401
1.6401
1.6401
1.6322
1.6322
1.6322
1.6322
1.6322
1.6322
1.6322
1.6322
1.6586
1.6586
1.6586
1.6586
1.6586
1.6586
1.6586
1.6586
1.6408
1.6408
1.6408
1.6408
1.6408
1.6408
1.6408
1.6408
1.6346
1.6346
1.6346
1.6346
1.6346
1.6346
1.6346
1.6346
1.6614
1.6614
1.6614
1.6614
1.6423
1.6423
1.6423
1.6423
1.6423
1.6423
1.6423
1.6423
1.6391
1.6391
1.6391
1.6391
1.6391
1.6391
1.6391
1.6391
1.6313
1.6313
1.6313
1.6313
1.6313
1.6313
1.6313
1.6313
1.6506
1.6506
1.6506
1.6506
1.6506
1.6506
1.6506
1.6506
1.6391
1.6391
1.6391
1.6391
1.6391
1.6391
1.6391
1.6391
1.6331
1.6331
1.6331
1.6331
1.6331
1.6331
1.6331
1.6331
1.6556
1.6556
1.6556
1.6556
1.6556
1.6556
1.6556
1.6556
1.6408
1.6408
1.6408
1.6408
1.6408
1.6408
1.6408
1.6408
1.6335
1.6335
1.6335
1.6335
1.6335
1.6335
1.6335
1.6335
1.6605
1.6605
1.6605
1.6605
1.6605
1.6605
1.6605
1.6605
1.6417
1.6417
1.6417
1.6417
1.6417
1.6417
1.6417
1.6417
1.6337
1.6337
1.6337
1.6337
1.6337
1.6337
1.6337
1.6337
1.6639
1.6639
1.6639
1.6639
1.6436
1.6436
1.6436
1.6436
1.6436
1.6436
1.6436
1.6436
1.6406
1.6406
1.6406
1.6406
1.6406
1.6406
1.6406
1.6406
1.6258
1.6258
1.6258
1.6258
1.6258
1.6258
1.6258
1.6258
1.6464
1.6464
1.6464
1.6464
1.6464
1.6464
1.6464
1.6464
1.6386
1.6386
1.6386
1.6386
1.6386
1.6386
1.6386
1.6386
1.6305
1.6305
1.6305
1.6305
1.6305
1.6305
1.6305
1.6305
1.6491
1.6491
1.6491
1.6491
1.6491
1.6491
1.6491
1.6491
1.6391
1.6391
1.6391
1.6391
1.6391
1.6391
1.6391
1.6391
1.6328
1.6328
1.6328
1.6328
1.6328
1.6328
1.6328
1.6328
1.6556
1.6556
1.6556
1.6556
1.6556
1.6556
1.6556
1.6556
1.6414
1.6414
1.6414
1.6414
1.6414
1.6414
1.6414
1.6414
1.6346
1.6346
1.6346
1.6346
1.6346
1.6346
1.6346
1.6346
1.6577
1.6577
1.6577
1.6577
1.6425
1.6425
1.6425
1.6425
1.6425
1.6425
1.6425
1.6425
1.6404
1.6404
1.6404
1.6404
1.6404
1.6404
1.6404
1.6404
1.6284
1.6284
1.6284
1.6284
1.6284
1.6284
1.6284
1.6284
1.6472
1.6472
1.6472
1.6472
1.6472
1.6472
1.6472
1.6472
1.6399
1.6399
1.6399
1.6399
1.6399
1.6399
1.6399
1.6399
1.6303
1.6303
1.6303
1.6303
1.6303
1.6303
1.6303
1.6303
1.6513
1.6513
1.6513
1.6513
1.6513
1.6513
1.6513
1.6513
1.6399
1.6399
1.6399
1.6399
1.6399
1.6399
1.6399
1.6399
1.6322
1.6322
1.6322
1.6322
1.6322
1.6322
1.6322
1.6322
1.6543
1.6543
1.6543
1.6543
1.6543
1.6543
1.6543
1.6543
1.6395
1.6395
1.6395
1.6395
1.6395
1.6395
1.6395
1.6395
1.6348
1.6348
1.6348
1.6348
1.6348
1.6348
1.6348
1.6348
1.6603
1.6603
1.6603
1.6603
1.6412
1.6412
1.6412
1.6412
1.6412
1.6412
1.6412
1.6412
1.6434
1.6434
1.6434
1.6434
1.6434
1.6434
1.6434
1.6434
1.623
1.623
1.623
1.623
1.623
1.623
1.623
1.623
1.6431
1.6431
1.6431
1.6431
1.6431
1.6431
1.6431
1.6431
1.6416
1.6416
1.6416
1.6416
1.6416
1.6416
1.6416
1.6416
1.626
1.626
1.626
1.626
1.626
1.626
1.626
1.626
1.6453
1.6453
1.6453
1.6453
1.6453
1.6453
1.6453
1.6453
1.6389
1.6389
1.6389
1.6389
1.6389
1.6389
1.6389
1.6389
1.6307
1.6307
1.6307
1.6307
1.6307
1.6307
1.6307
1.6307
1.6498
1.6498
1.6498
1.6498
1.6498
1.6498
1.6498
1.6498
1.6387
1.6387
1.6387
1.6387
1.6387
1.6387
1.6387
1.6387
1.6316
1.6316
1.6316
1.6316
1.6316
1.6316
1.6316
1.6316
1.6523
1.6523
1.6523
1.6523
1.6401
1.6401
1.6401
1.6401
1.6401
1.6401
1.6401
1.6401
1.647
1.647
1.647
1.647
1.647
1.647
1.647
1.647
1.623
1.623
1.623
1.623
1.623
1.623
1.623
1.623
1.6429
1.6429
1.6429
1.6429
1.6429
1.6429
1.6429
1.6429
1.6446
1.6446
1.6446
1.6446
1.6446
1.6446
1.6446
1.6446
1.6239
1.6239
1.6239
1.6239
1.6239
1.6239
1.6239
1.6239
1.6444
1.6444
1.6444
1.6444
1.6444
1.6444
1.6444
1.6444
1.6416
1.6416
1.6416
1.6416
1.6416
1.6416
1.6416
1.6416
1.6283
1.6283
1.6283
1.6283
1.6283
1.6283
1.6283
1.6283
1.6459
1.6459
1.6459
1.6459
1.6459
1.6459
1.6459
1.6459
1.6386
1.6386
1.6386
1.6386
1.6386
1.6386
1.6386
1.6386
1.6305
1.6305
1.6305
1.6305
1.6305
1.6305
1.6305
1.6305
1.6506
1.6506
1.6506
1.6506
1.6387
1.6387
1.6387
1.6387
1.6387
1.6387
1.6387
1.6387
1.647
1.647
1.647
1.647
1.647
1.647
1.647
1.647
1.6222
1.6222
1.6222
1.6222
1.6222
1.6222
1.6222
1.6222
1.644
1.644
1.644
1.644
1.644
1.644
1.644
1.644
1.6432
1.6432
1.6432
1.6432
1.6432
1.6432
1.6432
1.6432
1.6258
1.6258
1.6258
1.6258
1.6258
1.6258
1.6258
1.6258
1.6457
1.6457
1.6457
1.6457
1.6457
1.6457
1.6457
1.6457
1.6401
1.6401
1.6401
1.6401
1.6401
1.6401
1.6401
1.6401
1.6301
1.6301
1.6301
1.6301
1.6301
1.6301
1.6301
1.6301
1.6476
1.6476
1.6476
1.6476
1.6476
1.6476
1.6476
1.6476
1.6395
1.6395
1.6395
1.6395
1.6395
1.6395
1.6395
1.6395
1.6303
1.6303
1.6303
1.6303
1.6303
1.6303
1.6303
1.6303
1.6515
1.6515
1.6515
1.6515
1.6391
1.6391
1.6391
1.6391
1.6391
1.6391
1.6391
1.6391
1.6528
1.6528
1.6528
1.6528
1.6528
1.6528
1.6528
1.6528
1.6211
1.6211
1.6211
1.6211
1.6211
1.6211
1.6211
1.6211
1.6416
1.6416
1.6416
1.6416
1.6416
1.6416
1.6416
1.6416
1.6489
1.6489
1.6489
1.6489
1.6489
1.6489
1.6489
1.6489
1.6232
1.6232
1.6232
1.6232
1.6232
1.6232
1.6232
1.6232
1.6425
1.6425
1.6425
1.6425
1.6425
1.6425
1.6425
1.6425
1.6429
1.6429
1.6429
1.6429
1.6429
1.6429
1.6429
1.6429
1.6251
1.6251
1.6251
1.6251
1.6251
1.6251
1.6251
1.6251
1.6448
1.6448
1.6448
1.6448
1.6448
1.6448
1.6448
1.6448
1.6408
1.6408
1.6408
1.6408
1.6408
1.6408
1.6408
1.6408
1.6296
1.6296
1.6296
1.6296
1.6296
1.6296
1.6296
1.6296
1.6472
1.6472
1.6472
1.6472
1.6389
1.6389
1.6389
1.6389
1.6389
1.6389
1.6389
1.6389
1.6588
1.6588
1.6588
1.6588
1.6588
1.6588
1.6588
1.6588
1.6196
1.6196
1.6196
1.6196
1.6196
1.6196
1.6196
1.6196
1.641
1.641
1.641
1.641
1.641
1.641
1.641
1.641
1.6528
1.6528
1.6528
1.6528
1.6528
1.6528
1.6528
1.6528
1.6206
1.6206
1.6206
1.6206
1.6206
1.6206
1.6206
1.6206
1.6414
1.6414
1.6414
1.6414
1.6414
1.6414
1.6414
1.6414
1.647
1.647
1.647
1.647
1.647
1.647
1.647
1.647
1.6237
1.6237
1.6237
1.6237
1.6237
1.6237
1.6237
1.6237
1.6429
1.6429
1.6429
1.6429
1.6429
1.6429
1.6429
1.6429
1.6419
1.6419
1.6419
1.6419
1.6419
1.6419
1.6419
1.6419
1.6258
1.6258
1.6258
1.6258
1.6258
1.6258
1.6258
1.6258
1.6457
1.6457
1.6457
1.6457
1.6406
1.6406
1.6406
1.6406
1.6406
1.6406
1.6406
1.6406
1.6553
1.6553
1.6553
1.6553
1.6553
1.6553
1.6553
1.6553
1.6198
1.6198
1.6198
1.6198
1.6198
1.6198
1.6198
1.6198
1.6419
1.6419
1.6419
1.6419
1.6419
1.6419
1.6419
1.6419
1.6496
1.6496
1.6496
1.6496
1.6496
1.6496
1.6496
1.6496
1.6219
1.6219
1.6219
1.6219
1.6219
1.6219
1.6219
1.6219
1.6432
1.6432
1.6432
1.6432
1.6432
1.6432
1.6432
1.6432
1.6442
1.6442
1.6442
1.6442
1.6442
1.6442
1.6442
1.6442
1.6256
1.6256
1.6256
1.6256
1.6256
1.6256
1.6256
1.6256
1.644
1.644
1.644
1.644
1.644
1.644
1.644
1.644
1.6406
1.6406
1.6406
1.6406
1.6406
1.6406
1.6406
1.6406
1.6281
1.6281
1.6281
1.6281
1.6281
1.6281
1.6281
1.6281
1.6472
1.6472
1.6472
1.6472
1.6402
1.6402
1.6402
1.6402
1.6402
1.6402
1.6402
1.6402
1.6603
1.6603
1.6603
1.6603
1.6603
1.6603
1.6603
1.6603
1.6217
1.6217
1.6217
1.6217
1.6217
1.6217
1.6217
1.6217
1.6417
1.6417
1.6417
1.6417
1.6417
1.6417
1.6417
1.6417
1.656
1.656
1.656
1.656
1.656
1.656
1.656
1.656
1.62
1.62
1.62
1.62
1.62
1.62
1.62
1.62
1.6404
1.6404
1.6404
1.6404
1.6404
1.6404
1.6404
1.6404
1.6489
1.6489
1.6489
1.6489
1.6489
1.6489
1.6489
1.6489
1.6215
1.6215
1.6215
1.6215
1.6215
1.6215
1.6215
1.6215
1.6436
1.6436
1.6436
1.6436
1.6436
1.6436
1.6436
1.6436
1.6434
1.6434
1.6434
1.6434
1.6434
1.6434
1.6434
1.6434
1.6251
1.6251
1.6251
1.6251
1.6251
1.6251
1.6251
1.6251
1.6453
1.6453
1.6453
1.6453
1.6406
1.6406
1.6406
1.6406
1.6406
1.6406
1.6406
1.6406
1.6654
1.6654
1.6654
1.6654
1.6654
1.6654
1.6654
1.6654
1.6228
1.6228
1.6228
1.6228
1.6228
1.6228
1.6228
1.6228
1.6397
1.6397
1.6397
1.6397
1.6397
1.6397
1.6397
1.6397
1.6613
1.6613
1.6613
1.6613
1.6613
1.6613
1.6613
1.6613
1.6209
1.6209
1.6209
1.6209
1.6209
1.6209
1.6209
1.6209
1.6404
1.6404
1.6404
1.6404
1.6404
1.6404
1.6404
1.6404
1.6539
1.6539
1.6539
1.6539
1.6539
1.6539
1.6539
1.6539
1.6213
1.6213
1.6213
1.6213
1.6213
1.6213
1.6213
1.6213
1.6417
1.6417
1.6417
1.6417
1.6417
1.6417
1.6417
1.6417
1.6479
1.6479
1.6479
1.6479
1.6479
1.6479
1.6479
1.6479
1.6237
1.6237
1.6237
1.6237
1.6237
1.6237
1.6237
1.6237
1.6425
1.6425
1.6425
1.6425
1.6431
1.6431
1.6431
1.6431
1.6431
1.6431
1.6431
1.6431
1.6731
1.6731
1.6731
1.6731
1.6731
1.6731
1.6731
1.6731
1.6256
1.6256
1.6256
1.6256
1.6256
1.6256
1.6256
1.6256
1.641
1.641
1.641
1.641
1.641
1.641
1.641
1.641
1.6688
1.6688
1.6688
1.6688
1.6688
1.6688
1.6688
1.6688
1.6217
1.6217
1.6217
1.6217
1.6217
1.6217
1.6217
1.6217
1.6406
1.6406
1.6406
1.6406
1.6406
1.6406
1.6406
1.6406
1.6637
1.6637
1.6637
1.6637
1.6637
1.6637
1.6637
1.6637
1.6206
1.6206
1.6206
1.6206
1.6206
1.6206
1.6206
1.6206
1.6416
1.6416
1.6416
1.6416
1.6416
1.6416
1.6416
1.6416
1.6554
1.6554
1.6554
1.6554
1.6554
1.6554
1.6554
1.6554
1.6211
1.6211
1.6211
1.6211
1.6211
1.6211
1.6211
1.6211
1.6421
1.6421
1.6421
1.6421
1.6487
1.6487
1.6487
1.6487
1.6487
1.6487
1.6487
1.6487
1.6401
1.6401
1.6401
1.6401
1.6401
1.6401
1.6401
1.6401
1.6727
1.6727
1.6727
1.6727
1.6727
1.6727
1.6727
1.6727
1.6453
1.6453
1.6453
1.6453
1.6453
1.6453
1.6453
1.6453
1.6404
1.6404
1.6404
1.6404
1.6404
1.6404
1.6404
1.6404
1.6742
1.6742
1.6742
1.6742
1.6742
1.6742
1.6742
1.6742
1.6408
1.6408
1.6408
1.6408
1.6408
1.6408
1.6408
1.6408
1.6406
1.6406
1.6406
1.6406
1.6406
1.6406
1.6406
1.6406
1.6747
1.6747
1.6747
1.6747
1.6747
1.6747
1.6747
1.6747
1.638
1.638
1.638
1.638
1.638
1.638
1.638
1.638
1.6402
1.6402
1.6402
1.6402
1.6402
1.6402
1.6402
1.6402
1.6778
1.6778
1.6778
1.6778
1.6778
1.6778
1.6778
1.6778
1.6343
1.6343
1.6343
1.6343
1.6419
1.6419
1.6419
1.6419
1.6419
1.6419
1.6419
1.6419
1.6391
1.6391
1.6391
1.6391
1.6391
1.6391
1.6391
1.6391
1.6729
1.6729
1.6729
1.6729
1.6729
1.6729
1.6729
1.6729
1.6425
1.6425
1.6425
1.6425
1.6425
1.6425
1.6425
1.6425
1.6395
1.6395
1.6395
1.6395
1.6395
1.6395
1.6395
1.6395
1.6753
1.6753
1.6753
1.6753
1.6753
1.6753
1.6753
1.6753
1.6404
1.6404
1.6404
1.6404
1.6404
1.6404
1.6404
1.6404
1.6406
1.6406
1.6406
1.6406
1.6406
1.6406
1.6406
1.6406
1.6761
1.6761
1.6761
1.6761
1.6761
1.6761
1.6761
1.6761
1.6378
1.6378
1.6378
1.6378
1.6378
1.6378
1.6378
1.6378
1.6412
1.6412
1.6412
1.6412
1.6412
1.6412
1.6412
1.6412
1.6778
1.6778
1.6778
1.6778
1.6778
1.6778
1.6778
1.6778
1.6339
1.6339
1.6339
1.6339
1.6412
1.6412
1.6412
1.6412
1.6412
1.6412
1.6412
1.6412
1.6404
1.6404
1.6404
1.6404
1.6404
1.6404
1.6404
1.6404
1.674
1.674
1.674
1.674
1.674
1.674
1.674
1.674
1.6431
1.6431
1.6431
1.6431
1.6431
1.6431
1.6431
1.6431
1.6404
1.6404
1.6404
1.6404
1.6404
1.6404
1.6404
1.6404
1.6759
1.6759
1.6759
1.6759
1.6759
1.6759
1.6759
1.6759
1.6399
1.6399
1.6399
1.6399
1.6399
1.6399
1.6399
1.6399
1.6404
1.6404
1.6404
1.6404
1.6404
1.6404
1.6404
1.6404
1.6781
1.6781
1.6781
1.6781
1.6781
1.6781
1.6781
1.6781
1.6373
1.6373
1.6373
1.6373
1.6373
1.6373
1.6373
1.6373
1.641
1.641
1.641
1.641
1.641
1.641
1.641
1.641
1.6781
1.6781
1.6781
1.6781
1.6781
1.6781
1.6781
1.6781
1.6329
1.6329
1.6329
1.6329
1.6412
1.6412
1.6412
1.6412
1.6412
1.6412
1.6412
1.6412
1.6369
1.6369
1.6369
1.6369
1.6369
1.6369
1.6369
1.6369
1.6701
1.6701
1.6701
1.6701
1.6701
1.6701
1.6701
1.6701
1.6464
1.6464
1.6464
1.6464
1.6464
1.6464
1.6464
1.6464
1.6382
1.6382
1.6382
1.6382
1.6382
1.6382
1.6382
1.6382
1.671
1.671
1.671
1.671
1.671
1.671
1.671
1.671
1.6423
1.6423
1.6423
1.6423
1.6423
1.6423
1.6423
1.6423
1.6397
1.6397
1.6397
1.6397
1.6397
1.6397
1.6397
1.6397
1.6734
1.6734
1.6734
1.6734
1.6734
1.6734
1.6734
1.6734
1.6408
1.6408
1.6408
1.6408
1.6408
1.6408
1.6408
1.6408
1.6404
1.6404
1.6404
1.6404
1.6404
1.6404
1.6404
1.6404
1.6753
1.6753
1.6753
1.6753
1.6753
1.6753
1.6753
1.6753
1.6374
1.6374
1.6374
1.6374
1.641
1.641
1.641
1.641
1.641
1.641
1.641
1.641
1.6382
1.6382
1.6382
1.6382
1.6382
1.6382
1.6382
1.6382
1.668
1.668
1.668
1.668
1.668
1.668
1.668
1.668
1.6457
1.6457
1.6457
1.6457
1.6457
1.6457
1.6457
1.6457
1.6384
1.6384
1.6384
1.6384
1.6384
1.6384
1.6384
1.6384
1.6719
1.6719
1.6719
1.6719
1.6719
1.6719
1.6719
1.6719
1.6442
1.6442
1.6442
1.6442
1.6442
1.6442
1.6442
1.6442
1.6393
1.6393
1.6393
1.6393
1.6393
1.6393
1.6393
1.6393
1.6734
1.6734
1.6734
1.6734
1.6734
1.6734
1.6734
1.6734
1.6431
1.6431
1.6431
1.6431
1.6431
1.6431
1.6431
1.6431
1.6408
1.6408
1.6408
1.6408
1.6408
1.6408
1.6408
1.6408
1.6753
1.6753
1.6753
1.6753
1.6753
1.6753
1.6753
1.6753
1.6412
1.6412
1.6412
1.6412
1.641
1.641
1.641
1.641
1.641
1.641
1.641
1.641
1.6387
1.6387
1.6387
1.6387
1.6387
1.6387
1.6387
1.6387
1.6708
1.6708
1.6708
1.6708
1.6708
1.6708
1.6708
1.6708
1.6448
1.6448
1.6448
1.6448
1.6448
1.6448
1.6448
1.6448
1.6387
1.6387
1.6387
1.6387
1.6387
1.6387
1.6387
1.6387
1.6734
1.6734
1.6734
1.6734
1.6734
1.6734
1.6734
1.6734
1.6429
1.6429
1.6429
1.6429
1.6429
1.6429
1.6429
1.6429
1.6406
1.6406
1.6406
1.6406
1.6406
1.6406
1.6406
1.6406
1.674
1.674
1.674
1.674
1.674
1.674
1.674
1.674
1.6402
1.6402
1.6402
1.6402
1.6402
1.6402
1.6402
1.6402
1.6404
1.6404
1.6404
1.6404
1.6404
1.6404
1.6404
1.6404
1.6757
1.6757
1.6757
1.6757
1.6757
1.6757
1.6757
1.6757
1.6386
1.6386
1.6386
1.6386
1.6408
1.6408
1.6408
1.6408
1.6408
1.6408
1.6408
1.6408
1.6373
1.6373
1.6373
1.6373
1.6373
1.6373
1.6373
1.6373
1.6703
1.6703
1.6703
1.6703
1.6703
1.6703
1.6703
1.6703
1.6446
1.6446
1.6446
1.6446
1.6446
1.6446
1.6446
1.6446
1.6402
1.6402
1.6402
1.6402
1.6402
1.6402
1.6402
1.6402
1.6716
1.6716
1.6716
1.6716
1.6716
1.6716
1.6716
1.6716
1.644
1.644
1.644
1.644
1.644
1.644
1.644
1.644
1.6395
1.6395
1.6395
1.6395
1.6395
1.6395
1.6395
1.6395
1.6732
1.6732
1.6732
1.6732
1.6732
1.6732
1.6732
1.6732
1.6416
1.6416
1.6416
1.6416
1.6416
1.6416
1.6416
1.6416
1.6399
1.6399
1.6399
1.6399
1.6399
1.6399
1.6399
1.6399
1.6759
1.6759
1.6759
1.6759
1.6759
1.6759
1.6759
1.6759
1.6401
1.6401
1.6401
1.6401
1.6412
1.6412
1.6412
1.6412
1.6412
1.6412
1.6412
1.6412
1.6361
1.6361
1.6361
1.6361
1.6361
1.6361
1.6361
1.6361
1.6671
1.6671
1.6671
1.6671
1.6671
1.6671
1.6671
1.6671
1.6432
1.6432
1.6432
1.6432
1.6432
1.6432
1.6432
1.6432
1.6358
1.6358
1.6358
1.6358
1.6358
1.6358
1.6358
1.6358
1.671
1.671
1.671
1.671
1.671
1.671
1.671
1.671
1.6431
1.6431
1.6431
1.6431
1.6431
1.6431
1.6431
1.6431
1.6373
1.6373
1.6373
1.6373
1.6373
1.6373
1.6373
1.6373
1.6718
1.6718
1.6718
1.6718
1.6718
1.6718
1.6718
1.6718
1.6429
1.6429
1.6429
1.6429
1.6429
1.6429
1.6429
1.6429
1.6397
1.6397
1.6397
1.6397
1.6397
1.6397
1.6397
1.6397
1.6729
1.6729
1.6729
1.6729
1.6729
1.6729
1.6729
1.6729
1.6401
1.6401
1.6401
1.6401
1.6412
1.6412
1.6412
1.6412
1.6412
1.6412
1.6412
1.6412
1.6367
1.6367
1.6367
1.6367
1.6367
1.6367
1.6367
1.6367
1.6688
1.6688
1.6688
1.6688
1.6688
1.6688
1.6688
1.6688
1.6442
1.6442
1.6442
1.6442
1.6442
1.6442
1.6442
1.6442
1.638
1.638
1.638
1.638
1.638
1.638
1.638
1.638
1.6716
1.6716
1.6716
1.6716
1.6716
1.6716
1.6716
1.6716
1.6444
1.6444
1.6444
1.6444
1.6444
1.6444
1.6444
1.6444
1.6393
1.6393
1.6393
1.6393
1.6393
1.6393
1.6393
1.6393
1.6734
1.6734
1.6734
1.6734
1.6734
1.6734
1.6734
1.6734
1.6421
1.6421
1.6421
1.6421
1.6421
1.6421
1.6421
1.6421
1.6399
1.6399
1.6399
1.6399
1.6399
1.6399
1.6399
1.6399
1.6749
1.6749
1.6749
1.6749
1.6749
1.6749
1.6749
1.6749
1.6404
1.6404
1.6404
1.6404
1.6408
1.6408
1.6408
1.6408
1.6408
1.6408
1.6408
1.6408
1.638
1.638
1.638
1.638
1.638
1.638
1.638
1.638
1.6708
1.6708
1.6708
1.6708
1.6708
1.6708
1.6708
1.6708
1.644
1.644
1.644
1.644
1.644
1.644
1.644
1.644
1.6384
1.6384
1.6384
1.6384
1.6384
1.6384
1.6384
1.6384
1.6732
1.6732
1.6732
1.6732
1.6732
1.6732
1.6732
1.6732
1.6427
1.6427
1.6427
1.6427
1.6427
1.6427
1.6427
1.6427
1.6399
1.6399
1.6399
1.6399
1.6399
1.6399
1.6399
1.6399
1.6738
1.6738
1.6738
1.6738
1.6738
1.6738
1.6738
1.6738
1.6401
1.6401
1.6401
1.6401
1.6401
1.6401
1.6401
1.6401
1.6397
1.6397
1.6397
1.6397
1.6397
1.6397
1.6397
1.6397
1.6762
1.6762
1.6762
1.6762
1.6762
1.6762
1.6762
1.6762
1.6387
1.6387
1.6387
1.6387
1.6412
1.6412
1.6412
1.6412
1.6412
1.6412
1.6412
1.6412
1.6371
1.6371
1.6371
1.6371
1.6371
1.6371
1.6371
1.6371
1.6693
1.6693
1.6693
1.6693
1.6693
1.6693
1.6693
1.6693
1.6444
1.6444
1.6444
1.6444
1.6444
1.6444
1.6444
1.6444
1.6382
1.6382
1.6382
1.6382
1.6382
1.6382
1.6382
1.6382
1.6723
1.6723
1.6723
1.6723
1.6723
1.6723
1.6723
1.6723
1.6436
1.6436
1.6436
1.6436
1.6436
1.6436
1.6436
1.6436
1.6406
1.6406
1.6406
1.6406
1.6406
1.6406
1.6406
1.6406
1.6736
1.6736
1.6736
1.6736
1.6736
1.6736
1.6736
1.6736
1.6448
1.6448
1.6448
1.6448
1.6448
1.6448
1.6448
1.6448
1.641
1.641
1.641
1.641
1.641
1.641
1.641
1.641
1.6749
1.6749
1.6749
1.6749
1.6749
1.6749
1.6749
1.6749
1.6391
1.6391
1.6391
1.6391
1.641
1.641
1.641
1.641
1.641
1.641
1.641
1.641
1.6339
1.6339
1.6339
1.6339
1.6339
1.6339
1.6339
1.6339
1.665
1.665
1.665
1.665
1.665
1.665
1.665
1.665
1.6453
1.6453
1.6453
1.6453
1.6453
1.6453
1.6453
1.6453
1.6354
1.6354
1.6354
1.6354
1.6354
1.6354
1.6354
1.6354
1.6693
1.6693
1.6693
1.6693
1.6693
1.6693
1.6693
1.6693
1.6434
1.6434
1.6434
1.6434
1.6434
1.6434
1.6434
1.6434
1.6367
1.6367
1.6367
1.6367
1.6367
1.6367
1.6367
1.6367
1.6714
1.6714
1.6714
1.6714
1.6714
1.6714
1.6714
1.6714
1.6451
1.6451
1.6451
1.6451
1.6451
1.6451
1.6451
1.6451
1.6399
1.6399
1.6399
1.6399
1.6399
1.6399
1.6399
1.6399
1.6734
1.6734
1.6734
1.6734
1.6734
1.6734
1.6734
1.6734
1.6431
1.6431
1.6431
1.6431
1.6412
1.6412
1.6412
1.6412
1.6412
1.6412
1.6412
1.6412
1.6363
1.6363
1.6363
1.6363
1.6363
1.6363
1.6363
1.6363
1.6663
1.6663
1.6663
1.6663
1.6663
1.6663
1.6663
1.6663
1.6449
1.6449
1.6449
1.6449
1.6449
1.6449
1.6449
1.6449
1.6359
1.6359
1.6359
1.6359
1.6359
1.6359
1.6359
1.6359
1.6691
1.6691
1.6691
1.6691
1.6691
1.6691
1.6691
1.6691
1.6442
1.6442
1.6442
1.6442
1.6442
1.6442
1.6442
1.6442
1.6376
1.6376
1.6376
1.6376
1.6376
1.6376
1.6376
1.6376
1.6708
1.6708
1.6708
1.6708
1.6708
1.6708
1.6708
1.6708
1.6434
1.6434
1.6434
1.6434
1.6434
1.6434
1.6434
1.6434
1.6391
1.6391
1.6391
1.6391
1.6391
1.6391
1.6391
1.6391
1.674
1.674
1.674
1.674
1.674
1.674
1.674
1.674
1.6416
1.6416
1.6416
1.6416
1.6406
1.6406
1.6406
1.6406
1.6406
1.6406
1.6406
1.6406
1.6354
1.6354
1.6354
1.6354
1.6354
1.6354
1.6354
1.6354
1.6648
1.6648
1.6648
1.6648
1.6648
1.6648
1.6648
1.6648
1.6431
1.6431
1.6431
1.6431
1.6431
1.6431
1.6431
1.6431
1.6361
1.6361
1.6361
1.6361
1.6361
1.6361
1.6361
1.6361
1.6674
1.6674
1.6674
1.6674
1.6674
1.6674
1.6674
1.6674
1.644
1.644
1.644
1.644
1.644
1.644
1.644
1.644
1.6369
1.6369
1.6369
1.6369
1.6369
1.6369
1.6369
1.6369
1.6712
1.6712
1.6712
1.6712
1.6712
1.6712
1.6712
1.6712
1.6431
1.6431
1.6431
1.6431
1.6431
1.6431
1.6431
1.6431
1.638
1.638
1.638
1.638
1.638
1.638
1.638
1.638
1.6732
1.6732
1.6732
1.6732
1.6732
1.6732
1.6732
1.6732
1.6423
1.6423
1.6423
1.6423
1.6402
1.6402
1.6402
1.6402
1.6402
1.6402
1.6402
1.6402
1.6365
1.6365
1.6365
1.6365
1.6365
1.6365
1.6365
1.6365
1.6633
1.6633
1.6633
1.6633
1.6633
1.6633
1.6633
1.6633
1.6429
1.6429
1.6429
1.6429
1.6429
1.6429
1.6429
1.6429
1.6346
1.6346
1.6346
1.6346
1.6346
1.6346
1.6346
1.6346
1.6689
1.6689
1.6689
1.6689
1.6689
1.6689
1.6689
1.6689
1.6438
1.6438
1.6438
1.6438
1.6438
1.6438
1.6438
1.6438
1.6358
1.6358
1.6358
1.6358
1.6358
1.6358
1.6358
1.6358
1.6699
1.6699
1.6699
1.6699
1.6699
1.6699
1.6699
1.6699
1.6436
1.6436
1.6436
1.6436
1.6436
1.6436
1.6436
1.6436
1.6382
1.6382
1.6382
1.6382
1.6382
1.6382
1.6382
1.6382
1.6725
1.6725
1.6725
1.6725
1.6725
1.6725
1.6725
1.6725
1.644
1.644
1.644
1.644
1.6393
1.6393
1.6393
1.6393
1.6393
1.6393
1.6393
1.6393
1.6348
1.6348
1.6348
1.6348
1.6348
1.6348
1.6348
1.6348
1.6635
1.6635
1.6635
1.6635
1.6635
1.6635
1.6635
1.6635
1.6448
1.6448
1.6448
1.6448
1.6448
1.6448
1.6448
1.6448
1.6337
1.6337
1.6337
1.6337
1.6337
1.6337
1.6337
1.6337
1.6661
1.6661
1.6661
1.6661
1.6661
1.6661
1.6661
1.6661
1.6431
1.6431
1.6431
1.6431
1.6431
1.6431
1.6431
1.6431
1.6382
1.6382
1.6382
1.6382
1.6382
1.6382
1.6382
1.6382
1.6693
1.6693
1.6693
1.6693
1.6693
1.6693
1.6693
1.6693
1.6432
1.6432
1.6432
1.6432
1.6432
1.6432
1.6432
1.6432
1.6371
1.6371
1.6371
1.6371
1.6371
1.6371
1.6371
1.6371
1.6719
1.6719
1.6719
1.6719
1.6719
1.6719
1.6719
1.6719
1.644
1.644
1.644
1.644
1.6404
1.6404
1.6404
1.6404
1.6404
1.6404
1.6404
1.6404
1.6359
1.6359
1.6359
1.6359
1.6359
1.6359
1.6359
1.6359
1.6599
1.6599
1.6599
1.6599
1.6599
1.6599
1.6599
1.6599
1.6425
1.6425
1.6425
1.6425
1.6425
1.6425
1.6425
1.6425
1.6341
1.6341
1.6341
1.6341
1.6341
1.6341
1.6341
1.6341
1.6663
1.6663
1.6663
1.6663
1.6663
1.6663
1.6663
1.6663
1.6429
1.6429
1.6429
1.6429
1.6429
1.6429
1.6429
1.6429
1.6359
1.6359
1.6359
1.6359
1.6359
1.6359
1.6359
1.6359
1.6665
1.6665
1.6665
1.6665
1.6665
1.6665
1.6665
1.6665
1.6438
1.6438
1.6438
1.6438
1.6438
1.6438
1.6438
1.6438
1.6371
1.6371
1.6371
1.6371
1.6371
1.6371
1.6371
1.6371
1.6723
1.6723
1.6723
1.6723
1.6723
1.6723
1.6723
1.6723
1.6451
1.6451
1.6451
1.6451
1.6397
1.6397
1.6397
1.6397
1.6397
1.6397
1.6397
1.6397
1.6343
1.6343
1.6343
1.6343
1.6343
1.6343
1.6343
1.6343
1.6631
1.6631
1.6631
1.6631
1.6631
1.6631
1.6631
1.6631
1.6432
1.6432
1.6432
1.6432
1.6432
1.6432
1.6432
1.6432
1.6354
1.6354
1.6354
1.6354
1.6354
1.6354
1.6354
1.6354
1.6674
1.6674
1.6674
1.6674
1.6674
1.6674
1.6674
1.6674
1.6438
1.6438
1.6438
1.6438
1.6438
1.6438
1.6438
1.6438
1.6354
1.6354
1.6354
1.6354
1.6354
1.6354
1.6354
1.6354
1.6695
1.6695
1.6695
1.6695
1.6695
1.6695
1.6695
1.6695
1.6442
1.6442
1.6442
1.6442
1.6442
1.6442
1.6442
1.6442
1.6391
1.6391
1.6391
1.6391
1.6391
1.6391
1.6391
1.6391
1.6718
1.6718
1.6718
1.6718
1.6718
1.6718
1.6718
1.6718
1.6464
1.6464
1.6464
1.6464
1.6393
1.6393
1.6393
1.6393
1.6393
1.6393
1.6393
1.6393
1.6356
1.6356
1.6356
1.6356
1.6356
1.6356
1.6356
1.6356
1.6588
1.6588
1.6588
1.6588
1.6588
1.6588
1.6588
1.6588
1.6453
1.6453
1.6453
1.6453
1.6453
1.6453
1.6453
1.6453
1.6348
1.6348
1.6348
1.6348
1.6348
1.6348
1.6348
1.6348
1.6699
1.6699
1.6699
1.6699
1.6699
1.6699
1.6699
1.6699
1.6444
1.6444
1.6444
1.6444
1.6444
1.6444
1.6444
1.6444
1.6373
1.6373
1.6373
1.6373
1.6373
1.6373
1.6373
1.6373
1.6721
1.6721
1.6721
1.6721
1.6721
1.6721
1.6721
1.6721
1.6449
1.6449
1.6449
1.6449
1.6449
1.6449
1.6449
1.6449
1.6391
1.6391
1.6391
1.6391
1.6391
1.6391
1.6391
1.6391
1.6732
1.6732
1.6732
1.6732
1.6732
1.6732
1.6732
1.6732
1.6449
1.6449
1.6449
1.6449
1.6404
1.6404
1.6404
1.6404
1.6404
1.6404
1.6404
1.6404
1.6425
1.6425
1.6425
1.6425
1.6425
1.6425
1.6425
1.6425
1.626
1.626
1.626
1.626
1.626
1.626
1.626
1.626
1.6448
1.6448
1.6448
1.6448
1.6448
1.6448
1.6448
1.6448
1.641
1.641
1.641
1.641
1.641
1.641
1.641
1.641
1.6292
1.6292
1.6292
1.6292
1.6292
1.6292
1.6292
1.6292
1.6468
1.6468
1.6468
1.6468
1.6468
1.6468
1.6468
1.6468
1.6402
1.6402
1.6402
1.6402
1.6402
1.6402
1.6402
1.6402
1.6311
1.6311
1.6311
1.6311
1.6311
1.6311
1.6311
1.6311
1.6487
1.6487
1.6487
1.6487
1.6487
1.6487
1.6487
1.6487
1.6391
1.6391
1.6391
1.6391
1.6391
1.6391
1.6391
1.6391
1.6324
1.6324
1.6324
1.6324
1.6324
1.6324
1.6324
1.6324
1.6523
1.6523
1.6523
1.6523
1.6406
1.6406
1.6406
1.6406
1.6406
1.6406
1.6406
1.6406
1.6468
1.6468
1.6468
1.6468
1.6468
1.6468
1.6468
1.6468
1.6234
1.6234
1.6234
1.6234
1.6234
1.6234
1.6234
1.6234
1.6427
1.6427
1.6427
1.6427
1.6427
1.6427
1.6427
1.6427
1.6431
1.6431
1.6431
1.6431
1.6431
1.6431
1.6431
1.6431
1.6258
1.6258
1.6258
1.6258
1.6258
1.6258
1.6258
1.6258
1.6449
1.6449
1.6449
1.6449
1.6449
1.6449
1.6449
1.6449
1.6416
1.6416
1.6416
1.6416
1.6416
1.6416
1.6416
1.6416
1.6292
1.6292
1.6292
1.6292
1.6292
1.6292
1.6292
1.6292
1.6464
1.6464
1.6464
1.6464
1.6464
1.6464
1.6464
1.6464
1.6386
1.6386
1.6386
1.6386
1.6386
1.6386
1.6386
1.6386
1.6328
1.6328
1.6328
1.6328
1.6328
1.6328
1.6328
1.6328
1.6511
1.6511
1.6511
1.6511
1.6386
1.6386
1.6386
1.6386
1.6386
1.6386
1.6386
1.6386
1.6481
1.6481
1.6481
1.6481
1.6481
1.6481
1.6481
1.6481
1.6237
1.6237
1.6237
1.6237
1.6237
1.6237
1.6237
1.6237
1.6419
1.6419
1.6419
1.6419
1.6419
1.6419
1.6419
1.6419
1.6444
1.6444
1.6444
1.6444
1.6444
1.6444
1.6444
1.6444
1.6264
1.6264
1.6264
1.6264
1.6264
1.6264
1.6264
1.6264
1.6436
1.6436
1.6436
1.6436
1.6436
1.6436
1.6436
1.6436
1.641
1.641
1.641
1.641
1.641
1.641
1.641
1.641
1.6286
1.6286
1.6286
1.6286
1.6286
1.6286
1.6286
1.6286
1.6476
1.6476
1.6476
1.6476
1.6476
1.6476
1.6476
1.6476
1.6395
1.6395
1.6395
1.6395
1.6395
1.6395
1.6395
1.6395
1.6314
1.6314
1.6314
1.6314
1.6314
1.6314
1.6314
1.6314
1.6523
1.6523
1.6523
1.6523
1.6391
1.6391
1.6391
1.6391
1.6391
1.6391
1.6391
1.6391
1.6521
1.6521
1.6521
1.6521
1.6521
1.6521
1.6521
1.6521
1.6206
1.6206
1.6206
1.6206
1.6206
1.6206
1.6206
1.6206
1.6419
1.6419
1.6419
1.6419
1.6419
1.6419
1.6419
1.6419
1.6481
1.6481
1.6481
1.6481
1.6481
1.6481
1.6481
1.6481
1.6237
1.6237
1.6237
1.6237
1.6237
1.6237
1.6237
1.6237
1.6432
1.6432
1.6432
1.6432
1.6432
1.6432
1.6432
1.6432
1.6431
1.6431
1.6431
1.6431
1.6431
1.6431
1.6431
1.6431
1.6262
1.6262
1.6262
1.6262
1.6262
1.6262
1.6262
1.6262
1.6453
1.6453
1.6453
1.6453
1.6453
1.6453
1.6453
1.6453
1.6391
1.6391
1.6391
1.6391
1.6391
1.6391
1.6391
1.6391
1.6262
1.6262
1.6262
1.6262
1.6262
1.6262
1.6262
1.6262
1.6479
1.6479
1.6479
1.6479
1.6389
1.6389
1.6389
1.6389
1.6389
1.6389
1.6389
1.6389
1.6624
1.6624
1.6624
1.6624
1.6624
1.6624
1.6624
1.6624
1.6206
1.6206
1.6206
1.6206
1.6206
1.6206
1.6206
1.6206
1.6408
1.6408
1.6408
1.6408
1.6408
1.6408
1.6408
1.6408
1.6577
1.6577
1.6577
1.6577
1.6577
1.6577
1.6577
1.6577
1.6191
1.6191
1.6191
1.6191
1.6191
1.6191
1.6191
1.6191
1.6414
1.6414
1.6414
1.6414
1.6414
1.6414
1.6414
1.6414
1.6509
1.6509
1.6509
1.6509
1.6509
1.6509
1.6509
1.6509
1.6196
1.6196
1.6196
1.6196
1.6196
1.6196
1.6196
1.6196
1.6419
1.6419
1.6419
1.6419
1.6419
1.6419
1.6419
1.6419
1.6446
1.6446
1.6446
1.6446
1.6446
1.6446
1.6446
1.6446
1.6224
1.6224
1.6224
1.6224
1.6224
1.6224
1.6224
1.6224
1.6446
1.6446
1.6446
1.6446
1.6412
1.6412
1.6412
1.6412
1.6412
1.6412
1.6412
1.6412
1.6611
1.6611
1.6611
1.6611
1.6611
1.6611
1.6611
1.6611
1.6206
1.6206
1.6206
1.6206
1.6206
1.6206
1.6206
1.6206
1.6408
1.6408
1.6408
1.6408
1.6408
1.6408
1.6408
1.6408
1.6558
1.6558
1.6558
1.6558
1.6558
1.6558
1.6558
1.6558
1.6209
1.6209
1.6209
1.6209
1.6209
1.6209
1.6209
1.6209
1.6423
1.6423
1.6423
1.6423
1.6423
1.6423
1.6423
1.6423
1.6485
1.6485
1.6485
1.6485
1.6485
1.6485
1.6485
1.6485
1.6222
1.6222
1.6222
1.6222
1.6222
1.6222
1.6222
1.6222
1.6423
1.6423
1.6423
1.6423
1.6423
1.6423
1.6423
1.6423
1.6446
1.6446
1.6446
1.6446
1.6446
1.6446
1.6446
1.6446
1.6247
1.6247
1.6247
1.6247
1.6247
1.6247
1.6247
1.6247
1.6461
1.6461
1.6461
1.6461
1.6406
1.6406
1.6406
1.6406
1.6406
1.6406
1.6406
1.6406
1.6674
1.6674
1.6674
1.6674
1.6674
1.6674
1.6674
1.6674
1.6213
1.6213
1.6213
1.6213
1.6213
1.6213
1.6213
1.6213
1.6402
1.6402
1.6402
1.6402
1.6402
1.6402
1.6402
1.6402
1.6628
1.6628
1.6628
1.6628
1.6628
1.6628
1.6628
1.6628
1.6208
1.6208
1.6208
1.6208
1.6208
1.6208
1.6208
1.6208
1.6417
1.6417
1.6417
1.6417
1.6417
1.6417
1.6417
1.6417
1.6549
1.6549
1.6549
1.6549
1.6549
1.6549
1.6549
1.6549
1.6211
1.6211
1.6211
1.6211
1.6211
1.6211
1.6211
1.6211
1.641
1.641
1.641
1.641
1.641
1.641
1.641
1.641
1.647
1.647
1.647
1.647
1.647
1.647
1.647
1.647
1.6236
1.6236
1.6236
1.6236
1.6236
1.6236
1.6236
1.6236
1.644
1.644
1.644
1.644
1.6431
1.6431
1.6431
1.6431
1.6431
1.6431
1.6431
1.6431
1.6727
1.6727
1.6727
1.6727
1.6727
1.6727
1.6727
1.6727
1.6251
1.6251
1.6251
1.6251
1.6251
1.6251
1.6251
1.6251
1.6406
1.6406
1.6406
1.6406
1.6406
1.6406
1.6406
1.6406
1.6688
1.6688
1.6688
1.6688
1.6688
1.6688
1.6688
1.6688
1.6215
1.6215
1.6215
1.6215
1.6215
1.6215
1.6215
1.6215
1.6408
1.6408
1.6408
1.6408
1.6408
1.6408
1.6408
1.6408
1.6614
1.6614
1.6614
1.6614
1.6614
1.6614
1.6614
1.6614
1.6204
1.6204
1.6204
1.6204
1.6204
1.6204
1.6204
1.6204
1.6419
1.6419
1.6419
1.6419
1.6419
1.6419
1.6419
1.6419
1.6545
1.6545
1.6545
1.6545
1.6545
1.6545
1.6545
1.6545
1.6221
1.6221
1.6221
1.6221
1.6221
1.6221
1.6221
1.6221
1.6429
1.6429
1.6429
1.6429
1.6481
1.6481
1.6481
1.6481
1.6481
1.6481
1.6481
1.6481
1.6779
1.6779
1.6779
1.6779
1.6779
1.6779
1.6779
1.6779
1.6318
1.6318
1.6318
1.6318
1.6318
1.6318
1.6318
1.6318
1.6417
1.6417
1.6417
1.6417
1.6417
1.6417
1.6417
1.6417
1.677
1.677
1.677
1.677
1.677
1.677
1.677
1.677
1.6266
1.6266
1.6266
1.6266
1.6266
1.6266
1.6266
1.6266
1.6404
1.6404
1.6404
1.6404
1.6404
1.6404
1.6404
1.6404
1.6729
1.6729
1.6729
1.6729
1.6729
1.6729
1.6729
1.6729
1.6232
1.6232
1.6232
1.6232
1.6232
1.6232
1.6232
1.6232
1.6399
1.6399
1.6399
1.6399
1.6399
1.6399
1.6399
1.6399
1.668
1.668
1.668
1.668
1.668
1.668
1.668
1.668
1.6221
1.6221
1.6221
1.6221
1.6221
1.6221
1.6221
1.6221
1.641
1.641
1.641
1.641
1.6611
1.6611
1.6611
1.6611
1.6611
1.6611
1.6611
1.6611
1.6779
1.6779
1.6779
1.6779
1.6779
1.6779
1.6779
1.6779
1.6314
1.6314
1.6314
1.6314
1.6314
1.6314
1.6314
1.6314
1.6406
1.6406
1.6406
1.6406
1.6406
1.6406
1.6406
1.6406
1.6772
1.6772
1.6772
1.6772
1.6772
1.6772
1.6772
1.6772
1.6279
1.6279
1.6279
1.6279
1.6279
1.6279
1.6279
1.6279
1.6404
1.6404
1.6404
1.6404
1.6404
1.6404
1.6404
1.6404
1.6742
1.6742
1.6742
1.6742
1.6742
1.6742
1.6742
1.6742
1.6251
1.6251
1.6251
1.6251
1.6251
1.6251
1.6251
1.6251
1.641
1.641
1.641
1.641
1.641
1.641
1.641
1.641
1.6699
1.6699
1.6699
1.6699
1.6699
1.6699
1.6699
1.6699
1.6215
1.6215
1.6215
1.6215
1.6215
1.6215
1.6215
1.6215
1.6412
1.6412
1.6412
1.6412
1.6628
1.6628
1.6628
1.6628
1.6628
1.6628
1.6628
1.6628
1.6796
1.6796
1.6796
1.6796
1.6796
1.6796
1.6796
1.6796
1.6316
1.6316
1.6316
1.6316
1.6316
1.6316
1.6316
1.6316
1.6417
1.6417
1.6417
1.6417
1.6417
1.6417
1.6417
1.6417
1.677
1.677
1.677
1.677
1.677
1.677
1.677
1.677
1.6281
1.6281
1.6281
1.6281
1.6281
1.6281
1.6281
1.6281
1.6402
1.6402
1.6402
1.6402
1.6402
1.6402
1.6402
1.6402
1.6753
1.6753
1.6753
1.6753
1.6753
1.6753
1.6753
1.6753
1.6243
1.6243
1.6243
1.6243
1.6243
1.6243
1.6243
1.6243
1.6404
1.6404
1.6404
1.6404
1.6404
1.6404
1.6404
1.6404
1.6701
1.6701
1.6701
1.6701
1.6701
1.6701
1.6701
1.6701
1.6215
1.6215
1.6215
1.6215
1.6215
1.6215
1.6215
1.6215
1.6402
1.6402
1.6402
1.6402
1.6629
1.6629
1.6629
1.6629
1.6629
1.6629
1.6629
1.6629
1.6794
1.6794
1.6794
1.6794
1.6794
1.6794
1.6794
1.6794
1.6367
1.6367
1.6367
1.6367
1.6367
1.6367
1.6367
1.6367
1.6404
1.6404
1.6404
1.6404
1.6404
1.6404
1.6404
1.6404
1.6793
1.6793
1.6793
1.6793
1.6793
1.6793
1.6793
1.6793
1.6329
1.6329
1.6329
1.6329
1.6329
1.6329
1.6329
1.6329
1.6399
1.6399
1.6399
1.6399
1.6399
1.6399
1.6399
1.6399
1.6783
1.6783
1.6783
1.6783
1.6783
1.6783
1.6783
1.6783
1.6279
1.6279
1.6279
1.6279
1.6279
1.6279
1.6279
1.6279
1.6414
1.6414
1.6414
1.6414
1.6414
1.6414
1.6414
1.6414
1.6747
1.6747
1.6747
1.6747
1.6747
1.6747
1.6747
1.6747
1.6262
1.6262
1.6262
1.6262
1.6262
1.6262
1.6262
1.6262
1.6401
1.6401
1.6401
1.6401
1.6716
1.6716
1.6716
1.6716
1.6716
1.6716
1.6716
1.6716
1.6785
1.6785
1.6785
1.6785
1.6785
1.6785
1.6785
1.6785
1.6365
1.6365
1.6365
1.6365
1.6365
1.6365
1.6365
1.6365
1.6406
1.6406
1.6406
1.6406
1.6406
1.6406
1.6406
1.6406
1.6783
1.6783
1.6783
1.6783
1.6783
1.6783
1.6783
1.6783
1.6314
1.6314
1.6314
1.6314
1.6314
1.6314
1.6314
1.6314
1.6423
1.6423
1.6423
1.6423
1.6423
1.6423
1.6423
1.6423
1.6781
1.6781
1.6781
1.6781
1.6781
1.6781
1.6781
1.6781
1.6264
1.6264
1.6264
1.6264
1.6264
1.6264
1.6264
1.6264
1.6399
1.6399
1.6399
1.6399
1.6399
1.6399
1.6399
1.6399
1.6746
1.6746
1.6746
1.6746
1.6746
1.6746
1.6746
1.6746
1.6236
1.6236
1.6236
1.6236
1.6236
1.6236
1.6236
1.6236
1.6414
1.6414
1.6414
1.6414
1.6689
1.6689
1.6689
1.6689
1.6689
1.6689
1.6689
1.6689
1.6787
1.6787
1.6787
1.6787
1.6787
1.6787
1.6787
1.6787
1.6352
1.6352
1.6352
1.6352
1.6352
1.6352
1.6352
1.6352
1.6416
1.6416
1.6416
1.6416
1.6416
1.6416
1.6416
1.6416
1.6796
1.6796
1.6796
1.6796
1.6796
1.6796
1.6796
1.6796
1.6303
1.6303
1.6303
1.6303
1.6303
1.6303
1.6303
1.6303
1.6414
1.6414
1.6414
1.6414
1.6414
1.6414
1.6414
1.6414
1.6776
1.6776
1.6776
1.6776
1.6776
1.6776
1.6776
1.6776
1.6286
1.6286
1.6286
1.6286
1.6286
1.6286
1.6286
1.6286
1.6404
1.6404
1.6404
1.6404
1.6404
1.6404
1.6404
1.6404
1.6753
1.6753
1.6753
1.6753
1.6753
1.6753
1.6753
1.6753
1.6243
1.6243
1.6243
1.6243
1.6243
1.6243
1.6243
1.6243
1.6419
1.6419
1.6419
1.6419
1.6695
1.6695
1.6695
1.6695
1.6695
1.6695
1.6695
1.6695
1.6776
1.6776
1.6776
1.6776
1.6776
1.6776
1.6776
1.6776
1.6359
1.6359
1.6359
1.6359
1.6359
1.6359
1.6359
1.6359
1.6408
1.6408
1.6408
1.6408
1.6408
1.6408
1.6408
1.6408
1.6783
1.6783
1.6783
1.6783
1.6783
1.6783
1.6783
1.6783
1.6307
1.6307
1.6307
1.6307
1.6307
1.6307
1.6307
1.6307
1.6402
1.6402
1.6402
1.6402
1.6402
1.6402
1.6402
1.6402
1.6762
1.6762
1.6762
1.6762
1.6762
1.6762
1.6762
1.6762
1.6281
1.6281
1.6281
1.6281
1.6281
1.6281
1.6281
1.6281
1.6401
1.6401
1.6401
1.6401
1.6401
1.6401
1.6401
1.6401
1.6738
1.6738
1.6738
1.6738
1.6738
1.6738
1.6738
1.6738
1.6234
1.6234
1.6234
1.6234
1.6234
1.6234
1.6234
1.6234
1.6393
1.6393
1.6393
1.6393
1.6678
1.6678
1.6678
1.6678
1.6678
1.6678
1.6678
1.6678
1.6776
1.6776
1.6776
1.6776
1.6776
1.6776
1.6776
1.6776
1.6356
1.6356
1.6356
1.6356
1.6356
1.6356
1.6356
1.6356
1.641
1.641
1.641
1.641
1.641
1.641
1.641
1.641
1.677
1.677
1.677
1.677
1.677
1.677
1.677
1.677
1.632
1.632
1.632
1.632
1.632
1.632
1.632
1.632
1.6414
1.6414
1.6414
1.6414
1.6414
1.6414
1.6414
1.6414
1.6757
1.6757
1.6757
1.6757
1.6757
1.6757
1.6757
1.6757
1.6283
1.6283
1.6283
1.6283
1.6283
1.6283
1.6283
1.6283
1.6406
1.6406
1.6406
1.6406
1.6406
1.6406
1.6406
1.6406
1.6736
1.6736
1.6736
1.6736
1.6736
1.6736
1.6736
1.6736
1.6251
1.6251
1.6251
1.6251
1.6251
1.6251
1.6251
1.6251
1.6408
1.6408
1.6408
1.6408
