1.84
1.84
1.84
1.84
1.84
1.43
1.43
1.43
1.43
1.43
1.7
1.7
1.7
1.7
1.26
1.26
1.26
1.26
1.35
1.35
1.35
1.35
1.84
1.84
1.84
1.84
1.27
1.27
1.27
1.27
1.33
1.33
1.33
1.33
2.03
2.03
2.03
2.03
1.29
1.29
1.29
1.29
1.27
1.27
1.27
1.27
1.87
1.87
1.87
1.87
1.36
1.36
1.36
1.36
1.27
1.27
1.27
1.27
1.72
1.72
1.72
1.72
1.59
1.59
1.59
1.59
1.26
1.26
1.26
1.26
1.49
1.49
1.49
1.49
1.81
1.81
1.81
1.81
1.27
1.27
1.27
1.27
1.33
1.33
1.33
1.33
1.94
1.94
1.94
1.94
1.28
1.28
1.28
1.28
1.28
1.28
1.28
1.28
1.98
1.98
1.34
1.34
1.34
1.34
1.34
1.73
1.73
1.73
1.73
1.73
1.27
1.27
1.27
1.27
1.67
1.67
1.67
1.67
1.7
1.7
1.7
1.7
1.27
1.27
1.27
1.27
1.42
1.42
1.42
1.42
1.83
1.83
1.83
1.83
1.27
1.27
1.27
1.27
1.29
1.29
1.29
1.29
1.87
1.87
1.87
1.87
1.28
1.28
1.28
1.28
1.27
1.27
1.27
1.27
1.84
1.84
1.84
1.84
1.35
1.35
1.35
1.35
1.27
1.27
1.27
1.27
1.68
1.68
1.68
1.68
1.57
1.57
1.57
1.57
1.27
1.27
1.27
1.27
1.48
1.48
1.48
1.48
1.83
1.83
1.83
1.83
1.27
1.27
1.27
1.27
1.33
1.33
1.33
1.33
1.95
1.95
1.95
1.95
1.28
1.28
1.28
1.28
1.28
1.28
1.28
1.27
1.27
1.27
1.27
1.27
1.93
1.93
1.93
1.93
1.53
1.53
1.53
1.53
1.27
1.27
1.27
1.27
1.73
1.73
1.73
1.73
1.79
1.79
1.79
1.79
1.27
1.27
1.27
1.27
1.45
1.45
1.45
1.45
1.92
1.92
1.92
1.92
1.27
1.27
1.27
1.27
1.31
1.31
1.31
1.31
1.99
1.99
1.99
1.99
1.29
1.29
1.29
1.29
1.27
1.27
1.27
1.27
1.91
1.91
1.91
1.91
1.4
1.4
1.4
1.4
1.27
1.27
1.27
1.27
1.78
1.78
1.78
1.78
1.69
1.69
1.69
1.69
1.27
1.27
1.27
1.27
1.51
1.51
1.51
1.51
1.87
1.87
1.87
1.87
1.27
1.27
1.27
1.27
1.33
1.33
1.95
1.95
1.95
1.95
1.95
1.9
1.9
1.9
1.9
1.9
1.3
1.3
1.3
1.3
1.27
1.27
1.27
1.27
1.91
1.91
1.91
1.91
1.5
1.5
1.5
1.5
1.27
1.27
1.27
1.27
1.73
1.73
1.73
1.73
1.78
1.78
1.78
1.78
1.27
1.27
1.27
1.27
1.46
1.46
1.46
1.46
1.93
1.93
1.93
1.93
1.27
1.27
1.27
1.27
1.31
1.31
1.31
1.31
2.0
2.0
2.0
2.0
1.29
1.29
1.29
1.29
1.27
1.27
1.27
1.27
1.97
1.97
1.97
1.97
1.43
1.43
1.43
1.43
1.27
1.27
1.27
1.27
1.8
1.8
1.8
1.8
1.7
1.7
1.7
1.7
1.27
1.27
1.27
1.27
1.56
1.56
1.56
1.56
1.93
1.93
1.27
1.27
1.27
1.27
1.27
1.37
1.37
1.37
1.37
1.37
1.29
1.29
1.29
1.29
1.98
1.98
1.98
1.98
1.33
1.33
1.33
1.33
1.27
1.27
1.27
1.27
1.9
1.9
1.9
1.9
1.56
1.56
1.56
1.56
1.27
1.27
1.27
1.27
1.66
1.66
1.66
1.66
1.81
1.81
1.81
1.81
1.27
1.27
1.27
1.27
1.41
1.41
1.41
1.41
1.93
1.93
1.93
1.93
1.27
1.27
1.27
1.27
1.29
1.29
1.29
1.29
1.99
1.99
1.99
1.99
1.3
1.3
1.3
1.3
1.27
1.27
1.27
1.27
1.94
1.94
1.94
1.94
1.48
1.48
1.48
1.48
1.27
1.27
1.27
1.27
1.77
1.77
1.77
1.77
1.76
1.76
1.76
1.76
1.27
1.27
1.49
1.49
1.49
1.49
1.49
1.28
1.28
1.28
1.28
1.28
1.92
1.92
1.92
1.92
1.27
1.27
1.27
1.27
1.28
1.28
1.28
1.28
1.94
1.94
1.94
1.94
1.32
1.32
1.32
1.32
1.27
1.27
1.27
1.27
1.84
1.84
1.84
1.84
1.52
1.52
1.52
1.52
1.27
1.27
1.27
1.27
1.63
1.63
1.63
1.63
1.79
1.79
1.79
1.79
1.27
1.27
1.27
1.27
1.41
1.41
1.41
1.41
1.93
1.93
1.93
1.93
1.27
1.27
1.27
1.27
1.29
1.29
1.29
1.29
1.98
1.98
1.98
1.98
1.3
1.3
1.3
1.3
1.27
1.27
1.27
1.27
1.95
1.95
1.95
1.95
1.49
1.49
1.49
1.49
1.27
1.27
1.27
1.27
1.75
1.75
1.76
1.76
1.76
1.76
1.76
1.97
1.97
1.97
1.97
1.97
1.27
1.27
1.27
1.27
1.36
1.36
1.36
1.36
1.97
1.97
1.97
1.97
1.28
1.28
1.28
1.28
1.28
1.28
1.28
1.28
2.0
2.0
2.0
2.0
1.35
1.35
1.35
1.35
1.27
1.27
1.27
1.27
1.91
1.91
1.91
1.91
1.6
1.6
1.6
1.6
1.27
1.27
1.27
1.27
1.71
1.71
1.71
1.71
1.87
1.87
1.87
1.87
1.27
1.27
1.27
1.27
1.44
1.44
1.44
1.44
2.0
2.0
2.0
2.0
1.28
1.28
1.28
1.28
1.3
1.3
1.3
1.3
2.06
2.06
2.06
2.06
1.33
1.33
1.33
1.33
1.28
1.28
1.28
1.28
2.02
2.02
2.02
2.02
1.57
1.57
1.27
1.27
1.27
1.27
1.27
1.27
1.27
1.27
1.27
1.27
1.49
1.49
1.49
1.49
1.91
1.91
1.91
1.91
1.27
1.27
1.27
1.27
1.31
1.31
1.31
1.31
1.95
1.95
1.95
1.95
1.28
1.28
1.28
1.28
1.27
1.27
1.27
1.27
1.89
1.89
1.89
1.89
1.35
1.35
1.35
1.35
1.27
1.27
1.27
1.27
1.73
1.73
1.73
1.73
1.57
1.57
1.57
1.57
1.26
1.26
1.26
1.26
1.49
1.49
1.49
1.49
1.78
1.78
1.78
1.78
1.27
1.27
1.27
1.27
1.33
1.33
1.33
1.33
1.91
1.91
1.91
1.91
1.27
1.27
1.27
1.27
1.28
1.28
1.28
1.28
1.83
1.83
1.83
1.83
1.28
1.28
1.28
1.28
1.27
1.27
1.8
1.8
1.8
1.8
1.8
1.46
1.46
1.46
1.46
1.46
1.72
1.72
1.72
1.72
1.27
1.27
1.27
1.27
1.46
1.46
1.46
1.46
1.88
1.88
1.88
1.88
1.27
1.27
1.27
1.27
1.31
1.31
1.31
1.31
1.96
1.96
1.96
1.96
1.28
1.28
1.28
1.28
1.28
1.28
1.28
1.28
1.95
1.95
1.95
1.95
1.39
1.39
1.39
1.39
1.27
1.27
1.27
1.27
1.8
1.8
1.8
1.8
1.66
1.66
1.66
1.66
1.27
1.27
1.27
1.27
1.55
1.55
1.55
1.55
1.85
1.85
1.85
1.85
1.27
1.27
1.27
1.27
1.35
1.35
1.35
1.35
1.95
1.95
1.95
1.95
1.28
1.28
1.28
1.28
1.28
1.28
1.28
1.28
1.97
1.97
1.35
1.35
1.35
1.35
1.35
1.73
1.73
1.73
1.73
1.73
1.27
1.27
1.27
1.27
1.73
1.73
1.73
1.73
1.74
1.74
1.74
1.74
1.27
1.27
1.27
1.27
1.49
1.49
1.49
1.49
1.92
1.92
1.92
1.92
1.27
1.27
1.27
1.27
1.32
1.32
1.32
1.32
2.02
2.02
2.02
2.02
1.29
1.29
1.29
1.29
1.28
1.28
1.28
1.28
2.03
2.03
2.03
2.03
1.45
1.45
1.45
1.45
1.27
1.27
1.27
1.27
1.89
1.89
1.89
1.89
1.74
1.74
1.74
1.74
1.27
1.27
1.27
1.27
1.63
1.63
1.63
1.63
1.94
1.94
1.94
1.94
1.27
1.27
1.27
1.27
1.38
1.38
1.38
1.38
2.02
2.02
2.02
2.02
1.28
1.28
1.29
1.29
1.29
1.29
1.29
1.27
1.27
1.27
1.27
1.27
1.96
1.96
1.96
1.96
1.56
1.56
1.56
1.56
1.27
1.27
1.27
1.27
1.75
1.75
1.75
1.75
1.82
1.82
1.82
1.82
1.27
1.27
1.27
1.27
1.48
1.48
1.48
1.48
1.95
1.95
1.95
1.95
1.27
1.27
1.27
1.27
1.31
1.31
1.31
1.31
2.03
2.03
2.03
2.03
1.3
1.3
1.3
1.3
1.28
1.28
1.28
1.28
1.98
1.98
1.98
1.98
1.47
1.47
1.47
1.47
1.27
1.27
1.27
1.27
1.8
1.8
1.8
1.8
1.73
1.73
1.73
1.73
1.27
1.27
1.27
1.27
1.53
1.53
1.53
1.53
1.91
1.91
1.91
1.91
1.27
1.27
1.27
1.27
1.34
1.34
1.99
1.99
1.99
1.99
1.99
1.91
1.91
1.91
1.91
1.91
1.33
1.33
1.33
1.33
1.27
1.27
1.27
1.27
1.91
1.91
1.91
1.91
1.55
1.55
1.55
1.55
1.27
1.27
1.27
1.27
1.71
1.71
1.71
1.71
1.84
1.84
1.84
1.84
1.27
1.27
1.27
1.27
1.46
1.46
1.46
1.46
1.98
1.98
1.98
1.98
1.27
1.27
1.27
1.27
1.31
1.31
1.31
1.31
2.06
2.06
2.06
2.06
1.32
1.32
1.32
1.32
1.28
1.28
1.28
1.28
2.02
2.02
2.02
2.02
1.54
1.54
1.54
1.54
1.27
1.27
1.27
1.27
1.85
1.85
1.85
1.85
1.83
1.83
1.83
1.83
1.27
1.27
1.27
1.27
1.59
1.59
1.59
1.59
1.99
1.99
1.27
1.27
1.27
1.27
1.27
1.47
1.47
1.47
1.47
1.47
1.31
1.31
1.31
1.31
2.15
2.15
2.15
2.15
1.44
1.44
1.44
1.44
1.28
1.28
1.28
1.28
2.07
2.07
2.07
2.07
1.75
1.75
1.75
1.75
1.27
1.27
1.27
1.27
1.82
1.82
1.82
1.82
1.97
1.97
1.97
1.97
1.27
1.27
1.27
1.27
1.49
1.49
1.49
1.49
2.06
2.06
2.06
2.06
1.28
1.28
1.28
1.28
1.32
1.32
1.32
1.32
2.1
2.1
2.1
2.1
1.34
1.34
1.34
1.34
1.28
1.28
1.28
1.28
2.03
2.03
2.03
2.03
1.57
1.57
1.57
1.57
1.27
1.27
1.27
1.27
1.82
1.82
1.82
1.82
1.84
1.84
1.84
1.84
1.27
1.27
1.53
1.53
1.53
1.53
1.53
1.28
1.28
1.28
1.28
1.28
1.99
1.99
1.99
1.99
1.28
1.28
1.28
1.28
1.28
1.28
1.28
1.28
1.97
1.97
1.97
1.97
1.37
1.37
1.37
1.37
1.27
1.27
1.27
1.27
1.86
1.86
1.86
1.86
1.61
1.61
1.61
1.61
1.27
1.27
1.27
1.27
1.63
1.63
1.63
1.63
1.87
1.87
1.87
1.87
1.27
1.27
1.27
1.27
1.41
1.41
1.41
1.41
2.0
2.0
2.0
2.0
1.28
1.28
1.28
1.28
1.29
1.29
1.29
1.29
2.05
2.05
2.05
2.05
1.35
1.35
1.35
1.35
1.27
1.27
1.27
1.27
1.96
1.96
1.96
1.96
1.59
1.59
1.59
1.59
1.27
1.27
1.27
1.27
1.76
1.76
1.86
1.86
1.86
1.86
1.86
2.03
2.03
2.03
2.03
2.03
1.27
1.27
1.27
1.27
1.36
1.36
1.36
1.36
2.01
2.01
2.01
2.01
1.28
1.28
1.28
1.28
1.28
1.28
1.28
1.28
1.97
1.97
1.97
1.97
1.34
1.34
1.34
1.34
1.27
1.27
1.27
1.27
1.73
1.73
1.73
1.73
1.42
1.42
1.42
1.42
1.26
1.26
1.26
1.26
1.38
1.38
1.38
1.38
1.51
1.51
1.51
1.51
1.26
1.26
1.26
1.26
1.29
1.29
1.29
1.29
1.61
1.61
1.61
1.61
1.26
1.26
1.26
1.26
1.27
1.27
1.27
1.27
1.73
1.73
1.73
1.73
1.28
1.28
1.28
1.28
1.27
1.27
1.27
1.27
1.73
1.73
1.73
1.73
1.38
1.38
1.27
1.27
1.27
1.27
1.27
1.27
1.27
1.27
1.27
1.27
1.43
1.43
1.43
1.43
1.85
1.85
1.85
1.85
1.27
1.27
1.27
1.27
1.31
1.31
1.31
1.31
1.95
1.95
1.95
1.95
1.28
1.28
1.28
1.28
1.28
1.28
1.28
1.28
1.96
1.96
1.96
1.96
1.4
1.4
1.4
1.4
1.27
1.27
1.27
1.27
1.83
1.83
1.83
1.83
1.68
1.68
1.68
1.68
1.27
1.27
1.27
1.27
1.56
1.56
1.56
1.56
1.87
1.87
1.87
1.87
1.27
1.27
1.27
1.27
1.36
1.36
1.36
1.36
1.99
1.99
1.99
1.99
1.28
1.28
1.28
1.28
1.29
1.29
1.29
1.29
2.01
2.01
2.01
2.01
1.37
1.37
1.37
1.37
1.27
1.27
1.93
1.93
1.93
1.93
1.93
1.55
1.55
1.55
1.55
1.55
1.89
1.89
1.89
1.89
1.27
1.27
1.27
1.27
1.56
1.56
1.56
1.56
2.05
2.05
2.05
2.05
1.28
1.28
1.28
1.28
1.34
1.34
1.34
1.34
2.03
2.03
2.03
2.03
1.29
1.29
1.29
1.29
1.27
1.27
1.27
1.27
2.01
2.01
2.01
2.01
1.64
1.64
1.64
1.64
1.28
1.28
1.28
1.28
1.99
1.99
1.99
1.99
1.85
1.85
1.85
1.85
1.27
1.27
1.27
1.27
1.64
1.64
1.64
1.64
2.01
2.01
2.01
2.01
1.27
1.27
1.27
1.27
1.38
1.38
1.38
1.38
2.08
2.08
2.08
2.08
1.29
1.29
1.29
1.29
1.29
1.29
1.29
1.29
2.08
2.08
1.43
1.43
1.43
1.43
1.43
1.89
1.89
1.89
1.89
1.89
1.27
1.27
1.27
1.27
1.76
1.76
1.76
1.76
1.88
1.88
1.88
1.88
1.27
1.27
1.27
1.27
1.48
1.48
1.48
1.48
2.0
2.0
2.0
2.0
1.28
1.28
1.28
1.28
1.31
1.31
1.31
1.31
2.06
2.06
2.06
2.06
1.32
1.32
1.32
1.32
1.28
1.28
1.28
1.28
1.99
1.99
1.99
1.99
1.5
1.5
1.5
1.5
1.27
1.27
1.27
1.27
1.81
1.81
1.81
1.81
1.78
1.78
1.78
1.78
1.27
1.27
1.27
1.27
1.52
1.52
1.52
1.52
1.93
1.93
1.93
1.93
1.27
1.27
1.27
1.27
1.33
1.33
1.33
1.33
2.02
2.02
2.02
2.02
1.29
1.29
1.28
1.28
1.28
1.28
1.28
1.27
1.27
1.27
1.27
1.27
1.95
1.95
1.95
1.95
1.72
1.72
1.72
1.72
1.27
1.27
1.27
1.27
1.71
1.71
1.71
1.71
1.95
1.95
1.95
1.95
1.27
1.27
1.27
1.27
1.43
1.43
1.43
1.43
2.04
2.04
2.04
2.04
1.28
1.28
1.28
1.28
1.3
1.3
1.3
1.3
2.09
2.09
2.09
2.09
1.37
1.37
1.37
1.37
1.28
1.28
1.28
1.28
2.0
2.0
2.0
2.0
1.62
1.62
1.62
1.62
1.27
1.27
1.27
1.27
1.79
1.79
1.79
1.79
1.9
1.9
1.9
1.9
1.27
1.27
1.27
1.27
1.5
1.5
1.5
1.5
2.02
2.02
2.02
2.02
1.28
1.28
1.28
1.28
1.32
1.32
2.08
2.08
2.08
2.08
2.08
1.89
1.89
1.89
1.89
1.89
1.5
1.5
1.5
1.5
1.27
1.27
1.27
1.27
1.88
1.88
1.88
1.88
1.78
1.78
1.78
1.78
1.27
1.27
1.27
1.27
1.61
1.61
1.61
1.61
1.98
1.98
1.98
1.98
1.27
1.27
1.27
1.27
1.37
1.37
1.37
1.37
2.06
2.06
2.06
2.06
1.29
1.29
1.29
1.29
1.29
1.29
1.28
1.28
1.28
1.28
1.28
1.34
1.34
1.34
1.34
2.06
2.06
2.06
2.06
1.3
1.3
1.3
1.3
1.28
1.28
1.28
1.28
2.04
2.04
2.04
2.04
1.46
1.46
1.46
1.46
1.27
1.27
1.27
1.27
1.9
1.9
1.9
1.9
1.75
1.75
1.75
1.75
1.27
1.27
1.27
1.62
1.62
1.62
1.62
1.62
1.52
1.52
1.52
1.52
1.52
1.83
1.83
1.83
1.83
1.27
1.27
1.27
1.27
1.51
1.51
1.51
1.51
2.15
2.15
2.15
2.15
1.31
1.31
1.31
1.31
1.5
1.5
1.5
1.5
2.39
2.39
2.39
2.39
1.48
1.48
1.48
1.48
1.33
1.33
1.33
1.33
2.33
2.33
2.33
2.33
1.75
1.75
1.75
1.75
1.29
1.29
1.29
1.29
2.11
2.11
2.11
2.11
2.01
2.01
2.01
2.01
1.28
1.28
1.28
1.28
1.79
1.79
1.79
1.79
2.12
2.12
2.12
2.12
1.28
1.28
1.28
1.28
1.37
1.37
1.37
1.37
2.03
2.03
2.03
2.03
1.28
1.28
1.28
1.28
1.28
1.28
1.28
1.28
2.0
2.0
1.35
1.35
1.35
1.35
1.35
1.96
1.96
1.96
1.96
1.96
1.27
1.27
1.27
1.27
1.72
1.72
1.72
1.72
1.85
1.85
1.85
1.85
1.27
1.27
1.27
1.27
1.46
1.46
1.46
1.46
1.98
1.98
1.98
1.98
1.28
1.28
1.28
1.28
1.31
1.31
1.31
1.31
2.06
2.06
2.06
2.06
1.32
1.32
1.32
1.32
1.29
1.29
1.29
1.29
2.2
2.2
2.2
2.2
1.71
1.71
1.71
1.71
1.28
1.28
1.28
1.28
2.0
2.0
2.0
2.0
1.98
1.98
1.98
1.98
1.28
1.28
1.28
1.28
1.68
1.68
1.68
1.68
2.11
2.11
2.11
2.11
1.28
1.28
1.28
1.28
1.39
1.39
1.39
1.39
2.16
2.16
2.16
2.16
1.33
1.33
1.29
1.29
1.29
1.29
1.29
1.27
1.27
1.27
1.27
1.27
2.02
2.02
2.02
2.02
1.67
1.67
1.67
1.67
1.27
1.27
1.27
1.27
1.78
1.78
1.78
1.78
1.92
1.92
1.92
1.92
1.27
1.27
1.27
1.27
1.48
1.48
1.48
1.48
2.02
2.02
2.02
2.02
1.28
1.28
1.28
1.28
1.32
1.32
1.32
1.32
2.1
2.1
2.1
2.1
1.33
1.33
1.33
1.33
1.28
1.28
1.28
1.28
2.06
2.06
2.06
2.06
1.58
1.58
1.58
1.58
1.27
1.27
1.27
1.27
1.88
1.88
1.88
1.88
1.87
1.87
1.87
1.87
1.27
1.27
1.27
1.27
1.6
1.6
1.6
1.6
2.03
2.03
2.03
2.03
1.27
1.27
1.27
1.27
1.36
1.36
2.09
2.09
2.09
2.09
2.09
1.91
1.91
1.91
1.91
1.91
1.4
1.4
1.4
1.4
1.27
1.27
1.27
1.27
1.89
1.89
1.89
1.89
1.67
1.67
1.67
1.67
1.27
1.27
1.27
1.27
1.63
1.63
1.63
1.63
1.89
1.89
1.89
1.89
1.27
1.27
1.27
1.27
1.39
1.39
1.39
1.39
1.99
1.99
1.99
1.99
1.28
1.28
1.28
1.28
1.29
1.29
1.29
1.29
2.03
2.03
2.03
2.03
1.35
1.35
1.35
1.35
1.27
1.27
1.27
1.27
1.95
1.95
1.95
1.95
1.63
1.63
1.63
1.63
1.27
1.27
1.27
1.27
1.8
1.8
1.8
1.8
1.94
1.94
1.94
1.94
1.27
1.27
1.27
1.27
1.51
1.51
1.51
1.51
2.06
2.06
1.28
1.28
1.28
1.28
1.28
1.4
1.4
1.4
1.4
1.4
1.28
1.28
1.28
1.28
2.01
2.01
2.01
2.01
1.4
1.4
1.4
1.4
1.27
1.27
1.27
1.27
1.92
1.92
1.92
1.92
1.69
1.69
1.69
1.69
1.27
1.27
1.27
1.27
1.63
1.63
1.63
1.63
1.89
1.89
1.89
1.89
1.27
1.27
1.27
1.27
1.39
1.39
1.39
1.39
2.01
2.01
2.01
2.01
1.28
1.28
1.28
1.28
1.3
1.3
1.3
1.3
2.07
2.07
2.07
2.07
1.39
1.39
1.39
1.39
1.28
1.28
1.28
1.28
2.09
2.09
2.09
2.09
1.72
1.72
1.72
1.72
1.27
1.27
1.27
1.27
1.85
1.85
1.85
1.85
1.97
1.97
1.97
1.97
1.27
1.27
1.53
1.53
1.53
1.53
1.53
1.29
1.29
1.29
1.29
1.29
2.07
2.07
2.07
2.07
1.28
1.28
1.28
1.28
1.28
1.28
1.28
1.28
2.08
2.08
2.08
2.08
1.63
1.63
1.63
1.63
1.29
1.29
1.29
1.29
2.08
2.08
2.08
2.08
1.83
1.83
1.83
1.83
1.27
1.27
1.27
1.27
1.67
1.67
1.67
1.67
1.97
1.97
1.97
1.97
1.27
1.27
1.27
1.27
1.4
1.4
1.4
1.4
2.06
2.06
2.06
2.06
1.28
1.28
1.28
1.28
1.29
1.29
1.29
1.29
2.08
2.08
2.08
2.08
1.37
1.37
1.37
1.37
1.27
1.27
1.27
1.27
1.97
1.97
1.97
1.97
1.65
1.65
1.65
1.65
1.27
1.27
1.27
1.27
1.75
1.75
1.9
1.9
1.9
1.9
1.9
2.06
2.06
2.06
2.06
2.06
1.27
1.27
1.27
1.27
1.33
1.33
1.33
1.33
2.05
2.05
2.05
2.05
1.29
1.29
1.29
1.29
1.28
1.28
1.28
1.28
2.02
2.02
2.02
2.02
1.44
1.44
1.44
1.44
1.27
1.27
1.27
1.27
1.85
1.85
1.85
1.85
1.7
1.7
1.7
1.7
1.27
1.27
1.27
1.27
1.57
1.57
1.57
1.57
1.91
1.91
1.91
1.91
1.27
1.27
1.27
1.27
1.35
1.35
1.35
1.35
2.01
2.01
2.01
2.01
1.28
1.28
1.28
1.28
1.29
1.29
1.29
1.29
2.04
2.04
2.04
2.04
1.38
1.38
1.38
1.38
1.27
1.27
1.27
1.27
1.98
1.98
1.98
1.98
1.7
1.7
1.27
1.27
1.27
1.27
1.27
1.28
1.28
1.28
1.28
1.28
1.5
1.5
1.5
1.5
2.05
2.05
2.05
2.05
1.28
1.28
1.28
1.28
1.32
1.32
1.32
1.32
2.11
2.11
2.11
2.11
1.33
1.33
1.33
1.33
1.28
1.28
1.28
1.28
2.04
2.04
2.04
2.04
1.55
1.55
1.55
1.55
1.27
1.27
1.27
1.27
1.85
1.85
1.85
1.85
1.84
1.84
1.84
1.84
1.27
1.27
1.27
1.27
1.57
1.57
1.57
1.57
2.0
2.0
2.0
2.0
1.27
1.27
1.27
1.27
1.34
1.34
1.34
1.34
2.07
2.07
2.07
2.07
1.3
1.3
1.3
1.3
1.28
1.28
1.28
1.28
2.06
2.06
2.06
2.06
1.46
1.46
1.46
1.46
1.27
1.27
1.91
1.91
1.91
1.91
1.91
1.46
1.46
1.46
1.46
1.46
1.93
1.93
1.93
1.93
1.27
1.27
1.27
1.27
1.44
1.44
1.44
1.44
2.04
2.04
2.04
2.04
1.28
1.28
1.28
1.28
1.3
1.3
1.3
1.3
2.08
2.08
2.08
2.08
1.33
1.33
1.33
1.33
1.27
1.27
1.27
1.27
1.98
1.98
1.98
1.98
1.56
1.56
1.56
1.56
1.27
1.27
1.27
1.27
1.82
1.82
1.82
1.82
1.88
1.88
1.88
1.88
1.27
1.27
1.27
1.27
1.53
1.53
1.53
1.53
2.01
2.01
2.01
2.01
1.27
1.27
1.27
1.27
1.33
1.33
1.33
1.33
2.1
2.1
2.1
2.1
1.31
1.31
1.31
1.31
1.28
1.28
1.28
1.28
2.06
2.06
1.5
1.5
1.5
1.5
1.5
2.01
2.01
2.01
2.01
2.01
1.27
1.27
1.27
1.27
1.53
1.53
1.53
1.53
1.78
1.78
1.78
1.78
1.27
1.27
1.27
1.27
1.43
1.43
1.43
1.43
2.23
2.23
2.23
2.23
1.31
1.31
1.31
1.31
1.3
1.3
1.3
1.3
2.1
2.1
2.1
2.1
1.39
1.39
1.39
1.39
1.27
1.27
1.27
1.27
1.98
1.98
1.98
1.98
1.69
1.69
1.69
1.69
1.27
1.27
1.27
1.27
1.73
1.73
1.73
1.73
1.94
1.94
1.94
1.94
1.27
1.27
1.27
1.27
1.45
1.45
1.45
1.45
2.04
2.04
2.04
2.04
1.28
1.28
1.28
1.28
1.3
1.3
1.3
1.3
2.09
2.09
2.09
2.09
1.34
1.34
1.28
1.28
1.28
1.28
1.28
1.27
1.27
1.27
1.27
1.27
1.83
1.83
1.83
1.83
1.84
1.84
1.84
1.84
1.27
1.27
1.27
1.27
1.54
1.54
1.54
1.54
1.99
1.99
1.99
1.99
1.27
1.27
1.27
1.27
1.33
1.33
1.33
1.33
2.05
2.05
2.05
2.05
1.29
1.29
1.29
1.29
1.28
1.28
1.28
1.28
2.01
2.01
2.01
2.01
1.45
1.45
1.45
1.45
1.27
1.27
1.27
1.27
1.87
1.87
1.87
1.87
1.73
1.73
1.73
1.73
1.27
1.27
1.27
1.27
1.6
1.6
1.6
1.6
1.94
1.94
1.94
1.94
1.27
1.27
1.27
1.27
1.38
1.38
1.38
1.38
2.05
2.05
2.05
2.05
1.29
1.29
1.29
1.29
1.29
1.29
2.08
2.08
2.08
2.08
2.08
1.85
1.85
1.85
1.85
1.85
1.61
1.61
1.61
1.61
1.27
1.27
1.27
1.27
1.85
1.85
1.85
1.85
1.88
1.88
1.88
1.88
1.27
1.27
1.27
1.27
1.55
1.55
1.55
1.55
2.03
2.03
2.03
2.03
1.27
1.27
1.27
1.27
1.34
1.34
1.34
1.34
2.1
2.1
2.1
2.1
1.31
1.31
1.31
1.31
1.28
1.28
1.28
1.28
2.07
2.07
2.07
2.07
1.5
1.5
1.5
1.5
1.27
1.27
1.27
1.27
1.91
1.91
1.91
1.91
1.81
1.81
1.81
1.81
1.27
1.27
1.27
1.27
1.63
1.63
1.63
1.63
1.99
1.99
1.99
1.99
1.27
1.27
1.27
1.27
1.38
1.38
1.38
1.38
2.08
2.08
1.29
1.29
1.29
1.29
1.29
1.63
1.63
1.63
1.63
1.63
1.28
1.28
1.28
1.28
2.01
2.01
2.01
2.01
1.64
1.64
1.64
1.64
1.27
1.27
1.27
1.27
1.8
1.8
1.8
1.8
1.91
1.91
1.91
1.91
1.27
1.27
1.27
1.27
1.52
1.52
1.52
1.52
2.05
2.05
2.05
2.05
1.28
1.28
1.28
1.28
1.32
1.32
1.32
1.32
2.09
2.09
2.09
2.09
1.31
1.31
1.31
1.31
1.28
1.28
1.28
1.28
2.03
2.03
2.03
2.03
1.52
1.52
1.52
1.52
1.27
1.27
1.27
1.27
1.87
1.87
1.87
1.87
1.85
1.85
1.85
1.85
1.27
1.27
1.27
1.27
1.6
1.6
1.6
1.6
2.02
2.02
2.02
2.02
1.27
1.27
1.36
1.36
1.36
1.36
1.36
1.27
1.27
1.27
1.27
1.27
2.09
2.09
2.09
2.09
1.46
1.46
1.46
1.46
1.28
1.28
1.28
1.28
1.98
1.98
1.98
1.98
1.74
1.74
1.74
1.74
1.27
1.27
1.27
1.27
1.52
1.52
1.52
1.52
1.9
1.9
1.9
1.9
1.27
1.27
1.27
1.27
1.56
1.56
1.56
1.56
2.2
2.2
2.2
2.2
1.29
1.29
1.29
1.29
1.3
1.3
1.3
1.3
2.11
2.11
2.11
2.11
1.39
1.39
1.39
1.39
1.28
1.28
1.28
1.28
2.02
2.02
2.02
2.02
1.67
1.67
1.67
1.67
1.27
1.27
1.27
1.27
1.79
1.79
1.79
1.79
1.93
1.93
1.93
1.93
1.27
1.27
1.27
1.27
1.52
1.52
2.08
2.08
2.08
2.08
2.08
2.25
2.25
2.25
2.25
2.25
1.38
1.38
1.38
1.38
1.3
1.3
1.3
1.3
2.23
2.23
2.23
2.23
1.64
1.64
1.64
1.64
1.28
1.28
1.28
1.28
1.97
1.97
1.97
1.97
1.78
1.78
1.78
1.78
1.27
1.27
1.27
1.27
1.59
1.59
1.59
1.59
1.92
1.92
1.92
1.92
1.27
1.27
1.27
1.27
1.35
1.35
1.35
1.35
2.0
2.0
2.0
2.0
1.28
1.28
1.28
1.28
1.28
1.28
1.28
1.28
2.01
2.01
2.01
2.01
1.36
1.36
1.36
1.36
1.27
1.27
1.27
1.27
1.89
1.89
1.89
1.89
1.63
1.63
1.63
1.63
1.27
1.27
1.27
1.27
1.69
1.69
1.69
1.69
1.91
1.91
1.27
1.27
1.27
1.27
1.27
1.4
1.4
1.4
1.4
1.4
1.41
1.41
1.41
1.41
2.27
2.27
2.27
2.27
1.4
1.4
1.4
1.4
1.3
1.3
1.3
1.3
2.22
2.22
2.22
2.22
1.68
1.68
1.68
1.68
1.28
1.28
1.28
1.28
2.05
2.05
2.05
2.05
1.98
1.98
1.98
1.98
1.28
1.28
1.28
1.28
1.77
1.77
1.77
1.77
2.17
2.17
2.17
2.17
1.28
1.28
1.28
1.28
1.47
1.47
1.47
1.47
2.25
2.25
2.25
2.25
1.34
1.34
1.34
1.34
1.31
1.31
1.31
1.31
2.23
2.23
2.23
2.23
1.56
1.56
1.56
1.56
1.28
1.28
1.28
1.28
2.08
2.08
2.08
2.08
1.85
1.85
1.85
1.85
1.28
1.28
1.81
1.81
1.81
1.81
1.81
1.32
1.32
1.32
1.32
1.32
2.05
2.05
2.05
2.05
1.28
1.28
1.28
1.28
1.32
1.32
1.32
1.32
2.1
2.1
2.1
2.1
1.33
1.33
1.33
1.33
1.28
1.28
1.28
1.28
2.04
2.04
2.04
2.04
1.56
1.56
1.56
1.56
1.27
1.27
1.27
1.27
1.87
1.87
1.87
1.87
1.84
1.84
1.84
1.84
1.27
1.27
1.27
1.27
1.6
1.6
1.6
1.6
2.02
2.02
2.02
2.02
1.27
1.27
1.27
1.27
1.35
1.35
1.35
1.35
2.1
2.1
2.1
2.1
1.3
1.3
1.3
1.3
1.28
1.28
1.28
1.28
2.06
2.06
2.06
2.06
1.45
1.45
1.45
1.45
1.27
1.27
1.27
1.27
1.92
1.92
1.75
1.75
1.75
1.75
1.75
2.08
2.08
2.08
2.08
2.08
1.27
1.27
1.27
1.27
1.42
1.42
1.42
1.42
2.07
2.07
2.07
2.07
1.29
1.29
1.29
1.29
1.3
1.3
1.3
1.3
2.12
2.12
2.12
2.12
1.4
1.4
1.4
1.4
1.28
1.28
1.28
1.28
2.03
2.03
2.03
2.03
1.68
1.68
1.68
1.68
1.27
1.27
1.27
1.27
1.82
1.82
1.82
1.82
1.95
1.95
1.95
1.95
1.27
1.27
1.27
1.27
1.39
1.39
1.39
1.39
1.98
1.98
1.98
1.98
1.28
1.28
1.28
1.28
1.4
1.4
1.4
1.4
2.28
2.28
2.28
2.28
1.39
1.39
1.39
1.39
1.28
1.28
1.28
1.28
2.08
2.08
2.08
2.08
1.59
1.59
1.27
1.27
1.27
1.27
1.27
1.27
1.27
1.27
1.27
1.27
1.73
1.73
1.73
1.73
1.99
1.99
1.99
1.99
1.27
1.27
1.27
1.27
1.44
1.44
1.44
1.44
2.08
2.08
2.08
2.08
1.28
1.28
1.28
1.28
1.3
1.3
1.3
1.3
2.13
2.13
2.13
2.13
1.39
1.39
1.39
1.39
1.28
1.28
1.28
1.28
2.04
2.04
2.04
2.04
1.67
1.67
1.67
1.67
1.27
1.27
1.27
1.27
1.81
1.81
1.81
1.81
1.92
1.92
1.92
1.92
1.27
1.27
1.27
1.27
1.48
1.48
1.48
1.48
2.01
2.01
2.01
2.01
1.27
1.27
1.27
1.27
1.31
1.31
1.31
1.31
2.03
2.03
2.03
2.03
1.31
1.31
1.31
1.31
1.27
1.27
1.98
1.98
1.98
1.98
1.98
1.54
1.54
1.54
1.54
1.54
1.81
1.81
1.81
1.81
1.27
1.27
1.27
1.27
1.57
1.57
1.57
1.57
2.01
2.01
2.01
2.01
1.27
1.27
1.27
1.27
1.36
1.36
1.36
1.36
2.1
2.1
2.1
2.1
1.3
1.3
1.3
1.3
1.29
1.29
1.29
2.1
2.1
2.1
2.1
2.1
1.54
1.54
1.54
1.54
2.04
2.04
2.04
2.04
1.28
1.28
1.28
1.28
1.34
1.34
1.34
1.34
2.11
2.11
2.11
2.11
1.31
1.31
1.31
1.31
1.28
1.28
1.28
1.28
2.09
2.09
2.09
2.09
1.53
1.53
1.53
1.53
1.27
1.27
1.27
1.27
1.92
1.92
1.92
1.92
1.83
1.83
1.83
1.83
1.27
1.27
1.64
1.64
1.64
1.64
1.64
1.31
1.31
1.31
1.31
1.31
2.08
2.08
2.08
2.08
1.28
1.28
1.28
1.28
1.3
1.3
1.3
1.3
2.09
2.09
2.09
2.09
1.36
1.36
1.36
1.36
1.27
1.27
1.27
1.27
1.91
1.91
1.91
1.91
1.52
1.52
1.52
1.52
1.27
1.27
1.27
1.27
1.69
1.69
1.69
1.69
1.81
1.81
1.81
1.81
1.27
1.27
1.27
1.27
1.44
1.44
1.44
1.44
1.93
1.93
1.93
1.93
1.27
1.27
1.27
1.27
1.3
1.3
1.3
1.3
2.01
2.01
2.01
2.01
1.3
1.3
1.3
1.3
1.27
1.27
1.27
1.27
1.97
1.97
1.97
1.97
1.48
1.48
1.48
1.48
1.27
1.27
1.27
1.27
1.79
1.79
1.74
1.74
1.74
1.74
1.74
2.03
2.03
2.03
2.03
2.03
1.27
1.27
1.27
1.27
1.36
1.36
1.36
1.36
1.99
1.99
1.99
1.99
1.28
1.28
1.28
1.28
1.28
1.28
1.28
1.28
1.95
1.95
1.95
1.95
1.33
1.33
1.33
1.33
1.27
1.27
1.27
1.27
1.78
1.78
1.78
1.78
1.52
1.52
1.52
1.52
1.26
1.26
1.26
1.26
1.54
1.54
1.54
1.54
1.75
1.75
1.75
1.75
1.27
1.27
1.27
1.27
1.34
1.34
1.34
1.34
1.77
1.77
1.77
1.77
1.26
1.26
1.26
1.26
1.28
1.28
1.28
1.28
1.85
1.85
1.85
1.85
1.32
1.32
1.32
1.32
1.27
1.27
1.27
1.27
1.87
1.87
1.87
1.87
1.42
1.42
1.26
1.26
1.26
1.26
1.26
1.27
1.27
1.27
1.27
1.27
1.43
1.43
1.43
1.43
1.79
1.79
1.79
1.79
1.27
1.27
1.27
1.27
1.31
1.31
1.31
1.31
1.91
1.91
1.91
1.91
1.28
1.28
1.28
1.28
1.28
1.28
1.28
1.28
1.93
1.93
1.93
1.93
1.35
1.35
1.35
1.35
1.27
1.27
1.27
1.27
1.82
1.82
1.82
1.82
1.61
1.61
1.61
1.61
1.27
1.27
1.27
1.27
1.59
1.59
1.59
1.59
1.84
1.84
1.84
1.84
1.27
1.27
1.27
1.27
1.37
1.37
1.37
1.37
1.96
1.96
1.96
1.96
1.27
1.27
1.27
1.27
1.29
1.29
1.29
1.29
1.99
1.99
1.99
1.99
1.32
1.32
1.32
1.32
1.27
1.27
1.89
1.89
1.89
1.89
1.89
1.55
1.55
1.55
1.55
1.55
1.84
1.84
1.84
1.84
1.27
1.27
1.27
1.27
1.6
1.6
1.6
1.6
2.05
2.05
2.05
2.05
1.28
1.28
1.28
1.28
1.38
1.38
1.38
1.38
2.16
2.16
2.16
2.16
1.32
1.32
1.32
1.32
1.3
1.3
1.3
1.3
2.18
2.18
2.18
2.18
1.56
1.56
1.56
1.56
1.28
1.28
1.28
1.28
2.05
2.05
2.05
2.05
1.9
1.9
1.9
1.9
1.28
1.28
1.28
1.28
1.78
1.78
1.78
1.78
2.07
2.07
2.07
2.07
1.28
1.28
1.28
1.28
1.46
1.46
1.46
1.46
2.15
2.15
2.15
2.15
1.3
1.3
1.3
1.3
1.3
1.3
1.3
1.3
2.16
2.16
1.43
1.43
1.43
1.43
1.43
1.86
1.86
1.86
1.86
1.86
1.27
1.27
1.27
1.27
1.9
1.9
1.9
1.9
1.86
1.86
1.86
1.86
1.27
1.27
1.27
1.27
1.61
1.61
1.61
1.61
2.03
2.03
2.03
2.03
1.28
1.28
1.28
1.28
1.37
1.37
1.37
1.37
2.12
2.12
2.12
2.12
1.3
1.3
1.3
1.3
1.29
1.29
1.29
1.29
2.11
2.11
2.11
2.11
1.47
1.47
1.47
1.47
1.28
1.28
1.28
1.28
1.97
1.97
1.97
1.97
1.77
1.77
1.77
1.77
1.27
1.27
1.27
1.27
1.69
1.69
1.69
1.69
1.99
1.99
1.99
1.99
1.27
1.27
1.27
1.27
1.43
1.43
1.43
1.43
2.09
2.09
2.09
2.09
1.29
1.29
1.3
1.3
1.3
1.3
1.3
1.27
1.27
1.27
1.27
1.27
2.06
2.06
2.06
2.06
1.62
1.62
1.62
1.62
1.27
1.27
1.27
1.27
1.88
1.88
1.88
1.88
1.92
1.92
1.92
1.92
1.27
1.27
1.27
1.27
1.58
1.58
1.58
1.58
2.07
2.07
2.07
2.07
1.28
1.28
1.28
1.28
1.35
1.35
1.35
1.35
2.13
2.13
2.13
2.13
1.33
1.33
1.33
1.33
1.28
1.28
1.28
1.28
2.11
2.11
2.11
2.11
1.54
1.54
1.54
1.54
1.28
1.28
1.28
1.28
1.95
1.95
1.95
1.95
1.86
1.86
1.86
1.86
1.27
1.27
1.27
1.27
1.53
1.53
1.53
1.53
1.91
1.91
1.91
1.91
1.27
1.27
1.27
1.27
1.5
1.5
2.26
2.26
2.26
2.26
2.26
2.04
2.04
2.04
2.04
2.04
1.39
1.39
1.39
1.39
1.28
1.28
1.28
1.28
2.05
2.05
2.05
2.05
1.68
1.68
1.68
1.68
1.27
1.27
1.27
1.27
1.82
1.82
1.82
1.82
1.94
1.94
1.94
1.94
1.27
1.27
1.27
1.27
1.52
1.52
1.52
1.52
2.06
2.06
2.06
2.06
1.28
1.28
1.28
1.28
1.32
1.32
1.32
1.32
2.12
2.12
2.12
2.12
1.33
1.33
1.33
1.33
1.28
1.28
1.28
1.28
2.06
2.06
2.06
2.06
1.56
1.56
1.56
1.56
1.27
1.27
1.27
1.27
1.89
1.89
1.89
1.89
1.85
1.85
1.85
1.85
1.27
1.27
1.27
1.27
1.61
1.61
1.61
1.61
2.02
2.02
1.27
1.27
1.27
1.27
1.27
1.39
1.39
1.39
1.39
1.39
1.29
1.29
1.29
1.29
2.1
2.1
2.1
2.1
1.4
1.4
1.4
1.4
1.28
1.28
1.28
1.28
2.01
2.01
2.01
2.01
1.69
1.69
1.69
1.69
1.27
1.27
1.27
1.27
1.8
1.8
1.8
1.8
1.96
1.96
1.96
1.96
1.27
1.27
1.27
1.27
1.52
1.52
1.52
1.52
2.1
2.1
2.1
2.1
1.28
1.28
1.28
1.28
1.33
1.33
1.33
1.33
2.15
2.15
2.15
2.15
1.36
1.36
1.36
1.36
1.28
1.28
1.28
1.28
2.11
2.11
2.11
2.11
1.62
1.62
1.62
1.62
1.27
1.27
1.27
1.27
1.92
1.92
1.92
1.92
1.91
1.91
1.91
1.91
1.27
1.27
1.64
1.64
1.64
1.64
1.64
1.3
1.3
1.3
1.3
1.3
2.13
2.13
2.13
2.13
1.3
1.3
1.3
1.3
1.3
1.3
1.3
1.3
2.16
2.16
2.16
2.16
1.44
1.44
1.44
1.44
1.28
1.28
1.28
1.28
2.03
2.03
2.03
2.03
1.74
1.74
1.74
1.74
1.27
1.27
1.27
1.27
1.79
1.79
1.79
1.79
1.99
1.99
1.99
1.99
1.27
1.27
1.27
1.27
1.5
1.5
1.5
1.5
2.1
2.1
2.1
2.1
1.28
1.28
1.28
1.28
1.32
1.32
1.32
1.32
2.15
2.15
2.15
2.15
1.37
1.37
1.37
1.37
1.28
1.28
1.28
1.28
2.08
2.08
2.08
2.08
1.64
1.64
1.64
1.64
1.27
1.27
1.27
1.27
1.88
1.88
