1.51
1.51
1.51
1.51
1.51
1.29
1.29
1.29
1.29
1.29
2.14
2.14
2.14
2.14
1.79
1.79
1.79
1.79
1.3
1.3
1.3
1.3
2.3
2.3
2.3
2.3
2.27
2.27
2.27
2.27
1.3
1.3
1.3
1.3
1.88
1.88
1.88
1.88
2.3
2.3
2.3
2.3
1.33
1.33
1.33
1.33
1.64
1.64
1.64
1.64
2.5
2.5
2.5
2.5
1.58
1.58
1.58
1.58
1.44
1.44
1.44
1.44
2.5
2.5
2.5
2.5
1.91
1.91
1.91
1.91
1.35
1.35
1.35
1.35
2.36
2.36
2.36
2.36
2.22
2.22
2.22
2.22
1.32
1.32
1.32
1.32
2.12
2.12
2.12
2.12
2.42
2.42
2.42
2.42
1.36
1.36
1.36
1.36
1.8
1.8
2.51
2.51
2.51
2.51
2.51
2.47
2.47
2.47
2.47
2.47
1.77
1.77
1.77
1.77
1.38
1.38
1.38
1.38
2.45
2.45
2.45
2.45
2.08
2.08
2.08
2.08
1.33
1.33
1.33
1.33
2.23
2.23
2.23
2.23
2.33
2.33
2.33
2.33
1.32
1.32
1.32
1.32
1.92
1.92
1.92
1.92
2.45
2.45
2.45
2.45
1.39
1.39
1.39
1.39
1.6
1.6
1.6
1.6
2.51
2.51
2.51
2.51
1.65
1.65
1.65
1.65
1.41
1.41
1.41
1.41
2.5
2.5
2.5
2.5
1.99
1.99
1.99
1.99
1.35
1.35
1.35
1.35
2.36
2.36
2.36
2.36
2.31
2.31
2.31
2.31
1.34
1.34
1.34
1.34
2.1
2.1
2.1
2.1
2.5
2.5
1.41
1.41
1.41
1.41
1.41
1.84
1.84
1.84
1.84
1.84
1.59
1.59
1.59
1.59
2.6
2.6
2.6
2.6
1.83
1.83
1.83
1.83
1.42
1.42
1.42
1.42
2.52
2.52
2.52
2.52
2.17
2.17
2.17
2.17
1.36
1.36
1.36
1.36
2.3
2.3
2.3
2.3
2.42
2.42
2.42
2.42
1.35
1.35
1.35
1.35
1.97
1.97
1.97
1.97
2.52
2.52
2.52
2.52
1.45
1.45
1.45
1.45
1.65
1.65
1.65
1.65
2.58
2.58
2.58
2.58
1.7
1.7
1.7
1.7
1.44
1.44
1.44
1.44
2.53
2.53
2.53
2.53
2.02
2.02
2.02
2.02
1.36
1.36
1.36
1.36
2.35
2.35
2.35
2.35
2.31
2.31
2.31
2.31
1.32
1.32
2.05
2.05
2.05
2.05
2.05
1.6
1.6
1.6
1.6
1.6
2.56
2.56
2.56
2.56
1.54
1.54
1.54
1.54
1.59
1.59
1.59
1.59
2.59
2.59
2.59
2.59
1.82
1.82
1.82
1.82
1.41
1.41
1.41
1.41
2.49
2.49
2.49
2.49
2.14
2.14
2.14
2.14
1.35
1.35
1.35
1.35
2.28
2.28
2.28
2.28
2.39
2.39
2.39
2.39
1.35
1.35
1.35
1.35
1.98
1.98
1.98
1.98
2.53
2.53
2.53
2.53
1.46
1.46
1.46
1.46
1.65
1.65
1.65
1.65
2.48
2.48
2.48
2.48
1.51
1.51
1.51
1.51
1.35
1.35
1.35
1.35
2.5
2.5
2.5
2.5
2.21
2.21
2.21
2.21
1.52
1.52
1.52
1.52
2.47
2.47
2.38
2.38
2.38
2.38
2.38
2.52
2.52
2.52
2.52
2.52
1.35
1.35
1.35
1.35
1.9
1.9
1.9
1.9
2.51
2.51
2.51
2.51
1.47
1.47
1.47
1.47
1.59
1.59
1.59
1.59
2.56
2.56
2.56
2.56
1.73
1.73
1.73
1.73
1.4
1.4
1.4
1.4
2.49
2.49
2.49
2.49
2.06
2.06
2.06
2.06
1.34
1.34
1.34
1.34
2.29
2.29
2.29
2.29
2.33
2.33
2.33
2.33
1.32
1.32
1.32
1.32
1.99
1.99
1.99
1.99
2.46
2.46
2.46
2.46
1.39
1.39
1.39
1.39
1.66
1.66
1.66
1.66
2.53
2.53
2.53
2.53
1.6
1.6
1.6
1.6
1.42
1.42
1.42
1.42
2.48
2.48
2.48
2.48
1.89
1.89
1.33
1.33
1.33
1.33
1.33
1.31
1.31
1.31
1.31
1.31
2.17
2.17
2.17
2.17
2.33
2.33
2.33
2.33
1.32
1.32
1.32
1.32
1.87
1.87
1.87
1.87
2.47
2.47
2.47
2.47
1.43
1.43
1.43
1.43
1.6
1.6
1.6
1.6
2.55
2.55
2.55
2.55
1.71
1.71
1.71
1.71
1.41
1.41
1.41
1.41
2.5
2.5
2.5
2.5
2.04
2.04
2.04
2.04
1.34
1.34
1.34
1.34
2.32
2.32
2.32
2.32
2.31
2.31
2.31
2.31
1.32
1.32
1.32
1.32
2.02
2.02
2.02
2.02
2.46
2.46
2.46
2.46
1.38
1.38
1.38
1.38
1.7
1.7
1.7
1.7
2.54
2.54
2.54
2.54
1.61
1.61
1.61
1.61
1.45
1.45
2.52
2.52
2.52
2.52
2.52
2.14
2.14
2.14
2.14
2.14
2.21
2.21
2.21
2.21
1.32
1.32
1.32
1.32
2.13
2.13
2.13
2.13
2.43
2.43
2.43
2.43
1.37
1.37
1.37
1.37
1.85
1.85
1.85
1.85
2.55
2.55
2.55
2.55
1.55
1.55
1.55
1.55
1.58
1.58
1.58
1.58
2.59
2.59
2.59
2.59
1.86
1.86
1.86
1.86
1.43
1.43
1.43
1.43
2.52
2.52
2.52
2.52
2.19
2.19
2.19
2.19
1.37
1.37
1.37
1.37
2.3
2.3
2.3
2.3
2.43
2.43
2.43
2.43
1.36
1.36
1.36
1.36
1.96
1.96
1.96
1.96
2.5
2.5
2.5
2.5
1.42
1.42
1.42
1.42
1.56
1.56
1.56
1.56
2.48
2.48
1.62
1.62
1.62
1.62
1.62
2.03
2.03
2.03
2.03
2.03
1.31
1.31
1.31
1.31
2.26
2.26
2.26
2.26
2.05
2.05
2.05
2.05
1.3
1.3
1.3
1.3
2.04
2.04
2.04
2.04
2.31
2.31
2.31
2.31
1.31
1.31
1.31
1.31
1.73
1.73
1.73
1.73
2.32
2.32
2.32
2.32
1.33
1.33
1.33
1.33
1.45
1.45
1.45
1.45
2.52
2.52
2.52
2.52
1.88
1.88
1.88
1.88
1.44
1.44
1.44
1.44
2.46
2.46
2.46
2.46
2.03
2.03
2.03
2.03
1.3
1.3
1.3
1.3
2.15
2.15
2.15
2.15
2.26
2.26
2.26
2.26
1.3
1.3
1.3
1.3
1.87
1.87
1.87
1.87
2.39
2.39
2.39
2.39
1.36
1.36
1.56
1.56
1.56
1.56
1.56
1.32
1.32
1.32
1.32
1.32
2.44
2.44
2.44
2.44
1.87
1.87
1.87
1.87
1.32
1.32
1.32
1.32
2.29
2.29
2.29
2.29
2.18
2.18
2.18
2.18
1.31
1.31
1.31
2.12
2.12
2.12
2.12
2.12
1.44
1.44
1.44
1.44
2.53
2.53
2.53
2.53
2.02
2.02
2.02
2.02
1.34
1.34
1.34
1.34
2.31
2.31
2.31
2.31
2.27
2.27
2.27
2.27
1.31
1.31
1.31
1.31
1.99
1.99
1.99
1.99
2.4
2.4
2.4
2.4
1.34
1.34
1.34
1.34
1.66
1.66
1.66
1.66
2.47
2.47
2.47
2.47
1.52
1.52
1.52
1.52
1.43
1.43
1.43
1.43
2.49
2.49
2.49
2.49
1.87
1.87
1.35
1.35
1.35
1.35
1.35
1.35
1.35
1.35
1.35
1.35
2.27
2.27
2.27
2.27
2.43
2.43
2.43
2.43
1.37
1.37
1.37
1.37
1.97
1.97
1.97
1.97
2.55
2.55
2.55
2.55
1.5
1.5
1.5
1.5
1.66
1.66
1.66
1.66
2.59
2.59
2.59
2.59
1.75
1.75
1.75
1.75
1.44
1.44
1.44
1.44
2.53
2.53
2.53
2.53
2.05
2.05
2.05
2.05
1.36
1.36
1.36
1.36
2.34
2.34
2.34
2.34
2.33
2.33
2.33
2.33
1.34
1.34
1.34
1.34
2.05
2.05
2.05
2.05
2.49
2.49
2.49
2.49
1.41
1.41
1.41
1.41
1.72
1.72
1.72
1.72
2.55
2.55
2.55
2.55
1.62
1.62
1.62
1.62
1.47
1.47
2.53
2.53
2.53
2.53
2.53
2.21
2.21
2.21
2.21
2.21
2.07
2.07
2.07
2.07
1.32
1.32
1.32
1.32
2.24
2.24
2.24
2.24
2.36
2.36
2.36
2.36
1.33
1.33
1.33
1.33
1.95
1.95
1.95
1.95
2.49
2.49
2.49
2.49
1.43
1.43
1.43
1.43
1.65
1.65
1.65
1.65
2.55
2.55
2.55
2.55
1.68
1.68
1.68
1.68
1.43
1.43
1.43
1.43
2.51
2.51
2.51
2.51
2.0
2.0
2.0
2.0
1.35
1.35
1.35
1.35
2.34
2.34
2.34
2.34
2.28
2.28
2.28
2.28
1.32
1.32
1.32
1.32
2.05
2.05
2.05
2.05
2.46
2.46
2.46
2.46
1.4
1.4
1.4
1.4
1.72
1.72
1.72
1.72
2.41
2.41
1.41
1.41
1.41
1.41
1.41
2.13
2.13
2.13
2.13
2.13
1.37
1.37
1.37
1.37
2.44
2.44
2.44
2.44
2.13
2.13
2.13
2.13
1.33
1.33
1.33
1.33
2.22
2.22
2.22
2.22
2.37
2.37
2.37
2.37
1.34
1.34
1.34
1.34
1.93
1.93
1.93
1.93
2.5
2.5
2.5
2.5
1.46
1.46
1.46
1.46
1.61
1.61
1.61
1.61
2.56
2.56
2.56
2.56
1.71
1.71
1.71
1.71
1.42
1.42
1.42
1.42
2.5
2.5
2.5
2.5
2.04
2.04
2.04
2.04
1.35
1.35
1.35
1.35
2.32
2.32
2.32
2.32
2.34
2.34
2.34
2.34
1.34
1.34
1.34
1.34
2.04
2.04
2.04
2.04
2.49
2.49
2.49
2.49
1.41
1.41
1.72
1.72
1.72
1.72
1.72
1.35
1.35
1.35
1.35
1.35
2.5
2.5
2.5
2.5
1.82
1.82
1.82
1.82
1.34
1.34
1.34
1.34
2.35
2.35
2.35
2.35
2.09
2.09
2.09
2.09
1.3
1.3
1.3
1.3
2.08
2.08
2.08
2.08
2.3
2.3
2.3
2.3
1.31
1.31
1.31
1.31
1.78
1.78
1.78
1.78
2.42
2.42
2.42
2.42
1.41
1.41
1.41
1.41
1.5
1.5
1.5
1.5
2.48
2.48
2.48
2.48
1.7
1.7
1.7
1.7
1.36
1.36
1.36
1.36
2.42
2.42
2.42
2.42
2.02
2.02
2.02
2.02
1.32
1.32
1.32
1.32
2.22
2.22
2.22
2.22
2.29
2.29
2.29
2.29
1.31
1.31
1.31
1.31
1.93
1.93
2.43
2.43
2.43
2.43
2.43
2.51
2.51
2.51
2.51
2.51
1.66
1.66
1.66
1.66
1.43
1.43
1.43
1.43
2.51
2.51
2.51
2.51
1.97
1.97
1.97
1.97
1.34
1.34
1.34
1.34
2.33
2.33
2.33
2.33
2.24
2.24
2.24
2.24
1.31
1.31
1.31
1.31
2.05
2.05
2.05
2.05
2.41
2.41
2.41
2.41
1.35
1.35
1.35
1.35
1.71
1.71
1.71
1.71
2.48
2.48
2.48
2.48
1.52
1.52
1.52
1.52
1.45
1.45
1.45
1.45
2.48
2.48
2.48
2.48
1.79
1.79
1.79
1.79
1.33
1.33
1.33
1.33
2.35
2.35
2.35
2.35
2.11
2.11
2.11
2.11
1.31
1.31
1.31
1.31
2.13
2.13
2.13
2.13
2.36
2.36
1.32
1.32
1.32
1.32
1.32
1.67
1.67
1.67
1.67
1.67
1.57
1.57
1.57
1.57
2.51
2.51
2.51
2.51
1.67
1.67
1.67
1.67
1.38
1.38
1.38
1.38
2.46
2.46
2.46
2.46
2.0
2.0
2.0
2.0
1.33
1.33
1.33
1.33
2.29
2.29
2.29
2.29
2.27
2.27
2.27
2.27
1.29
1.29
1.29
1.29
1.79
1.79
1.79
1.79
2.32
2.32
2.32
2.32
1.35
1.35
1.35
1.35
1.83
1.83
1.83
1.83
2.6
2.6
2.6
2.6
1.67
1.67
1.67
1.67
1.46
1.46
1.46
1.46
2.49
2.49
2.49
2.49
1.89
1.89
1.89
1.89
1.34
1.34
1.34
1.34
2.35
2.35
2.35
2.35
2.2
2.2
2.2
2.2
1.32
1.32
2.09
2.09
2.09
2.09
2.09
1.63
1.63
1.63
1.63
1.63
2.46
2.46
2.46
2.46
1.4
1.4
1.4
1.4
1.62
1.62
1.62
1.62
2.52
2.52
2.52
2.52
1.63
1.63
1.63
1.63
1.4
1.4
1.4
1.4
2.48
2.48
2.48
2.48
1.95
1.95
1.95
1.95
1.33
1.33
1.33
1.33
2.32
2.32
2.32
2.32
2.25
2.25
2.25
2.25
1.32
1.32
1.32
1.32
2.04
2.04
2.04
2.04
2.43
2.43
2.43
2.43
1.36
1.36
1.36
1.36
1.72
1.72
1.72
1.72
2.51
2.51
2.51
2.51
1.55
1.55
1.55
1.55
1.46
1.46
1.46
1.46
2.51
2.51
2.51
2.51
1.85
1.85
1.85
1.85
1.35
1.35
1.35
1.35
2.38
2.38
2.16
2.16
2.16
2.16
2.16
2.49
2.49
2.49
2.49
2.49
1.33
1.33
1.33
1.33
1.93
1.93
1.93
1.93
2.5
2.5
2.5
2.5
1.44
1.44
1.44
1.44
1.62
1.62
1.62
1.62
2.55
2.55
2.55
2.55
1.7
1.7
1.7
1.7
1.41
1.41
1.41
1.41
2.49
2.49
2.49
2.49
2.03
2.03
2.03
2.03
1.34
1.34
1.34
1.34
2.31
2.31
2.31
2.31
2.3
2.3
2.3
2.3
1.32
1.32
1.32
1.32
2.02
2.02
2.02
2.02
2.45
2.45
2.45
2.45
1.38
1.38
1.38
1.38
1.7
1.7
1.7
1.7
2.53
2.53
2.53
2.53
1.59
1.59
1.59
1.59
1.44
1.44
1.44
1.44
2.51
2.51
2.51
2.51
1.9
1.9
1.35
1.35
1.35
1.35
1.35
1.32
1.32
1.32
1.32
1.32
2.15
2.15
2.15
2.15
2.32
2.32
2.32
2.32
1.31
1.31
1.31
1.31
1.84
1.84
1.84
1.84
2.44
2.44
2.44
2.44
1.4
1.4
1.4
1.4
1.52
1.52
1.52
1.52
2.46
2.46
2.46
2.46
1.64
1.64
1.64
1.64
1.35
1.35
1.35
1.35
2.42
2.42
2.42
2.42
2.0
2.0
2.0
2.0
1.32
1.32
1.32
1.32
2.26
2.26
2.26
2.26
2.3
2.3
2.3
2.3
1.32
1.32
1.32
1.32
2.0
2.0
2.0
2.0
2.46
2.46
2.46
2.46
1.4
1.4
1.4
1.4
1.68
1.68
1.68
1.68
2.54
2.54
2.54
2.54
1.63
1.63
1.63
1.63
1.44
1.44
2.52
2.52
2.52
2.52
2.52
2.07
2.07
2.07
2.07
2.07
2.05
2.05
2.05
2.05
1.29
1.29
1.29
1.29
2.04
2.04
2.04
2.04
2.55
2.55
2.55
2.55
1.49
1.49
1.49
1.49
1.89
1.89
1.89
1.89
2.56
2.56
2.56
2.56
1.53
1.53
1.53
1.53
1.5
1.5
1.5
1.5
2.53
2.53
2.53
2.53
1.81
1.81
1.81
1.81
1.36
1.36
1.36
1.36
2.42
2.42
2.42
2.42
2.13
2.13
2.13
2.13
1.32
1.32
1.32
1.32
2.18
2.18
2.18
2.18
2.36
2.36
2.36
2.36
1.33
1.33
1.33
1.33
1.87
1.87
1.87
1.87
2.46
2.46
2.46
2.46
1.43
1.43
1.43
1.43
1.57
1.57
1.57
1.57
2.52
2.52
1.69
1.69
1.69
1.69
1.69
2.22
2.22
2.22
2.22
2.22
1.33
1.33
1.33
1.33
2.31
2.31
2.31
2.31
2.21
2.21
2.21
2.21
1.31
1.31
1.31
1.31
2.03
2.03
2.03
2.03
2.38
2.38
2.38
2.38
1.33
1.33
1.33
1.33
1.69
1.69
1.69
1.69
2.45
2.45
2.45
2.45
1.49
1.49
1.49
1.49
1.43
1.43
1.43
1.43
2.46
2.46
2.46
2.46
1.78
1.78
1.78
1.78
1.33
1.33
1.33
1.33
2.36
2.36
2.36
2.36
2.12
2.12
2.12
2.12
1.31
1.31
1.31
1.31
2.14
2.14
2.14
2.14
2.38
2.38
2.38
2.38
1.33
1.33
1.33
1.33
1.86
1.86
1.86
1.86
2.5
2.5
2.5
2.5
1.47
1.47
1.58
1.58
1.58
1.58
1.58
1.34
1.34
1.34
1.34
1.34
2.49
2.49
2.49
2.49
2.01
2.01
2.01
2.01
1.34
1.34
1.34
1.34
2.31
2.31
2.31
2.31
2.29
2.29
2.29
2.29
1.32
1.32
1.32
1.32
2.01
2.01
2.01
2.01
2.44
2.44
2.44
2.44
1.37
1.37
1.37
1.37
1.68
1.68
1.68
1.68
2.52
2.52
2.52
2.52
1.58
1.58
1.58
1.58
1.44
1.44
1.44
1.44
2.51
2.51
2.51
2.51
1.9
1.9
1.9
1.9
1.34
1.34
1.34
1.34
2.36
2.36
2.36
2.36
2.2
2.2
2.2
2.2
1.31
1.31
1.31
1.31
2.09
2.09
2.09
2.09
2.39
2.39
2.39
2.39
1.33
1.33
1.33
1.33
1.76
1.76
2.47
2.47
2.47
2.47
2.47
2.44
2.44
2.44
2.44
2.44
1.68
1.68
1.68
1.68
1.37
1.37
1.37
1.37
2.45
2.45
2.45
2.45
2.0
2.0
2.0
2.0
1.32
1.32
1.32
1.32
2.23
2.23
2.23
2.23
2.26
2.26
2.26
2.26
1.31
1.31
1.31
1.31
1.95
1.95
1.95
1.95
2.45
2.45
2.45
2.45
1.42
1.42
1.42
1.42
1.7
1.7
1.7
1.7
2.56
2.56
2.56
2.56
1.65
1.65
1.65
1.65
1.46
1.46
1.46
1.46
2.54
2.54
2.54
2.54
1.96
1.96
1.96
1.96
1.36
1.36
1.36
1.36
2.38
2.38
2.38
2.38
2.25
2.25
2.25
2.25
1.32
1.32
1.32
1.32
2.1
2.1
2.1
2.1
2.42
2.42
1.35
1.35
1.35
1.35
1.35
1.53
1.53
1.53
1.53
1.53
1.49
1.49
1.49
1.49
2.58
2.58
2.58
2.58
1.93
1.93
1.93
1.93
1.47
1.47
1.47
1.47
2.5
2.5
2.5
2.5
2.07
2.07
2.07
2.07
1.32
1.32
1.32
1.32
2.24
2.24
2.24
2.24
2.33
2.33
2.33
2.33
1.32
1.32
1.32
1.32
1.93
1.93
1.93
1.93
2.53
2.53
2.53
2.53
1.48
1.48
1.48
1.48
1.69
1.69
1.69
1.69
2.59
2.59
2.59
2.59
1.72
1.72
1.72
1.72
1.46
1.46
1.46
1.46
2.54
2.54
2.54
2.54
2.02
2.02
2.02
2.02
1.36
1.36
1.36
1.36
2.35
2.35
2.35
2.35
2.3
2.3
2.3
2.3
1.33
1.33
2.05
2.05
2.05
2.05
2.05
1.51
1.51
1.51
1.51
1.51
2.48
2.48
2.48
2.48
1.47
1.47
1.47
1.47
1.49
1.49
1.49
1.49
2.49
2.49
2.49
2.49
1.73
1.73
1.73
1.73
1.34
1.34
1.34
1.34
2.38
2.38
2.38
2.38
2.05
2.05
2.05
2.05
1.31
1.31
1.31
1.31
2.16
2.16
2.16
2.16
2.29
2.29
2.29
2.29
1.31
1.31
1.31
1.31
1.86
1.86
1.86
1.86
2.43
2.43
2.43
2.43
1.4
1.4
1.4
1.4
1.58
1.58
1.58
1.58
2.52
2.52
2.52
2.52
1.67
1.67
1.67
1.67
1.4
1.4
1.4
1.4
2.48
2.48
2.48
2.48
2.01
2.01
2.01
2.01
1.34
1.34
1.34
1.34
2.31
2.31
2.3
2.3
2.3
2.3
2.3
2.5
2.5
2.5
2.5
2.5
1.34
1.34
1.34
1.34
1.81
1.81
1.81
1.81
2.5
2.5
2.5
2.5
1.49
1.49
1.49
1.49
1.51
1.51
1.51
1.51
2.53
2.53
2.53
2.53
1.77
1.77
1.77
1.77
1.36
1.36
1.36
1.36
2.43
2.43
2.43
2.43
2.09
2.09
2.09
2.09
1.32
1.32
1.32
1.32
2.21
2.21
2.21
2.21
2.34
2.34
2.34
2.34
1.32
1.32
1.32
1.32
1.91
1.91
1.91
1.91
2.47
2.47
2.47
2.47
1.42
1.42
1.42
1.42
1.6
1.6
1.6
1.6
2.53
2.53
2.53
2.53
1.67
1.67
1.67
1.67
1.4
1.4
1.4
1.4
2.47
2.47
2.47
2.47
1.99
1.99
1.33
1.33
1.33
1.33
1.33
1.34
1.34
1.34
1.34
1.34
2.12
2.12
2.12
2.12
2.4
2.4
2.4
2.4
1.34
1.34
1.34
1.34
1.81
1.81
1.81
1.81
2.5
2.5
2.5
2.5
1.48
1.48
1.48
1.48
1.5
1.5
1.5
1.5
2.5
2.5
2.5
2.5
1.74
1.74
1.74
1.74
1.35
1.35
1.35
1.35
2.41
2.41
2.41
2.41
2.08
2.08
2.08
2.08
1.32
1.32
1.32
1.32
2.21
2.21
2.21
2.21
2.34
2.34
2.34
2.34
1.32
1.32
1.32
1.32
1.9
1.9
1.9
1.9
2.46
2.46
2.46
2.46
1.42
1.42
1.42
1.42
1.59
1.59
1.59
1.59
2.52
2.52
2.52
2.52
1.67
1.67
1.67
1.67
1.39
1.39
2.47
2.47
2.47
2.47
2.47
1.99
1.99
1.99
1.99
1.99
2.05
2.05
2.05
2.05
1.3
1.3
1.3
1.3
2.05
2.05
2.05
2.05
2.59
2.59
2.59
2.59
1.51
1.51
1.51
1.51
1.84
1.84
1.84
1.84
2.54
2.54
2.54
2.54
1.52
1.52
1.52
1.52
1.46
1.46
1.46
1.46
2.51
2.51
2.51
2.51
1.82
1.82
1.82
1.82
1.34
1.34
1.34
1.34
2.38
2.38
2.38
2.38
2.13
2.13
2.13
2.13
1.31
1.31
1.31
1.31
2.13
2.13
2.13
2.13
2.35
2.35
2.35
2.35
1.32
1.32
1.32
1.32
1.81
1.81
1.81
1.81
2.45
2.45
2.45
2.45
1.43
1.43
1.43
1.43
1.52
1.52
1.52
1.52
2.5
2.5
1.7
1.7
1.7
1.7
1.7
2.23
2.23
2.23
2.23
2.23
1.32
1.32
1.32
1.32
2.24
2.24
2.24
2.24
2.22
2.22
2.22
2.22
1.3
1.3
1.3
1.3
1.93
1.93
1.93
1.93
2.36
2.36
2.36
2.36
1.33
1.33
1.33
1.33
1.6
1.6
1.6
1.6
2.42
2.42
2.42
2.42
1.49
1.49
1.49
1.49
1.38
1.38
1.38
1.38
2.41
2.41
2.41
2.41
1.8
1.8
1.8
1.8
1.31
1.31
1.31
1.31
2.29
2.29
2.29
2.29
2.13
2.13
2.13
2.13
1.3
1.3
1.3
1.3
2.06
2.06
2.06
2.06
2.36
2.36
2.36
2.36
1.32
1.32
1.32
1.32
1.76
1.76
1.76
1.76
2.47
2.47
2.47
2.47
1.47
1.47
1.49
1.49
1.49
1.49
1.49
1.32
1.32
1.32
1.32
1.32
2.4
2.4
2.4
2.4
2.07
2.07
2.07
2.07
1.31
1.31
1.31
1.31
2.19
2.19
2.19
2.19
2.32
2.32
2.32
2.32
1.31
1.31
1.31
1.87
1.87
1.87
1.87
1.87
1.34
1.34
1.34
1.34
2.37
2.37
2.37
2.37
2.11
2.11
2.11
2.11
1.31
1.31
1.31
1.31
2.13
2.13
2.13
2.13
2.34
2.34
2.34
2.34
1.32
1.32
1.32
1.32
1.81
1.81
1.81
1.81
2.45
2.45
2.45
2.45
1.42
1.42
1.42
1.42
1.52
1.52
1.52
1.52
2.49
2.49
2.49
2.49
1.68
1.68
1.68
1.68
1.36
1.36
1.36
1.36
2.42
2.42
2.42
2.42
2.01
2.01
1.32
1.32
1.32
1.32
1.32
1.34
1.34
1.34
1.34
1.34
1.99
1.99
1.99
1.99
2.37
2.37
2.37
2.37
1.32
1.32
1.32
1.32
1.64
1.64
1.64
1.64
2.45
2.45
2.45
2.45
1.5
1.5
1.5
1.5
1.42
1.42
1.42
1.42
2.47
2.47
2.47
2.47
1.82
1.82
1.82
1.82
1.33
1.33
1.33
1.33
2.34
2.34
2.34
2.34
2.13
2.13
2.13
2.13
1.31
1.31
1.31
1.31
2.09
2.09
2.09
2.09
2.34
2.34
2.34
2.34
1.32
1.32
1.32
1.32
1.77
1.77
1.77
1.77
2.44
2.44
2.44
2.44
1.43
1.43
1.43
1.43
1.49
1.49
1.49
1.49
2.48
2.48
2.48
2.48
1.72
1.72
1.72
1.72
1.35
1.35
2.41
2.41
2.41
2.41
2.41
2.13
2.13
2.13
2.13
2.13
2.37
2.37
2.37
2.37
1.32
1.32
1.32
1.32
1.93
1.93
1.93
1.93
2.38
2.38
2.38
2.38
1.35
1.35
1.35
1.35
1.6
1.6
1.6
1.6
2.45
2.45
2.45
2.45
1.54
1.54
1.54
1.54
1.38
1.38
1.38
1.38
2.42
2.42
2.42
2.42
1.85
1.85
1.85
1.85
1.31
1.31
1.31
1.31
2.27
2.27
2.27
2.27
2.14
2.14
2.14
2.14
1.3
1.3
1.3
1.3
2.0
2.0
2.0
2.0
2.34
2.34
2.34
2.34
1.31
1.31
1.31
1.31
1.68
1.68
1.68
1.68
2.42
2.42
2.42
2.42
1.45
1.45
1.45
1.45
1.42
1.42
1.42
1.42
2.43
2.43
1.73
1.73
1.73
1.73
1.73
2.19
2.19
2.19
2.19
2.19
1.3
1.3
1.3
1.3
2.1
2.1
2.1
2.1
2.18
2.18
2.18
2.18
1.29
1.29
1.29
1.29
1.79
1.79
1.79
1.79
2.31
2.31
2.31
2.31
1.32
1.32
1.32
1.32
1.49
1.49
1.49
1.49
2.4
2.4
2.4
2.4
1.53
1.53
1.53
1.53
1.35
1.35
1.35
1.35
2.4
2.4
2.4
2.4
1.89
1.89
1.89
1.89
1.31
1.31
1.31
1.31
2.26
2.26
2.26
2.26
2.21
2.21
2.21
2.21
1.31
1.31
1.31
1.31
2.0
2.0
2.0
2.0
2.39
2.39
2.39
2.39
1.34
1.34
1.34
1.34
1.68
1.68
1.68
1.68
2.48
2.48
2.48
2.48
1.52
1.52
1.42
1.42
1.42
1.42
1.42
1.31
1.31
1.31
1.31
1.31
2.39
2.39
2.39
2.39
2.03
2.03
2.03
2.03
1.31
1.31
1.31
1.31
2.17
2.17
2.17
2.17
2.28
2.28
2.28
2.28
1.31
1.31
1.31
1.31
1.86
1.86
1.86
1.86
2.41
2.41
2.41
2.41
1.37
1.37
1.37
1.37
1.56
1.56
1.56
1.56
2.48
2.48
2.48
2.48
1.61
1.61
1.61
1.61
1.37
1.37
1.37
1.37
2.43
2.43
2.43
2.43
1.93
1.93
1.93
1.93
1.32
1.32
1.32
1.32
2.26
2.26
2.26
2.26
2.22
2.22
2.22
2.22
1.31
1.31
1.31
1.31
1.97
1.97
1.97
1.97
2.39
2.39
2.39
2.39
1.34
1.34
1.34
1.34
1.63
1.63
2.44
2.44
2.44
2.44
2.44
2.38
2.38
2.38
2.38
2.38
1.74
1.74
1.74
1.74
1.34
1.34
1.34
1.34
2.38
2.38
2.38
2.38
2.06
2.06
2.06
2.06
1.31
1.31
1.31
1.31
2.16
2.16
2.16
2.16
2.32
2.32
2.32
2.32
1.31
1.31
1.31
1.31
1.85
1.85
1.85
1.85
2.43
2.43
2.43
2.43
1.4
1.4
1.4
1.4
1.54
1.54
1.54
1.54
2.5
2.5
2.5
2.5
1.66
1.66
1.66
1.66
1.37
1.37
1.37
1.37
2.39
2.39
2.39
2.39
1.82
1.82
1.82
1.82
1.28
1.28
1.28
1.28
2.16
2.16
2.16
2.16
2.35
2.35
2.35
2.35
1.38
1.38
1.38
1.38
2.06
2.06
2.06
2.06
2.46
2.46
1.36
1.36
1.36
1.36
1.36
1.77
1.77
1.77
1.77
1.77
1.43
1.43
1.43
1.43
2.46
2.46
2.46
2.46
1.78
1.78
1.78
1.78
1.33
1.33
1.33
1.33
2.34
2.34
2.34
2.34
2.1
2.1
2.1
2.1
1.3
1.3
1.3
1.3
2.09
2.09
2.09
2.09
2.32
2.32
2.32
2.32
1.31
1.31
1.31
1.31
1.78
1.78
1.78
1.78
2.43
2.43
2.43
2.43
1.41
1.41
1.41
1.41
1.49
1.49
1.49
1.49
2.47
2.47
2.47
2.47
1.67
1.67
1.67
1.67
1.34
1.34
1.34
1.34
2.39
2.39
2.39
2.39
2.0
2.0
2.0
2.0
1.31
1.31
1.31
1.31
2.17
2.17
2.17
2.17
2.25
2.25
2.25
2.25
1.3
1.3
1.85
1.85
1.85
1.85
1.85
1.38
1.38
1.38
1.38
1.38
2.43
2.43
2.43
2.43
1.5
1.5
1.5
1.5
1.4
1.4
1.4
1.4
2.45
2.45
2.45
2.45
1.83
1.83
1.83
1.83
1.33
1.33
1.33
1.33
2.33
2.33
2.33
2.33
2.16
2.16
2.16
2.16
1.31
1.31
1.31
1.31
2.08
2.08
2.08
2.08
2.37
2.37
2.37
2.37
1.33
1.33
1.33
1.33
1.75
1.75
1.75
1.75
2.46
2.46
2.46
2.46
1.46
1.46
1.46
1.46
1.47
1.47
1.47
1.47
2.49
2.49
2.49
2.49
1.75
1.75
1.75
1.75
1.34
1.34
1.34
1.34
2.39
2.39
2.39
2.39
2.07
2.07
2.07
2.07
1.31
1.31
1.31
1.31
2.16
2.16
2.31
2.31
2.31
2.31
2.31
2.48
2.48
2.48
2.48
2.48
1.35
1.35
1.35
1.35
1.63
1.63
1.63
1.63
2.48
2.48
2.48
2.48
1.55
1.55
1.55
1.55
1.4
1.4
1.4
1.4
2.46
2.46
2.46
2.46
1.86
1.86
1.86
1.86
1.32
1.32
1.32
1.32
2.31
2.31
2.31
2.31
2.17
2.17
2.17
2.17
1.31
1.31
1.31
1.31
2.04
2.04
2.04
2.04
2.36
2.36
2.36
2.36
1.32
1.32
1.32
1.32
1.69
1.69
1.69
1.69
2.42
2.42
2.42
2.42
1.45
1.45
1.45
1.45
1.44
1.44
1.44
1.44
2.47
2.47
2.47
2.47
1.76
1.76
1.76
1.76
1.34
1.34
1.34
1.34
2.38
2.38
2.38
2.38
2.09
2.09
1.31
1.31
1.31
1.31
1.31
1.37
1.37
1.37
1.37
1.37
1.92
1.92
1.92
1.92
2.42
2.42
2.42
2.42
1.37
1.37
1.37
1.37
1.61
1.61
1.61
1.61
2.51
2.51
2.51
2.51
1.61
1.61
1.61
1.61
1.34
1.34
1.34
1.34
2.27
2.27
2.27
2.27
1.8
1.8
1.8
1.8
1.32
1.32
1.32
1.32
2.46
2.46
2.46
2.46
2.37
2.37
2.37
2.37
1.34
1.34
1.34
1.34
2.06
2.06
2.06
2.06
2.38
2.38
2.38
2.38
1.33
1.33
1.33
1.33
1.69
1.69
1.69
1.69
2.47
2.47
2.47
2.47
1.49
1.49
1.49
1.49
1.43
1.43
1.43
1.43
2.46
2.46
2.46
2.46
1.8
1.8
1.8
1.8
1.33
1.33
2.34
2.34
2.34
2.34
2.34
1.83
1.83
1.83
1.83
1.83
2.3
2.3
2.3
2.3
1.31
1.31
1.31
1.31
1.83
1.83
1.83
1.83
2.42
2.42
2.42
2.42
1.39
1.39
1.39
1.39
1.52
1.52
1.52
1.52
2.46
2.46
2.46
2.46
1.63
1.63
1.63
1.63
1.35
1.35
1.35
1.35
2.39
2.39
2.39
2.39
1.94
1.94
1.94
1.94
1.31
1.31
1.31
1.31
2.18
2.18
2.18
2.18
2.2
2.2
2.2
2.2
1.3
1.3
1.3
1.3
1.88
1.88
1.88
1.88
2.34
2.34
2.34
2.34
1.33
1.33
1.33
1.33
1.56
1.56
1.56
1.56
2.42
2.42
2.42
2.42
1.51
1.51
1.51
1.51
1.37
1.37
1.37
1.37
2.42
2.42
1.86
1.86
1.86
1.86
1.86
2.35
2.35
2.35
2.35
2.35
1.31
1.31
1.31
1.31
2.12
2.12
2.12
2.12
2.37
2.37
2.37
2.37
1.33
1.33
1.33
1.33
1.81
1.81
1.81
1.81
2.46
2.46
2.46
2.46
1.44
1.44
1.44
1.44
1.51
1.51
1.51
1.51
2.5
2.5
2.5
2.5
1.73
1.73
1.73
1.73
1.35
1.35
1.35
1.35
2.41
2.41
2.41
2.41
2.04
2.04
2.04
2.04
1.32
1.32
1.32
1.32
2.2
2.2
2.2
2.2
2.3
2.3
2.3
2.3
1.31
1.31
1.31
1.31
1.9
1.9
1.9
1.9
2.43
2.43
2.43
2.43
1.38
1.38
1.38
1.38
1.59
1.59
1.59
1.59
2.49
2.49
2.49
2.49
1.62
1.62
1.38
1.38
1.38
1.38
1.38
1.31
1.31
1.31
1.31
1.31
2.32
2.32
2.32
2.32
2.17
2.17
2.17
2.17
1.31
1.31
1.31
1.31
2.05
2.05
2.05
2.05
2.35
2.35
2.35
2.35
1.31
1.31
1.31
1.31
1.7
1.7
1.7
1.7
2.43
2.43
2.43
2.43
1.45
1.45
1.45
1.45
1.46
1.46
1.46
1.46
2.48
2.48
2.48
2.48
1.76
1.76
1.76
1.76
1.34
1.34
1.34
1.34
2.38
2.38
2.38
2.38
2.08
2.08
2.08
2.08
1.31
1.31
1.31
1.31
2.15
2.15
2.15
2.15
2.33
2.33
2.33
2.33
1.31
1.31
1.31
1.31
1.84
1.84
1.84
1.84
2.44
2.44
2.44
2.44
1.41
1.41
1.41
1.41
1.54
1.54
2.5
2.5
2.5
2.5
2.5
2.07
2.07
2.07
2.07
2.07
1.89
1.89
1.89
1.89
1.42
1.42
1.42
1.42
2.43
2.43
2.43
2.43
2.34
2.34
2.34
2.34
1.32
1.32
1.32
1.32
1.99
1.99
1.99
1.99
2.39
2.39
2.39
2.39
1.35
1.35
1.35
1.35
1.66
1.66
1.66
1.66
2.47
2.47
2.47
2.47
1.52
1.52
1.52
1.52
1.41
1.41
1.41
1.41
2.46
2.46
2.46
2.46
1.83
1.83
1.83
1.83
1.33
1.33
1.33
1.33
2.32
2.32
2.32
2.32
2.14
2.14
2.14
2.14
1.3
1.3
1.3
1.3
2.07
2.07
2.07
2.07
2.35
2.35
2.35
2.35
1.32
1.32
1.32
1.32
1.75
1.75
1.75
1.75
2.44
2.44
1.45
1.45
1.45
1.45
1.45
1.97
1.97
1.97
1.97
1.97
1.34
1.34
1.34
1.34
2.38
2.38
2.38
2.38
1.96
1.96
1.96
1.96
1.3
1.3
1.3
1.3
2.16
2.16
2.16
2.16
2.22
2.22
2.22
2.22
1.3
1.3
1.3
1.3
1.85
1.85
1.85
1.85
2.35
2.35
2.35
2.35
1.34
1.34
1.34
1.34
1.55
1.55
1.55
1.55
2.43
2.43
2.43
2.43
1.55
1.55
1.55
1.55
1.37
1.37
1.37
1.37
2.42
2.42
2.42
2.42
1.89
1.89
1.89
1.89
1.32
1.32
1.32
1.32
2.29
2.29
2.29
2.29
2.22
2.22
2.22
2.22
1.31
1.31
1.31
1.31
2.02
2.02
2.02
2.02
2.4
2.4
2.4
2.4
1.34
1.34
1.71
1.71
1.71
1.71
1.71
1.35
1.35
1.35
1.35
1.35
2.49
2.49
2.49
2.49
1.74
1.74
1.74
1.74
1.35
1.35
1.35
1.35
2.4
2.4
2.4
2.4
2.06
2.06
2.06
2.06
1.31
1.31
1.31
1.31
2.18
2.18
2.18
2.18
2.31
2.31
2.31
2.31
1.31
1.31
1.31
1.31
1.88
1.88
1.88
1.88
2.43
2.43
2.43
2.43
1.39
1.39
1.39
1.39
1.57
1.57
1.57
1.57
2.5
2.5
2.5
2.5
1.65
1.65
1.65
1.65
1.38
1.38
1.38
1.38
2.45
2.45
2.45
2.45
1.97
1.97
1.97
1.97
1.32
1.32
1.32
1.32
2.27
2.27
2.27
2.27
2.27
2.27
2.27
2.27
1.32
1.32
1.32
1.32
2.03
2.03
2.47
2.47
2.47
2.47
2.47
2.51
2.51
2.51
2.51
2.51
1.53
1.53
1.53
1.53
1.46
1.46
1.46
1.46
2.52
2.52
2.52
2.52
1.88
1.88
1.88
1.88
1.38
1.38
1.38
1.38
2.43
2.43
2.43
2.43
2.21
2.21
2.21
2.21
1.33
1.33
1.33
1.33
2.18
2.18
2.18
2.18
2.42
2.42
2.42
2.42
1.35
1.35
1.35
1.35
1.85
1.85
1.85
1.85
2.5
2.5
2.5
2.5
1.48
1.48
1.48
1.48
1.55
1.55
1.55
1.55
2.55
2.55
2.55
2.55
1.77
1.77
1.77
1.77
1.39
1.39
1.39
1.39
2.48
2.48
2.48
2.48
2.11
2.11
2.11
2.11
1.34
1.34
1.34
1.34
2.2
2.2
2.2
2.2
2.2
2.2
1.29
1.29
1.29
1.29
1.29
1.56
1.56
1.56
1.56
1.56
1.68
1.68
1.68
1.68
2.49
2.49
2.49
2.49
1.54
1.54
1.54
1.54
1.42
1.42
1.42
1.42
2.47
2.47
2.47
2.47
1.83
1.83
1.83
1.83
1.33
1.33
1.33
1.33
2.32
2.32
2.32
2.32
2.13
2.13
2.13
2.13
1.3
1.3
1.3
1.3
2.05
2.05
2.05
2.05
2.32
2.32
2.32
2.32
1.31
1.31
1.31
1.31
1.72
1.72
1.72
1.72
2.41
2.41
2.41
2.41
1.42
1.42
1.42
1.42
1.44
1.44
1.44
1.44
2.44
2.44
2.44
2.44
1.69
1.69
1.69
1.69
1.32
1.32
1.32
1.32
2.34
2.34
2.34
2.34
2.01
2.01
2.01
2.01
1.3
1.3
2.12
2.12
2.12
2.12
2.12
1.48
1.48
1.48
1.48
1.48
2.35
2.35
2.35
2.35
1.35
1.35
1.35
1.35
1.48
1.48
1.48
1.48
2.4
2.4
2.4
2.4
1.57
1.57
1.57
1.57
1.33
1.33
1.33
1.33
2.36
2.36
2.36
2.36
1.91
1.91
1.91
1.91
1.31
1.31
1.31
1.31
2.2
2.2
2.2
2.2
2.22
2.22
2.22
2.22
1.3
1.3
1.3
1.3
1.93
1.93
1.93
1.93
2.39
2.39
2.39
2.39
1.35
1.35
1.35
1.35
1.62
1.62
1.62
1.62
2.47
2.47
2.47
2.47
1.55
1.55
1.55
1.55
1.4
1.4
1.4
1.4
2.45
2.45
2.45
2.45
1.87
1.87
1.87
1.87
1.32
1.32
1.32
1.32
2.31
2.31
2.18
2.18
2.18
2.18
2.18
2.42
2.42
2.42
2.42
2.42
1.31
1.31
1.31
1.31
1.81
1.81
1.81
1.81
2.43
2.43
2.43
2.43
1.41
1.41
1.41
1.41
1.52
1.52
1.52
1.52
2.48
2.48
2.48
2.48
1.67
1.67
1.67
1.67
1.36
1.36
1.36
1.36
2.41
2.41
2.41
2.41
2.0
2.0
2.0
2.0
1.32
1.32
1.32
1.32
2.22
2.22
2.22
2.22
2.28
2.28
2.28
2.28
1.31
1.31
1.31
1.31
1.92
1.92
1.92
1.92
2.42
2.42
2.42
2.42
1.37
1.37
1.37
1.37
1.61
1.61
1.61
1.61
2.49
2.49
2.49
2.49
1.59
1.59
1.59
1.59
1.39
1.39
1.39
1.39
2.45
2.45
2.45
2.45
1.91
1.91
1.33
1.33
1.33
1.33
1.33
1.31
1.31
1.31
1.31
1.31
2.1
2.1
2.1
2.1
2.33
2.33
2.33
2.33
1.32
1.32
1.32
1.32
1.8
1.8
1.8
1.8
2.46
2.46
2.46
2.46
1.44
1.44
1.44
1.52
1.52
1.52
1.52
1.52
1.31
1.31
1.31
1.31
2.08
2.08
2.08
2.08
2.39
2.39
2.39
2.39
1.33
1.33
1.33
1.33
1.75
1.75
1.75
1.75
2.48
2.48
2.48
2.48
1.49
1.49
1.49
1.49
1.48
1.48
1.48
1.48
2.51
2.51
2.51
2.51
1.79
1.79
1.79
1.79
1.36
1.36
1.36
1.36
2.34
2.34
2.34
2.34
1.93
1.93
1.93
1.93
1.29
1.29
1.29
1.29
2.1
2.1
2.1
2.1
2.5
2.5
1.43
1.43
1.43
1.43
1.43
1.56
1.56
1.56
1.56
1.56
1.63
1.63
1.63
1.63
2.47
2.47
2.47
2.47
1.56
1.56
1.56
1.56
1.39
1.39
1.39
1.39
2.45
2.45
2.45
2.45
1.87
1.87
1.87
1.87
1.32
1.32
1.32
1.32
2.29
2.29
2.29
2.29
2.17
2.17
2.17
2.17
1.3
1.3
1.3
1.3
2.03
2.03
2.03
2.03
2.36
2.36
2.36
2.36
1.33
1.33
1.33
1.33
1.71
1.71
1.71
1.71
2.45
2.45
2.45
2.45
1.47
1.47
1.47
1.47
1.44
1.44
1.44
1.44
2.46
2.46
2.46
2.46
1.77
1.77
1.77
1.77
1.33
1.33
1.33
1.33
2.36
2.36
2.36
2.36
2.09
2.09
2.09
2.09
1.31
1.31
2.1
2.1
2.1
2.1
2.1
1.54
1.54
1.54
1.54
1.54
2.36
2.36
2.36
2.36
1.35
1.35
1.35
1.35
1.54
1.54
1.54
1.54
2.45
2.45
2.45
2.45
1.6
1.6
1.6
1.6
1.37
1.37
1.37
1.37
2.43
2.43
2.43
2.43
1.94
1.94
1.94
1.94
1.32
1.32
1.32
1.32
2.28
2.28
2.28
2.28
2.25
2.25
2.25
2.25
1.31
1.31
1.31
1.31
2.01
2.01
2.01
2.01
2.41
2.41
2.41
2.41
1.36
1.36
1.36
1.36
1.7
1.7
1.7
1.7
2.5
2.5
2.5
2.5
1.55
1.55
1.55
1.55
1.44
1.44
1.44
1.44
2.49
2.49
2.49
2.49
1.86
1.86
1.86
1.86
1.34
1.34
1.34
1.34
2.36
2.36
2.17
2.17
2.17
2.17
2.17
2.45
2.45
2.45
2.45
2.45
1.32
1.32
1.32
1.32
1.86
1.86
1.86
1.86
2.45
2.45
2.45
2.45
1.42
1.42
1.42
1.42
1.54
1.54
1.54
1.54
2.49
2.49
2.49
2.49
1.68
1.68
1.68
1.68
1.37
1.37
1.37
1.37
2.43
2.43
2.43
2.43
2.0
2.0
2.0
2.0
1.32
1.32
1.32
1.32
2.23
2.23
2.23
2.23
2.27
2.27
2.27
2.27
1.31
1.31
1.31
1.31
1.92
1.92
1.92
1.92
2.4
2.4
2.4
2.4
1.36
1.36
1.36
1.36
1.6
1.6
1.6
1.6
2.46
2.46
2.46
2.46
1.56
1.56
1.56
1.56
1.38
1.38
1.38
1.38
2.43
2.43
2.43
2.43
1.88
1.88
1.32
1.32
1.32
1.32
1.32
1.31
1.31
1.31
1.31
1.31
2.04
2.04
2.04
2.04
2.33
2.33
2.33
2.33
1.32
1.32
1.32
1.32
1.74
1.74
1.74
1.74
2.43
2.43
2.43
2.43
1.44
1.44
1.44
1.44
1.46
1.46
1.46
1.46
2.47
2.47
2.47
2.47
1.74
1.74
1.74
1.74
1.36
1.36
1.36
1.36
2.41
2.41
2.41
2.41
2.09
2.09
2.09
2.09
1.32
1.32
1.32
1.32
2.18
2.18
2.18
2.18
2.34
2.34
2.34
2.34
1.32
1.32
1.32
1.32
1.87
1.87
1.87
1.87
2.45
2.45
2.45
2.45
1.42
1.42
1.42
1.42
1.53
1.53
1.53
1.53
2.38
2.38
2.38
2.38
1.51
1.51
1.51
1.51
1.36
1.36
2.55
2.55
2.55
2.55
2.55
1.95
1.95
1.95
1.95
1.95
2.2
2.2
2.2
2.2
1.3
1.3
1.3
1.3
1.94
1.94
1.94
1.94
2.36
2.36
2.36
2.36
1.33
1.33
1.33
1.33
1.62
1.62
1.62
1.62
2.44
2.44
2.44
2.44
1.51
1.51
1.51
1.51
1.39
1.39
1.39
1.39
2.42
2.42
2.42
2.42
1.82
1.82
1.82
1.82
1.32
1.32
1.32
1.32
2.28
2.28
2.28
2.28
2.12
2.12
2.12
2.12
1.3
1.3
1.3
1.3
2.03
2.03
2.03
2.03
2.32
2.32
2.32
2.32
1.31
1.31
1.31
1.31
1.7
1.7
1.7
1.7
2.4
2.4
2.4
2.4
1.42
1.42
1.42
1.42
1.42
1.42
1.42
1.42
2.41
2.41
1.67
1.67
1.67
1.67
1.67
2.21
2.21
2.21
2.21
2.21
1.29
1.29
1.29
1.29
2.05
2.05
2.05
2.05
2.22
2.22
2.22
2.22
1.3
1.3
1.3
1.3
1.77
1.77
1.77
1.77
2.36
2.36
2.36
2.36
1.37
1.37
1.37
1.37
1.5
1.5
1.5
1.5
2.45
2.45
2.45
2.45
1.64
1.64
1.64
1.64
1.36
1.36
1.36
1.36
2.41
2.41
2.41
2.41
1.97
1.97
1.97
1.97
1.32
1.32
1.32
1.32
2.23
2.23
2.23
2.23
2.26
2.26
2.26
2.26
1.31
1.31
1.31
1.31
1.94
1.94
1.94
1.94
2.4
2.4
2.4
2.4
1.36
1.36
1.36
1.36
1.63
1.63
1.63
1.63
2.48
2.48
2.48
2.48
1.57
1.57
1.4
1.4
1.4
1.4
1.4
1.31
1.31
1.31
1.31
1.31
2.35
2.35
2.35
2.35
2.09
2.09
2.09
2.09
1.31
1.31
1.31
1.31
2.11
2.11
2.11
2.11
2.32
2.32
2.32
2.32
1.31
1.31
1.31
1.31
1.8
1.8
1.8
1.8
2.42
2.42
2.42
2.42
1.41
1.41
1.41
1.41
1.51
1.51
1.51
1.51
2.47
2.47
2.47
2.47
1.67
1.67
1.67
1.67
1.35
1.35
1.35
1.35
2.39
2.39
2.39
2.39
1.99
1.99
1.99
1.99
1.31
1.31
1.31
1.31
2.19
2.19
2.19
2.19
2.25
2.25
2.25
2.25
1.31
1.31
1.31
1.31
1.9
1.9
1.9
1.9
2.39
2.39
2.39
2.39
1.36
1.36
1.36
1.36
1.57
1.57
2.45
2.45
2.45
2.45
2.45
2.34
2.34
2.34
2.34
2.34
1.84
1.84
1.84
1.84
1.34
1.34
1.34
1.34
2.35
2.35
2.35
2.35
2.15
2.15
2.15
2.15
1.31
1.31
1.31
1.31
2.09
2.09
2.09
2.09
2.37
2.37
2.37
2.37
1.33
1.33
1.33
1.33
1.77
1.77
1.77
1.77
2.46
2.46
2.46
2.46
1.46
1.46
1.46
1.46
1.49
1.49
1.49
1.49
2.48
2.48
2.48
2.48
1.74
1.74
1.74
1.74
1.35
1.35
1.35
1.35
2.41
2.41
2.41
2.41
2.03
2.03
2.03
2.03
1.29
1.29
1.29
1.29
1.97
1.97
1.97
1.97
2.25
2.25
2.25
2.25
1.34
1.34
1.34
1.34
2.04
2.04
2.04
2.04
2.55
2.55
1.46
1.46
1.46
1.46
1.46
1.88
1.88
1.88
1.88
1.88
1.4
1.4
1.4
1.4
2.45
2.45
2.45
2.45
1.88
1.88
1.88
1.88
1.33
1.33
1.33
1.33
2.3
2.3
2.3
2.3
2.18
2.18
2.18
2.18
1.31
1.31
1.31
1.31
2.03
2.03
2.03
2.03
2.36
2.36
2.36
2.36
1.32
1.32
1.32
1.32
1.7
1.7
1.7
1.7
2.44
2.44
2.44
2.44
1.46
1.46
1.46
1.46
1.43
1.43
1.43
1.43
2.45
2.45
2.45
2.45
1.76
1.76
1.76
1.76
1.33
1.33
1.33
1.33
2.34
2.34
2.34
2.34
2.07
2.07
2.07
2.07
1.3
1.3
1.3
1.3
2.1
2.1
2.1
2.1
2.29
2.29
2.29
2.29
1.3
1.3
