1.7014
1.6982
1.6913
1.696
1.6996
1.7011
1.7009
1.6952
1.6885
1.6986
1.7018
1.7016
1.6994
1.6952
1.6921
1.6986
1.7035
1.7014
1.6981
1.6921
1.696
1.7001
1.7014
1.7009
1.6951
1.6891
1.6984
1.7031
1.7001
1.6992
1.6921
1.6917
1.699
1.7035
1.6997
1.6906
1.6958
1.6997
1.7003
1.7009
1.6979
1.6879
1.6981
1.7024
1.6992
1.7014
1.6945
1.6922
1.699
1.7042
1.7016
1.6994
1.6917
1.6971
1.7001
1.7003
1.7007
1.6981
1.6904
1.6981
1.702
1.7007
1.6994
1.6949
1.6928
1.6996
1.7046
1.702
1.6982
1.6904
1.6964
1.7001
1.7022
1.7003
1.6945
1.6906
1.6986
1.7027
1.699
1.6994
1.6919
1.6926
1.6992
1.7044
1.6994
1.6913
1.6966
1.7003
1.7048
1.7011
1.6981
1.6891
1.6986
1.7026
1.7003
1.7005
1.6941
1.6922
1.6994
1.7029
1.7003
1.6996
1.6909
1.6964
1.7003
1.7016
1.7014
1.6982
1.6892
1.6988
1.7027
1.7007
1.7005
1.6945
1.6919
1.6992
1.7033
1.7012
1.6999
1.6915
1.6966
1.7012
1.7014
1.7001
1.6973
1.6887
1.6988
1.7035
1.7003
1.699
1.6941
1.6921
1.6994
1.7035
1.6996
1.6907
1.6967
1.7009
1.7041
1.7011
1.6979
1.6902
1.6986
1.7033
1.7003
1.7001
1.6941
1.6926
1.6992
1.7027
1.6999
1.6994
1.6913
1.6967
1.7011
1.7011
1.7014
1.6982
1.6896
1.6988
1.7029
1.7012
1.7005
1.6943
1.6928
1.6999
1.7033
1.7007
1.6986
1.6906
1.6967
1.7003
1.7007
1.7014
1.6982
1.6898
1.6982
1.7029
1.7007
1.7003
1.6939
1.6936
1.6994
1.7029
1.6994
1.6909
1.6969
1.6996
1.7033
1.7009
1.6971
1.6894
1.6986
1.7033
1.7003
1.7003
1.6941
1.6932
1.6999
1.7035
1.7007
1.699
1.69
1.6986
1.7012
1.7029
1.7014
1.6977
1.6902
1.6986
1.7037
1.7011
1.6999
1.6945
1.6934
1.6996
1.7033
1.7005
1.699
1.6906
1.6979
1.7007
1.7007
1.7011
1.6971
1.69
1.6992
1.7033
1.7009
1.6999
1.6939
1.6937
1.7003
1.7035
1.699
1.6909
1.6977
1.6999
1.7031
1.7009
1.6977
1.6898
1.6986
1.7009
1.7005
1.7005
1.6941
1.6936
1.6996
1.7033
1.7011
1.6986
1.6904
1.6973
1.7012
1.7035
1.7014
1.6969
1.6909
1.6992
1.7033
1.7001
1.7005
1.6936
1.6949
1.6997
1.7033
1.7003
1.6992
1.6904
1.6977
1.7011
1.7007
1.7018
1.6975
1.69
1.699
1.7037
1.7011
1.7003
1.6937
1.6937
1.6999
1.7029
1.6994
1.69
1.6941
1.6999
1.7035
1.7011
1.6973
1.6902
1.6984
1.7012
1.7018
1.7001
1.6934
1.6945
1.6988
1.7037
1.702
1.6988
1.69
1.6943
1.7007
1.7035
1.7011
1.6977
1.6906
1.6979
1.7012
1.7014
1.7001
1.6939
1.6945
1.6994
1.7039
1.7011
1.6992
1.6904
1.6984
1.7014
1.7026
1.7011
1.6967
1.69
1.6997
1.7014
1.7005
1.6999
1.693
1.6947
1.6997
1.7039
1.6992
1.6911
1.6945
1.6997
1.7041
1.7014
1.6967
1.6915
1.6984
1.7011
1.7007
1.6999
1.6932
1.6941
1.6992
1.7039
1.7016
1.6999
1.6904
1.6979
1.6999
1.7027
1.7012
1.6973
1.6907
1.699
1.7012
1.6996
1.6999
1.6934
1.6947
1.7001
1.7039
1.7011
1.699
1.6898
1.6979
1.7016
1.7024
1.7014
1.6966
1.6919
1.6996
1.7046
1.7024
1.7001
1.6937
1.6949
1.7011
1.7039
1.7007
1.6936
1.6956
1.7007
1.7029
1.7014
1.6964
1.6906
1.6984
1.7012
1.6999
1.7001
1.6934
1.6907
1.6992
1.7044
1.7014
1.699
1.6896
1.6954
1.7001
1.7027
1.7018
1.6969
1.6915
1.6979
1.7014
1.6999
1.6997
1.6928
1.6956
1.6999
1.7037
1.7014
1.699
1.6904
1.6981
1.6999
1.7031
1.7018
1.6964
1.6907
1.6999
1.7014
1.7018
1.6997
1.6928
1.6956
1.6994
1.7041
1.7003
1.6928
1.6954
1.7005
1.7027
1.702
1.6967
1.6902
1.6979
1.7018
1.7007
1.6999
1.6932
1.6917
1.6994
1.7044
1.7009
1.7003
1.6902
1.6954
1.6999
1.7024
1.7012
1.696
1.6917
1.6982
1.702
1.7014
1.6996
1.693
1.6958
1.6992
1.7037
1.7012
1.6988
1.6906
1.6984
1.7001
1.7022
1.7012
1.6958
1.6915
1.6997
1.7026
1.7009
1.7003
1.6926
1.6956
1.7007
1.7039
1.7001
1.6924
1.6956
1.7005
1.7026
1.7011
1.699
1.6896
1.6986
1.7022
1.7014
1.7001
1.696
1.6911
1.699
1.7037
1.7016
1.6982
1.6896
1.696
1.7003
1.7016
1.7012
1.6954
1.6904
1.6981
1.7029
1.7005
1.6997
1.6922
1.6922
1.6996
1.7044
1.7012
1.6986
1.6904
1.696
1.7001
1.7022
1.7011
1.696
1.6921
1.6982
1.7027
1.7011
1.6997
1.6921
1.696
1.6997
1.7039
1.7001
1.6922
1.6962
1.7007
1.7027
1.702
1.6988
1.6902
1.6988
1.7029
1.7012
1.6999
1.6966
1.6921
1.6992
1.7042
1.7022
1.6984
1.6924
1.6964
1.7005
1.7033
1.7011
1.6952
1.6894
1.6982
1.7027
1.7014
1.6997
1.6954
1.6921
1.6997
1.7044
1.7018
1.6988
1.6922
1.6967
1.7001
1.7016
1.7007
1.6956
1.6902
1.6992
1.7024
1.7007
1.7003
1.693
1.6928
1.6996
1.7039
1.7005
1.6926
1.6966
1.7007
1.702
1.7024
1.6986
1.6907
1.6988
1.7027
1.7005
1.7009
1.6952
1.6934
1.6999
1.7048
1.702
1.6982
1.6919
1.6969
1.7007
1.7027
1.7012
1.6988
1.6902
1.6986
1.7029
1.7012
1.6997
1.6951
1.6922
1.7005
1.7044
1.7016
1.6982
1.6917
1.6967
1.7011
1.7027
1.7007
1.6956
1.6898
1.7001
1.7039
1.7005
1.6999
1.6921
1.693
1.6997
1.7041
1.7001
1.6917
1.6971
1.7007
1.7014
1.702
1.6982
1.6904
1.6996
1.7031
1.7012
1.7016
1.6951
1.6941
1.6994
1.7041
1.7027
1.6996
1.6913
1.6975
1.7005
1.7024
1.7011
1.6982
1.6898
1.699
1.7031
1.7014
1.7001
1.6952
1.6932
1.6996
1.7042
1.7026
1.6986
1.6898
1.6988
1.7042
1.7016
1.7005
1.6949
1.6928
1.6999
1.7042
1.7016
1.6999
1.6919
1.6973
1.7009
1.7009
1.6999
1.6915
1.6977
1.7007
1.7027
1.702
1.6977
1.6921
1.6992
1.7037
1.7016
1.7011
1.6945
1.6926
1.7005
1.7044
1.7016
1.6996
1.6919
1.6973
1.7012
1.7012
1.7009
1.6979
1.6913
1.6988
1.7042
1.7009
1.7001
1.6947
1.6934
1.6996
1.7039
1.7024
1.6982
1.6913
1.6973
1.702
1.7022
1.7012
1.6947
1.6907
1.6992
1.7039
1.7014
1.6997
1.6915
1.6937
1.6999
1.7039
1.6999
1.6913
1.6973
1.7001
1.7033
1.7026
1.6977
1.6896
1.6992
1.7039
1.7001
1.7003
1.6943
1.6934
1.7001
1.7039
1.7014
1.6994
1.6915
1.6977
1.7011
1.7007
1.702
1.6977
1.6904
1.6992
1.7041
1.7011
1.7007
1.6943
1.693
1.7007
1.7033
1.7018
1.7001
1.6917
1.6979
1.7012
1.7011
1.7007
1.6981
1.6902
1.6994
1.7042
1.7016
1.6996
1.6911
1.6943
1.7007
1.7037
1.6999
1.6909
1.6979
1.7001
1.7046
1.7016
1.6986
1.6904
1.6994
1.7012
1.7011
1.7007
1.6947
1.6949
1.7005
1.7035
1.7018
1.6996
1.6911
1.6982
1.702
1.7009
1.7022
1.6979
1.6907
1.6997
1.7041
1.702
1.7007
1.6941
1.6951
1.6999
1.7041
1.7022
1.6996
1.6907
1.6982
1.7018
1.7018
1.7003
1.6977
1.6894
1.6997
1.7039
1.7022
1.6997
1.6941
1.6937
1.7005
1.7029
1.7003
1.6913
1.6979
1.7005
1.7026
1.7026
1.6971
1.6907
1.6996
1.7016
1.7005
1.7009
1.6941
1.6941
1.7001
1.7042
1.702
1.6997
1.6917
1.6981
1.7018
1.7033
1.7024
1.6971
1.6913
1.7003
1.7044
1.7016
1.7012
1.6941
1.6949
1.7001
1.7041
1.7014
1.6997
1.6913
1.6988
1.7014
1.7029
1.702
1.6973
1.69
1.6994
1.7044
1.7016
1.7009
1.6937
1.6949
1.7003
1.7044
1.7001
1.6909
1.6951
1.7003
1.7035
1.7016
1.6971
1.6906
1.6982
1.702
1.7016
1.7011
1.6937
1.6949
1.6997
1.7044
1.7016
1.6994
1.6906
1.6981
1.7011
1.7031
1.7022
1.6969
1.6911
1.6996
1.7022
1.7026
1.7005
1.6936
1.6951
1.7003
1.7027
1.7026
1.6999
1.6907
1.6984
1.702
1.7014
1.7018
1.6967
1.6922
1.6996
1.7044
1.7018
1.7009
1.6939
1.6958
1.7005
1.7029
1.6999
1.6906
1.6956
1.7012
1.7041
1.7018
1.6971
1.6909
1.699
1.7022
1.7016
1.7001
1.6941
1.6956
1.6997
1.7048
1.7029
1.6997
1.6911
1.6984
1.7009
1.7033
1.7018
1.6979
1.6917
1.7001
1.7026
1.7012
1.7005
1.693
1.6958
1.7005
1.7048
1.7026
1.6996
1.6907
1.6986
1.7026
1.7035
1.7016
1.6966
1.6913
1.6996
1.7046
1.7007
1.7014
1.6934
1.6971
1.7003
1.7035
1.7012
1.6934
1.6964
1.7007
1.7027
1.7014
1.6967
1.6913
1.6988
1.7029
1.7014
1.7012
1.6936
1.6921
1.6999
1.705
1.7022
1.6992
1.6911
1.6962
1.7005
1.7037
1.7016
1.6966
1.6928
1.6986
1.7033
1.7011
1.7001
1.6928
1.696
1.6997
1.7048
1.7026
1.6992
1.6907
1.699
1.7007
1.7026
1.7016
1.6967
1.6922
1.7001
1.7027
1.7014
1.7005
1.6934
1.6969
1.7009
1.7046
1.7007
1.6934
1.6971
1.7007
1.7033
1.7024
1.6967
1.6904
1.6986
1.7026
1.7001
1.7001
1.6926
1.6926
1.6997
1.705
1.7027
1.699
1.6906
1.6967
1.7014
1.7033
1.7016
1.6964
1.6919
1.6992
1.7033
1.7016
1.6997
1.6928
1.6926
1.7001
1.7042
1.702
1.6997
1.6917
1.6971
1.7009
1.7022
1.7014
1.6962
1.6909
1.699
1.7027
1.7009
1.6999
1.693
1.6967
1.7003
1.7048
1.7011
1.6926
1.6967
1.7007
1.7029
1.7012
1.6988
1.6904
1.6997
1.7035
1.7018
1.7003
1.696
1.6928
1.6999
1.7057
1.7024
1.6997
1.6922
1.6967
1.7009
1.7026
1.7024
1.6956
1.6917
1.699
1.7039
1.7003
1.7003
1.6924
1.6936
1.7005
1.705
1.7022
1.6986
1.6904
1.6971
1.7016
1.7027
1.7016
1.6973
1.6928
1.6996
1.7031
1.7007
1.7003
1.6926
1.6981
1.7001
1.7044
1.7009
1.6924
1.6975
1.7007
1.7029
1.7014
1.6986
1.6928
1.6992
1.7033
1.7033
1.7001
1.6958
1.6943
1.7001
1.7046
1.7022
1.6986
1.6928
1.6971
1.7029
1.7022
1.7014
1.6992
1.6896
1.6992
1.7035
1.7018
1.7003
1.696
1.6922
1.7003
1.7042
1.7022
1.6986
1.6921
1.6979
1.7009
1.7035
1.7012
1.6966
1.6907
1.6997
1.7046
1.7009
1.7005
1.6926
1.6932
1.7003
1.7042
1.7005
1.6924
1.6975
1.7011
1.7026
1.7018
1.6992
1.6913
1.6996
1.7039
1.7018
1.7003
1.6954
1.693
1.7005
1.7041
1.7022
1.6986
1.6924
1.6975
1.7011
1.7024
1.7016
1.6952
1.6909
1.6997
1.7048
1.7009
1.7009
1.6926
1.6939
1.6999
1.7044
1.7022
1.6988
1.6921
1.6979
1.7016
1.7016
1.7012
1.696
1.6936
1.6996
1.705
1.7022
1.7001
1.6926
1.6975
1.7003
1.7044
1.7005
1.6921
1.6982
1.7012
1.7024
1.7024
1.6988
1.6904
1.6999
1.7041
1.7024
1.7014
1.6949
1.6943
1.7005
1.7046
1.7024
1.7009
1.6915
1.6982
1.7016
1.7016
1.7009
1.6982
1.6894
1.6999
1.7041
1.7022
1.6999
1.6964
1.6937
1.7003
1.7056
1.7026
1.6984
1.6921
1.6982
1.7014
1.7016
1.7011
1.6954
1.6919
1.6996
1.7042
1.7022
1.7005
1.6919
1.6954
1.7007
1.7039
1.7007
1.6913
1.6986
1.7018
1.7042
1.7026
1.6988
1.6915
1.7016
1.7044
1.7039
1.7011
1.6952
1.6947
1.7011
1.7046
1.702
1.6999
1.6911
1.6984
1.702
1.702
1.7024
1.6979
1.6913
1.6997
1.7046
1.702
1.7016
1.6949
1.6945
1.7005
1.7041
1.7027
1.7001
1.6915
1.6986
1.702
1.7024
1.7012
1.6982
1.6917
1.6999
1.705
1.702
1.7001
1.6949
1.6947
1.7007
1.7042
1.7005
1.6919
1.6984
1.7022
1.7039
1.702
1.6982
1.6909
1.6994
1.7048
1.7033
1.7012
1.6951
1.6951
1.7003
1.7037
1.702
1.7011
1.6915
1.6981
1.7029
1.702
1.7026
1.6977
1.6911
1.6996
1.7046
1.702
1.7012
1.6945
1.6956
1.7007
1.7044
1.7037
1.7001
1.6915
1.6986
1.702
1.702
1.7016
1.6981
1.6919
1.6996
1.705
1.702
1.7007
1.6922
1.6954
1.7005
1.7044
1.7005
1.6919
1.6984
1.7011
1.7044
1.7033
1.6977
1.6915
1.6997
1.7022
1.7027
1.7018
1.6943
1.6956
1.7011
1.705
1.7024
1.6999
1.6919
1.6986
1.7026
1.7035
1.7024
1.6975
1.6906
1.6999
1.7046
1.7016
1.7012
1.6947
1.6954
1.7005
1.7042
1.702
1.7001
1.6911
1.699
1.7022
1.7016
1.7024
1.6973
1.693
1.7001
1.705
1.7026
1.7014
1.6949
1.6952
1.7009
1.7031
1.7003
1.6915
1.699
1.7009
1.7042
1.7026
1.6977
1.6921
1.7007
1.7026
1.7016
1.7011
1.6943
1.696
1.7009
1.7031
1.7022
1.6999
1.6906
1.6996
1.7024
1.7016
1.702
1.6975
1.6915
1.7005
1.7048
1.7027
1.7007
1.6941
1.6967
1.7011
1.7033
1.702
1.6999
1.6906
1.699
1.7031
1.7018
1.7011
1.6977
1.6915
1.6997
1.705
1.7024
1.6997
1.6941
1.6958
1.7011
1.7033
1.7001
1.6911
1.6966
1.7012
1.7037
1.7022
1.6971
1.6926
1.6994
1.7031
1.7031
1.7011
1.6937
1.6966
1.7003
1.705
1.7026
1.6997
1.6915
1.6992
1.7009
1.7029
1.7029
1.6969
1.6919
1.7007
1.7031
1.7014
1.7014
1.6936
1.6964
1.7012
1.705
1.7037
1.6999
1.6907
1.6988
1.7033
1.7027
1.702
1.6966
1.6915
1.7005
1.7054
1.7027
1.7012
1.6936
1.6964
1.7007
1.7037
1.7001
1.6936
1.6977
1.7018
1.7046
1.7016
1.6971
1.6911
1.7009
1.7033
1.7029
1.7022
1.693
1.6966
1.7005
1.705
1.7022
1.6999
1.6915
1.6992
1.7012
1.7024
1.7018
1.6979
1.6919
1.7003
1.7035
1.7022
1.7003
1.6934
1.6971
1.7011
1.705
1.7026
1.6999
1.6909
1.6994
1.7041
1.7039
1.702
1.6966
1.6924
1.7007
1.7054
1.702
1.6977
1.6915
1.6994
1.7035
1.7029
1.7012
1.693
1.6975
1.7011
1.7044
1.7018
1.6967
1.6919
1.6996
1.7041
1.7022
1.7005
1.693
1.6934
1.7005
1.705
1.7024
1.6992
1.6909
1.6999
1.7012
1.7027
1.7031
1.6975
1.693
1.7005
1.7035
1.7024
1.7009
1.6928
1.6975
1.7012
1.7052
1.7033
1.6996
1.6911
1.6992
1.7037
1.7027
1.7018
1.6964
1.6919
1.7007
1.7052
1.702
1.7018
1.6934
1.6971
1.7011
1.7022
1.7011
1.6926
1.6979
1.702
1.7026
1.702
1.6977
1.6919
1.6994
1.7041
1.7018
1.7009
1.6926
1.6934
1.7003
1.705
1.7026
1.6996
1.6913
1.6979
1.7018
1.7026
1.7029
1.6966
1.6932
1.6996
1.7048
1.7014
1.7005
1.6936
1.6979
1.7005
1.7056
1.7026
1.699
1.6904
1.6997
1.7042
1.7027
1.702
1.696
1.6941
1.7005
1.7048
1.702
1.7012
1.6926
1.6982
1.7016
1.7052
1.7012
1.6936
1.6979
1.7014
1.7031
1.7018
1.6992
1.6906
1.6997
1.7042
1.7033
1.7007
1.6922
1.6934
1.7007
1.705
1.7027
1.6992
1.6915
1.6979
1.7024
1.7014
1.7016
1.6964
1.6941
1.7001
1.7041
1.7014
1.7014
1.6937
1.6941
1.7007
1.7044
1.7026
1.699
1.6913
1.7001
1.7022
1.7024
1.7022
1.6954
1.6932
1.7009
1.7048
1.7024
1.7003
1.693
1.6981
1.7016
1.7048
1.7011
1.6926
1.6981
1.7016
1.7033
1.7031
1.699
1.6936
1.6999
1.7044
1.7024
1.7016
1.6952
1.6947
1.7014
1.7052
1.7029
1.6988
1.6919
1.6981
1.7022
1.702
1.7014
1.6969
1.6915
1.6999
1.7042
1.7026
1.7003
1.6954
1.6945
1.7014
1.7042
1.7024
1.6997
1.6924
1.6982
1.7018
1.7041
1.7014
1.6951
1.6904
1.7003
1.7048
1.7018
1.7005
1.6924
1.6949
1.7009
1.7048
1.7007
1.6919
1.699
1.7022
1.7035
1.7027
1.6986
1.6919
1.7001
1.7063
1.7026
1.7014
1.6952
1.6949
1.7012
1.7046
1.7026
1.6986
1.6913
1.7003
1.705
1.702
1.7018
1.6958
1.6949
1.7007
1.7054
1.7026
1.7007
1.6919
1.6992
1.7022
1.7018
1.7014
1.6984
1.6909
1.7009
1.7048
1.7022
1.7007
1.6954
1.6949
1.7009
1.7052
1.7029
1.6992
1.6921
1.6988
1.7024
1.7018
1.7011
1.6921
1.6988
1.7018
1.7046
1.7029
1.6982
1.6922
1.7005
1.705
1.7026
1.7014
1.6951
1.6949
1.7009
1.7046
1.7027
1.7001
1.6915
1.6988
1.7026
1.7024
1.7012
1.6984
1.693
1.7005
1.705
1.7022
1.7007
1.6962
1.6952
1.7009
1.7042
1.7027
1.6986
1.6909
1.6988
1.7024
1.7022
1.7016
1.6951
1.6919
1.7001
1.705
1.7031
1.7007
1.6917
1.6952
1.7012
1.705
1.7005
1.6922
1.6992
1.7024
1.7042
1.7026
1.6982
1.6924
1.7003
1.705
1.7009
1.7014
1.6947
1.6949
1.702
1.7041
1.7024
1.7005
1.6919
1.699
1.7026
1.7022
1.7014
1.6986
1.6913
1.7005
1.7052
1.7026
1.7001
1.6947
1.6958
1.7009
1.7037
1.7026
1.6982
1.6913
1.699
1.7027
1.7022
1.7012
1.6947
1.6917
1.7001
1.7052
1.7022
1.7005
1.6913
1.6964
1.7012
1.7042
1.7007
1.6921
1.6992
1.7026
1.7046
1.7024
1.6986
1.6928
1.7005
1.7052
1.7027
1.702
1.6947
1.6973
1.7014
1.7037
1.7026
1.7003
1.6917
1.7007
1.7029
1.7024
1.7029
1.6979
1.6922
1.7003
1.7067
1.7031
1.7012
1.6945
1.6962
1.7011
1.7033
1.7024
1.7005
1.6926
1.7001
1.7031
1.702
1.7012
1.6986
1.6924
1.7011
1.7052
1.7035
1.7001
1.6947
1.6967
1.7012
1.705
1.7003
1.6926
1.6992
1.7018
1.7035
1.7022
1.6975
1.6936
1.7011
1.7033
1.7027
1.7012
1.6941
1.6966
1.7012
1.7059
1.7033
1.6999
1.6907
1.6997
1.7031
1.7031
1.7022
1.6973
1.6922
1.7007
1.7052
1.7014
1.7014
1.6937
1.6967
1.7016
1.7057
1.7026
1.6999
1.6904
1.6994
1.7031
1.7033
1.7026
1.6971
1.6926
1.7003
1.7054
1.7024
1.7016
1.6937
1.6971
1.7016
1.7033
1.7007
1.6913
1.6973
1.7014
1.7044
1.7039
1.6975
1.6919
1.6997
1.7041
1.7024
1.7011
1.6939
1.6973
1.7009
1.7057
1.7029
1.7009
1.6911
1.6997
1.7016
1.7029
1.7022
1.6981
1.6922
1.7007
1.7035
1.702
1.7009
1.6941
1.6971
1.7016
1.7054
1.7027
1.7001
1.6909
1.6997
1.7042
1.705
1.7026
1.6971
1.693
1.7011
1.7057
1.7031
1.7012
1.6937
1.6971
1.7016
1.7037
1.7003
1.6921
1.6982
1.7018
1.7033
1.7022
1.6967
1.693
1.6997
1.7044
1.702
1.7012
1.6937
1.6973
1.7009
1.7056
1.7031
1.6996
1.6904
1.6997
1.7016
1.7027
1.7022
1.6967
1.6937
1.7007
1.7039
1.7022
1.7009
1.6932
1.6981
1.7018
1.7054
1.7031
1.6999
1.6928
1.7005
1.7042
1.7041
1.7022
1.6967
1.6952
1.7009
1.7059
1.7033
1.7011
1.6934
1.6988
1.7018
1.7041
1.6999
1.6932
1.6981
1.7016
1.7041
1.7018
1.6967
1.6922
1.6999
1.7046
1.7026
1.7011
1.6934
1.6945
1.7009
1.7059
1.7035
1.6999
1.6911
1.7001
1.7027
1.7039
1.7031
1.6966
1.6928
1.7001
1.7041
1.7024
1.7011
1.6934
1.6982
1.7011
1.7052
1.7029
1.6996
1.6926
1.6999
1.7022
1.7029
1.7024
1.6971
1.6941
1.7012
1.7041
1.702
1.7011
1.6936
1.6982
1.7018
1.705
1.7012
1.6932
1.699
1.7027
1.7041
1.7024
1.6962
1.6909
1.7005
1.7046
1.7022
1.7011
1.6937
1.6982
1.7007
1.7052
1.7037
1.6992
1.6902
1.6999
1.702
1.7026
1.7022
1.6962
1.6951
1.7011
1.7054
1.7035
1.7016
1.6926
1.6994
1.702
1.7056
1.7033
1.7001
1.6926
1.7001
1.7044
1.7024
1.702
1.6966
1.6949
1.7016
1.7052
1.7022
1.7012
1.6932
1.6979
1.7026
1.7022
1.7016
1.6924
1.6988
1.7022
1.7031
1.702
1.6994
1.6922
1.6999
1.7052
1.7039
1.7009
1.696
1.6947
1.7012
1.705
1.7029
1.7003
1.6928
1.6984
1.7026
1.7024
1.702
1.6958
1.6917
1.7005
1.705
1.7031
1.7007
1.6926
1.6949
1.7014
1.7054
1.7031
1.6992
1.6913
1.7005
1.702
1.7033
1.702
1.6962
1.6947
1.7016
1.7048
1.7027
1.7009
1.6928
1.6984
1.7009
1.7056
1.7012
1.693
1.6992
1.7022
1.7033
1.7024
1.6996
1.6915
1.7005
1.7052
1.7031
1.7007
1.6954
1.6951
1.7011
1.7052
1.7033
1.6994
1.6919
1.699
1.7022
1.7031
1.7022
1.6958
1.6919
1.7003
1.7054
1.7026
1.7016
1.6917
1.6992
1.7011
1.7052
1.7035
1.6992
1.6915
1.6999
1.7027
1.7024
1.7018
1.6952
1.6958
1.7012
1.7056
1.7029
1.7009
1.6922
1.6992
1.7024
1.7056
1.7012
1.6926
1.699
1.7039
1.7024
1.7027
1.6984
1.6924
1.7005
1.7054
1.7033
1.702
1.6956
1.6958
1.7016
1.705
1.7029
1.7011
1.6921
1.6992
1.7026
1.7027
1.7022
1.699
1.6915
1.7003
1.7054
1.7027
1.7016
1.6952
1.6954
1.7018
1.7063
1.7029
1.6982
1.6917
1.6988
1.7031
1.7022
1.7014
1.6947
1.6919
1.7001
1.7056
1.7031
1.7009
1.6926
1.696
1.7014
1.7057
1.7009
1.6917
1.6992
1.7033
1.7027
1.7027
1.6986
1.6909
1.7009
1.7057
1.7031
1.7022
1.6952
1.6958
1.7014
1.7041
1.7024
1.7011
1.6924
1.6997
1.7027
1.7026
1.7016
1.6988
1.6922
1.7014
1.7052
1.7031
1.7018
1.6947
1.6964
1.7014
1.7046
1.7029
1.7009
1.6924
1.6994
1.7029
1.7026
1.7024
1.6981
1.6926
1.7005
1.7054
1.7029
1.7003
1.6952
1.6962
1.7016
1.7039
1.7009
1.6934
1.7003
1.7031
1.7054
1.7029
1.6979
1.6926
1.7007
1.7059
1.7033
1.7018
1.6951
1.6966
1.7012
1.7054
1.7041
1.7003
1.6909
1.6992
1.7039
1.7035
1.7022
1.6981
1.6922
1.7011
1.7056
1.7022
1.7007
1.6945
1.6966
1.7016
1.7039
1.7027
1.6975
1.6919
1.6999
1.7037
1.7031
1.7012
1.6943
1.6922
1.7009
1.7061
1.7027
1.7001
1.6913
1.6969
1.7016
1.7041
1.7007
1.6921
1.6997
1.7016
1.7037
1.7027
1.6984
1.6924
1.7012
1.7039
1.7022
1.7014
1.6939
1.6969
1.7022
1.7061
1.7035
1.7003
1.6913
1.6999
1.7033
1.7041
1.7031
1.6977
1.6928
1.7012
1.7056
1.702
1.7018
1.6937
1.6967
1.7029
1.7044
1.7029
1.7005
1.6909
1.6997
1.7035
1.7016
1.7031
1.6979
1.693
1.7011
1.7065
1.7029
1.7016
1.6947
1.6971
1.7016
1.7033
1.7007
1.6909
1.7001
1.702
1.7042
1.7029
1.6975
1.6936
1.7009
1.7041
1.7022
1.702
1.6939
1.6975
1.702
1.7059
1.7035
1.7001
1.6911
1.7003
1.7037
1.7033
1.7029
1.6973
1.6926
1.7011
1.7057
1.7026
1.7012
1.6937
1.6973
1.7022
1.7041
1.7033
1.6999
1.6913
1.7001
1.7039
1.702
1.7035
1.6982
1.6936
1.7014
1.7059
1.7031
1.7016
1.6943
1.6992
1.7018
1.7041
1.7003
1.6919
1.7003
1.7024
1.7041
1.7024
1.6969
1.6945
1.7011
1.7039
1.7014
1.7016
1.6936
1.6977
1.702
1.7059
1.7033
1.6999
1.6911
1.7003
1.7042
1.7033
1.7022
1.6971
1.6937
1.7012
1.7041
1.7012
1.702
1.6936
1.6979
1.7024
1.7056
1.7035
1.7003
1.6913
1.7001
1.7042
1.7031
1.7024
1.6971
1.6937
1.7012
1.705
1.7026
1.7018
1.6937
1.6981
1.7041
1.7039
1.7005
1.6922
1.6984
1.7027
1.7035
1.7026
1.6975
1.6937
1.7003
1.7048
1.7022
1.7012
1.6932
1.6994
1.7016
1.7059
1.7041
1.7007
1.6913
1.6999
1.7026
1.7027
1.7027
1.6969
1.6936
1.7012
1.7052
1.7022
1.702
1.6943
1.6981
1.7022
1.7061
1.7037
1.6999
1.6917
1.7003
1.7046
1.7037
1.7022
1.6967
1.6941
1.7012
1.7057
1.7024
1.7011
1.6928
1.699
1.7022
1.7033
1.6999
1.6917
1.699
1.7026
1.7026
1.7022
1.6964
1.6943
1.7007
1.7048
1.7026
1.7016
1.6926
1.6992
1.7012
1.7057
1.7033
1.6999
1.6915
1.7009
1.7024
1.7033
1.7027
1.6962
1.6932
1.7016
1.7054
1.7024
1.6975
1.6954
1.7001
1.7048
1.7033
1.7014
1.6936
1.6984
1.7016
1.7061
1.7027
1.6994
1.6917
1.7007
1.7027
1.702
1.7022
1.6966
1.6949
1.7016
1.7056
1.7029
1.7014
1.6928
1.6988
1.7029
1.7041
1.702
1.696
1.6907
1.7003
1.7048
1.7026
1.7018
1.693
1.6951
1.7016
1.7056
1.7041
1.6997
1.6919
1.6999
1.7027
1.7029
1.7041
1.6966
1.6954
1.702
1.7048
1.7026
1.7012
1.6934
1.6994
1.7018
1.7057
1.7035
1.6999
1.6911
1.7007
1.7026
1.7022
1.7022
1.6969
1.6943
1.7012
1.7057
1.7031
1.7009
1.6922
1.6994
1.7027
1.7056
1.7011
1.693
1.6992
1.7027
1.7033
1.7022
1.6966
1.6913
1.7012
1.7052
1.7022
1.7009
1.6928
1.6947
1.7022
1.705
1.7031
1.6996
1.6926
1.6999
1.7029
1.7027
1.7027
1.696
1.6945
1.7007
1.705
1.7029
1.7016
1.6936
1.6994
1.7016
1.7048
1.7035
1.699
1.6915
1.7012
1.7031
1.7026
1.7018
1.6964
1.6964
1.7016
1.7054
1.7027
1.7009
1.693
1.699
1.7031
1.705
1.7009
1.6922
1.6999
1.7029
1.7027
1.702
1.699
1.6919
1.7011
1.7054
1.7024
1.7026
1.6956
1.6964
1.7027
1.7069
1.7035
1.6988
1.6924
1.6992
1.7056
1.7033
1.7016
1.6954
1.6917
1.7012
1.7054
1.7029
1.7014
1.6922
1.6962
1.7022
1.7054
1.7041
1.7003
1.6921
1.6997
1.7031
1.702
1.7026
1.6954
1.696
1.7014
1.7056
1.7029
1.7007
1.6922
1.6996
1.702
1.7048
1.7011
1.693
1.7001
1.7035
1.7026
1.7018
1.6996
1.6909
1.7012
1.7057
1.7029
1.7018
1.6956
1.6966
1.7018
1.7048
1.7033
1.7012
1.6915
1.6999
1.7033
1.7037
1.702
1.6988
1.6917
1.7012
1.7063
1.7027
1.7005
1.6956
1.6967
1.702
1.7057
1.7031
1.6984
1.6919
1.6997
1.7035
1.7024
1.7018
1.6952
1.693
1.7014
1.7057
1.7035
1.7009
1.6924
1.6971
1.7016
1.705
1.7009
1.6917
1.6999
1.7031
1.7027
1.7029
1.6986
1.6924
1.7014
1.7061
1.7027
1.7016
1.6954
1.696
1.702
1.7037
1.7027
1.7009
1.6926
1.7001
1.7033
1.7027
1.7022
1.6984
1.6928
1.7012
1.7067
1.7033
1.7007
1.6954
1.6971
1.7029
1.7048
1.7033
1.7007
1.6917
1.6999
1.7033
1.7022
1.7016
1.6982
1.6926
1.702
1.7059
1.7035
1.7011
1.6947
1.6971
1.7022
1.7044
1.7011
1.6932
1.7001
1.7037
1.705
1.7035
1.699
1.693
1.7016
1.7059
1.7033
1.7022
1.6949
1.6967
1.7024
1.7039
1.7029
1.7007
1.6913
1.7001
1.7048
1.7033
1.7014
1.6977
1.6924
1.7018
1.7063
1.7035
1.7018
1.6947
1.6979
1.7022
1.7042
1.7029
1.6986
1.6915
1.7007
1.7037
1.7024
1.7014
1.6943
1.6922
1.7014
1.7059
1.7035
1.7007
1.6945
1.6969
1.7018
1.705
1.7011
1.6932
1.7001
1.7059
1.7056
1.7027
1.6979
1.6932
1.7014
1.7059
1.7033
1.7033
1.6943
1.6975
1.7035
1.7031
1.7039
1.7005
1.6921
1.7001
1.7042
1.7024
1.7027
1.6981
1.6936
1.7014
1.7057
1.7031
1.7014
1.6939
1.6982
1.7024
1.7041
1.7027
1.7005
1.6913
1.7001
1.7041
1.7027
1.7018
1.6977
1.6949
1.7024
1.7059
1.7035
1.7007
1.6945
1.6982
1.7024
1.7041
1.7009
1.6922
1.7001
1.7026
1.7042
1.7027
1.6984
1.6937
1.7016
1.7046
1.7026
1.7016
1.6943
1.6977
1.702
1.7059
1.7039
1.7007
1.6926
1.7005
1.7042
1.7037
1.7026
1.6975
1.6924
1.7011
1.7059
1.7026
1.7018
1.6943
1.6979
1.7024
1.7052
1.7039
1.7016
1.6917
1.7012
1.7044
1.7026
1.7029
1.6975
1.6932
1.7016
1.7059
1.7035
1.7014
1.6943
1.6986
1.7024
1.7031
1.7007
1.6922
1.7012
1.702
1.7033
1.7026
1.6973
1.6941
1.7016
1.705
1.7029
1.7016
1.6934
1.6982
1.7027
1.7072
1.7031
1.7001
1.6913
1.6999
1.7024
1.7041
1.7035
1.6975
1.6936
1.7018
1.7067
1.7024
1.7016
1.6937
1.6982
1.7029
1.7057
1.7031
1.6971
1.6952
1.7016
1.7044
1.7029
1.7016
1.6941
1.6984
1.7031
1.7061
1.7052
1.7009
1.6907
1.7007
1.7048
1.7033
1.7005
1.6919
1.7009
1.7031
1.7035
1.7026
1.6967
1.6936
1.7014
1.7054
1.7035
1.7022
1.6943
1.699
1.7024
1.7059
1.7041
1.6999
1.6922
1.7005
1.705
1.7039
1.7027
1.6971
1.6949
1.7027
1.7059
1.7029
1.7016
1.6936
1.6996
1.7027
1.7029
1.7033
1.7001
1.6936
1.7005
1.7048
1.7031
1.7027
1.6977
1.6954
1.7018
1.7054
1.7037
1.7014
1.6934
1.6988
1.7029
1.7024
1.7003
1.6915
1.6994
1.7024
1.7039
1.7029
1.6964
1.6956
1.7009
1.7054
1.7022
1.7016
1.6932
1.6986
1.7018
1.7059
1.7046
1.6999
1.6919
1.7014
1.7029
1.7022
1.7026
1.6969
1.6947
1.7016
1.7056
1.7031
1.7012
1.6934
1.6992
1.7031
1.7057
1.7035
1.7003
1.693
1.7011
1.7056
1.7039
1.7027
1.6967
1.6949
1.7016
1.7063
1.7022
1.7012
1.693
1.699
1.7026
1.7031
1.702
1.6937
1.6994
1.7027
1.705
1.7027
1.6966
1.6941
1.7007
1.7063
1.7044
1.7022
1.6941
1.6956
1.702
1.7057
1.7044
1.7001
1.6919
1.6994
1.7029
1.7026
1.7027
1.6962
1.6954
1.7012
1.7059
1.7031
1.7014
1.6926
1.6994
1.7018
1.7057
1.7041
1.7001
1.6919
1.7009
1.7033
1.7026
1.7024
1.6962
1.6952
1.7022
1.7054
1.7031
1.7011
1.6922
1.6992
1.7029
1.7057
1.7016
1.6932
1.6999
1.7039
1.7027
1.7024
1.696
1.6924
1.7011
1.7057
1.7031
1.7018
1.693
1.696
1.7016
1.7054
1.7035
1.6999
1.6926
1.6996
1.7033
1.7027
1.7026
1.6962
1.6956
1.7009
1.7056
1.7026
1.7016
1.6928
1.6999
1.702
1.7054
1.7035
1.6994
1.693
1.7011
1.7031
1.7031
1.7026
1.6956
1.6956
1.702
1.7059
1.7041
1.7011
1.6932
1.7003
1.7027
1.705
1.7016
1.6932
1.7009
1.7035
1.7041
1.7022
1.6958
1.6943
1.7011
1.7067
1.7048
1.7012
1.6922
1.6966
1.7024
1.7057
1.7037
1.6994
1.6915
1.6994
1.7031
1.7039
1.7026
1.6956
1.696
1.7012
1.7065
1.7037
1.7014
1.6926
1.6999
1.702
1.705
1.7033
1.6992
1.6936
1.7014
1.7059
1.7033
1.7031
1.696
1.696
1.7027
1.7065
1.7041
1.7014
1.6941
1.6997
1.7035
1.7059
1.7016
1.6928
1.7003
1.7037
1.7041
1.7026
1.6996
1.6932
1.7012
1.7065
1.7046
1.7012
1.696
1.6971
1.702
1.7044
1.7042
1.6988
1.6936
1.7003
1.7035
1.7026
1.7022
1.6958
1.6924
1.7014
1.7059
1.7035
1.7016
1.6934
1.6964
1.7026
1.7052
1.7039
1.6986
1.6928
1.7014
1.7033
1.7039
1.7027
1.6956
1.6971
1.7024
1.7059
1.7039
1.7014
1.6926
1.6999
1.7026
1.7046
1.7016
1.693
1.7007
1.7039
1.7029
1.7037
1.6984
1.6926
1.7018
1.7063
1.7037
1.7027
1.6958
1.6964
1.7041
1.7056
1.7033
1.7012
1.693
1.7001
1.7037
1.7035
1.7022
1.699
1.693
1.7018
1.7061
1.7037
1.7011
1.6928
1.6971
1.7024
1.7057
1.7039
1.6994
1.6943
1.7003
1.7039
1.7031
1.7022
1.6962
1.6977
1.7012
1.7067
1.7037
1.7014
1.6936
1.7001
1.7022
1.705
1.7012
1.693
1.7005
1.7048
1.7029
1.7035
1.6984
1.6934
1.7012
1.7067
1.7031
1.702
1.6949
1.6973
1.7033
1.7056
1.7035
1.7014
1.6922
1.7003
1.7039
1.7052
1.702
1.6982
1.6922
1.7016
1.7067
1.7035
1.7014
1.6949
1.6975
1.7027
1.7044
1.7039
1.6988
1.6924
1.7009
1.7042
1.7052
1.7026
1.6952
1.6945
1.7016
1.7061
1.7037
1.7011
1.6921
1.6975
1.702
1.7046
1.7014
1.693
1.7003
1.7042
1.7048
1.7039
1.6981
1.6936
1.7018
1.7065
1.7029
1.7026
1.6954
1.6975
1.7026
1.7046
1.7039
1.7011
1.6928
1.7001
1.7039
1.7042
1.7033
1.6982
1.6945
1.702
1.7065
1.705
1.7022
1.6947
1.6984
1.702
1.705
1.7033
1.6979
1.6924
1.7007
1.7048
1.7033
1.7024
1.6945
1.6939
1.7011
1.7067
1.7037
1.7009
1.6919
1.6977
1.7022
1.7046
1.7014
1.6924
1.7007
1.7044
1.7046
1.7029
1.6984
1.6947
1.7012
1.7067
1.7041
1.7024
1.6947
1.6982
1.7024
1.7041
1.7042
1.7009
1.6919
1.7005
1.7044
1.7026
1.7035
1.6982
1.6937
1.7018
1.7063
1.7041
1.7026
1.6945
1.6984
1.7024
1.7039
1.7033
1.7012
1.6922
1.7009
1.7048
1.7024
1.7022
1.6982
1.6937
1.7016
1.7071
1.7042
1.7014
1.6945
1.6988
1.7026
1.7041
1.7012
1.6932
1.7005
1.7046
1.7056
1.7033
1.6977
1.6939
1.702
1.7061
1.7031
1.7026
1.6945
1.6984
1.7029
1.7048
1.7041
1.7009
1.6924
1.7005
1.7046
1.7046
1.7035
1.6975
1.696
1.7016
1.7063
1.7044
1.7022
1.6949
1.6982
1.7027
1.7039
1.7031
1.7005
1.6936
1.7007
1.7048
1.7029
1.7024
1.6981
1.6937
1.7016
1.7065
1.7039
1.7007
1.6937
1.6988
1.7024
1.7037
1.7011
1.6932
1.7011
1.7035
1.7041
1.7031
1.6982
1.6949
1.702
1.705
1.7029
1.7026
1.6939
1.6988
1.7027
1.7065
1.7042
1.7011
1.6926
1.702
1.7052
1.7037
1.7033
1.6979
1.6943
1.7016
1.7061
1.7024
1.702
1.6947
1.6988
1.7029
1.7042
1.7042
1.7005
1.6911
1.7011
1.705
1.7037
1.7031
1.6971
1.6949
1.7018
1.7057
1.7041
1.7018
1.6941
1.6988
1.7035
1.7046
1.7005
1.6924
1.6992
1.7033
1.7041
1.7029
1.6971
1.6954
1.7011
1.7052
1.7035
1.702
1.6954
1.6992
1.7018
1.7067
1.7042
1.7007
1.6934
1.7011
1.7029
1.7035
1.7027
1.6971
1.6951
1.7018
1.7054
1.7027
1.7018
1.6939
1.699
1.7029
1.7065
1.7041
1.7009
1.6924
1.7009
1.7052
1.7035
1.7039
1.6971
1.6947
1.7024
1.7057
1.7026
1.7022
1.6934
1.6996
1.7035
1.7039
