1.8556
1.8557
1.8584
1.8634
1.8574
1.8572
1.8587
1.8557
1.8586
1.8651
1.8578
1.8557
1.8572
1.8567
1.8612
1.8606
1.8578
1.8565
1.8554
1.8556
1.8619
1.8556
1.8531
1.855
1.8511
1.8541
1.8597
1.8531
1.8518
1.8535
1.8526
1.8576
1.8565
1.8542
1.8524
1.8516
1.8554
1.8599
1.8546
1.8539
1.8565
1.8529
1.8625
1.8565
1.8531
1.8471
1.8415
1.8396
1.8331
1.8404
1.8518
1.8586
1.8674
1.882
1.8754
1.8721
1.8698
1.8642
1.8642
1.8649
1.8559
1.8529
1.8541
1.8535
1.8586
1.8563
1.8529
1.852
1.8507
1.8512
1.8578
1.852
1.8511
1.8529
1.8492
1.8531
1.8578
1.8505
1.849
1.8501
1.8499
1.8537
1.8527
1.8503
1.8497
1.8477
1.8492
1.8556
1.8486
1.8479
1.8497
1.846
1.8542
1.8473
1.8441
1.8479
1.8447
1.8499
1.8473
1.8456
1.8443
1.8447
1.8458
1.8524
1.8452
1.8451
1.8475
1.8441
1.8505
1.8481
1.8467
1.8449
1.8467
1.8482
1.8559
1.8511
1.8488
1.8497
1.849
1.8529
1.8582
1.8518
1.8518
1.8539
1.8505
1.8561
1.8541
1.8522
1.8499
1.8511
1.852
1.8586
1.8526
1.8526
1.852
1.8503
1.8544
1.8576
1.8509
1.8499
1.8526
1.8496
1.855
1.8492
1.8475
1.8512
1.8482
1.8537
1.8507
1.8501
1.8507
1.8494
1.8499
1.8559
1.8494
1.8484
1.8496
1.8466
1.8497
1.8529
1.8473
1.8471
1.8496
1.8477
1.8533
1.8488
1.8488
1.8499
1.8481
1.8496
1.8556
1.8494
1.8484
1.8511
1.8484
1.8518
1.8546
1.8497
1.8475
1.8511
1.8484
1.8541
1.8509
1.849
1.8507
1.8484
1.8496
1.8565
1.8494
1.8482
1.8514
1.8469
1.8599
1.8494
1.8467
1.8467
1.8462
1.8505
1.8464
1.8449
1.8436
1.843
1.8449
1.8512
1.8445
1.8434
1.8452
1.843
1.8469
1.8488
1.8439
1.8424
1.8454
1.8436
1.8496
1.8447
1.8441
1.8454
1.8434
1.8456
1.852
1.8445
1.8436
1.8454
1.8424
1.8479
1.8488
1.8445
1.8428
1.8458
1.8437
1.8497
1.8452
1.8447
1.8451
1.8434
1.8449
1.8509
1.8436
1.8422
1.8436
1.8413
1.8466
1.8426
1.8413
1.8436
1.8422
1.8494
1.8449
1.8447
1.8426
1.8441
1.8466
1.8527
1.8462
1.8462
1.8471
1.8456
1.8494
1.8505
1.8464
1.8447
1.8467
1.8456
1.8514
1.8473
1.8464
1.8445
1.8445
1.8469
1.8529
1.8458
1.8441
1.8466
1.8449
1.8482
1.849
1.8454
1.8436
1.8451
1.8471
1.8509
1.8469
1.8451
1.8449
1.8434
1.8479
1.8522
1.8467
1.8439
1.8475
1.8437
1.8514
1.8434
1.8419
1.8415
1.8406
1.846
1.8422
1.8415
1.8407
1.8406
1.8434
1.849
1.8422
1.8426
1.8443
1.8417
1.846
1.8458
1.8428
1.8421
1.8421
1.8428
1.8482
1.8437
1.8422
1.8428
1.8411
1.846
1.8492
1.8432
1.8426
1.8454
1.8415
1.8486
1.8458
1.8454
1.8424
1.8434
1.8361
1.8362
1.8231
1.8261
1.8364
1.8392
1.8503
1.8662
1.8571
1.8556
1.8559
1.8501
1.8458
1.8376
1.8362
1.8372
1.8374
1.8445
1.8387
1.8377
1.8372
1.8357
1.8398
1.8437
1.8389
1.8366
1.8391
1.8364
1.8424
1.84
1.8383
1.8347
1.8381
1.8376
1.8454
1.8398
1.8379
1.837
1.8368
1.8392
1.8447
1.8376
1.8377
1.8383
1.8359
1.8402
1.8389
1.8364
1.8338
1.8347
1.8342
1.8409
1.8366
1.8353
1.8336
1.8332
1.8368
1.8411
1.8351
1.8353
1.8366
1.8351
1.8469
1.8417
1.8392
1.8402
1.8409
1.8482
1.8436
1.8417
1.8407
1.84
1.8437
1.8479
1.8411
1.8406
1.8428
1.8396
1.8449
1.8469
1.8406
1.8381
1.8385
1.8396
1.8471
1.8415
1.8391
1.8387
1.8381
1.8413
1.8454
1.8387
1.8389
1.8409
1.8383
1.8437
1.8462
1.8391
1.8368
1.8379
1.8407
1.8471
1.843
1.8396
1.8396
1.8381
1.8428
1.8469
1.8404
1.8383
1.8409
1.8377
1.8501
1.8441
1.8424
1.8437
1.8458
1.8505
1.846
1.8458
1.8449
1.8454
1.8479
1.8546
1.8443
1.8471
1.8441
1.846
1.8482
1.8482
1.843
1.8396
1.8411
1.8424
1.8484
1.8436
1.8451
1.8364
1.8327
1.8248
1.8254
1.8227
1.8353
1.8364
1.8494
1.8554
1.8539
1.8511
1.8424
1.8434
1.8391
1.8445
1.8332
1.8327
1.8304
1.831
1.8329
1.8366
1.8312
1.8287
1.8323
1.8287
1.837
1.831
1.8302
1.8289
1.8323
1.8376
1.8316
1.8346
1.8316
1.8316
1.8344
1.8383
1.8321
1.8331
1.8327
1.8357
1.8368
1.8357
1.8323
1.8308
1.8308
1.8331
1.8383
1.8321
1.8349
1.831
1.834
1.8336
1.8389
1.8304
1.8301
1.8319
1.8321
1.8353
1.8334
1.8321
1.8289
1.8314
1.8323
1.8409
1.8327
1.834
1.8336
1.8334
1.8364
1.8387
1.8347
1.8331
1.8353
1.834
1.8407
1.8374
1.8346
1.8347
1.8368
1.8417
1.8361
1.8361
1.8362
1.8347
1.8381
1.8428
1.8355
1.8344
1.8361
1.8349
1.8381
1.8396
1.8349
1.8334
1.8329
1.8359
1.8391
1.8353
1.8342
1.8357
1.8342
1.8387
1.8426
1.8346
1.8329
1.8353
1.8342
1.8402
1.8389
1.8347
1.8336
1.8331
1.8364
1.8407
1.8362
1.8355
1.837
1.834
1.8391
1.8428
1.8355
1.8327
1.8347
1.8321
1.8391
1.8336
1.8336
1.8336
1.8344
1.84
1.8355
1.8342
1.8366
1.8338
1.8361
1.8421
1.8353
1.8329
1.8351
1.8342
1.8389
1.8387
1.834
1.8342
1.8338
1.8325
1.8302
1.8169
1.8091
1.8122
1.8267
1.8325
1.8469
1.8512
1.8499
1.8499
1.8467
1.8503
1.8445
1.8389
1.8331
1.8319
1.8319
1.8389
1.8327
1.8316
1.8327
1.8306
1.8331
1.8379
1.8316
1.8293
1.8308
1.8321
1.8359
1.8334
1.8321
1.8329
1.8329
1.8398
1.8331
1.8332
1.8349
1.8327
1.8361
1.8411
1.8344
1.8314
1.8329
1.8317
1.8383
1.8359
1.8342
1.8329
1.8317
1.8321
1.8396
1.8323
1.8325
1.8317
1.8314
1.8331
1.8392
1.8308
1.8314
1.8304
1.8312
1.8357
1.8344
1.8312
1.8319
1.8317
1.8329
1.8389
1.8332
1.8329
1.8355
1.8319
1.8357
1.8406
1.8347
1.8329
1.8336
1.834
1.8361
1.8342
1.8334
1.8331
1.8334
1.8402
1.8332
1.8325
1.8342
1.8323
1.8347
1.8398
1.8329
1.8308
1.8317
1.8325
1.8372
1.8362
1.8329
1.8334
1.8321
1.8344
1.8391
1.834
1.8321
1.8351
1.8314
1.8355
1.8377
1.8331
1.8299
1.8319
1.8316
1.8364
1.8336
1.8317
1.8314
1.8299
1.8319
1.8381
1.8312
1.8301
1.8325
1.8295
1.834
1.837
1.8314
1.8286
1.8289
1.8297
1.8342
1.8301
1.8316
1.8289
1.8331
1.8379
1.8331
1.8301
1.8344
1.8299
1.8359
1.8376
1.8334
1.8291
1.8319
1.8306
1.8368
1.8334
1.8327
1.8323
1.831
1.8316
1.8392
1.8291
1.8199
1.8137
1.8059
1.807
1.8269
1.8286
1.8366
1.849
1.8496
1.8552
1.8479
1.8443
1.8406
1.8347
1.8329
1.8398
1.8297
1.8302
1.8306
1.8293
1.8312
1.8344
1.8284
1.8278
1.8267
1.8306
1.8301
1.8304
1.8274
1.8286
1.8297
1.8361
1.8289
1.8286
1.8304
1.828
1.8321
1.8338
1.8289
1.8284
1.8306
1.828
1.8347
1.8301
1.8286
1.8289
1.8287
1.8287
1.8353
1.8271
1.8261
1.8269
1.8274
1.8291
1.8317
1.8257
1.8257
1.8257
1.8269
1.8306
1.8284
1.8256
1.8284
1.8261
1.8282
1.8342
1.8297
1.8263
1.8295
1.8272
1.8321
1.8327
1.8297
1.8274
1.8304
1.8289
1.8302
1.8291
1.8271
1.8276
1.8293
1.8353
1.828
1.8287
1.8295
1.8269
1.8312
1.8317
1.8276
1.8261
1.8282
1.8269
1.8325
1.828
1.8271
1.8257
1.8259
1.8289
1.8336
1.8278
1.8256
1.8289
1.8254
1.8314
1.8304
1.8284
1.8261
1.8274
1.8263
1.8325
1.8269
1.8269
1.8256
1.8254
1.8282
1.834
1.8271
1.8256
1.8286
1.8257
1.8302
1.8302
1.8276
1.8252
1.8272
1.8254
1.8284
1.8233
1.8231
1.8226
1.8265
1.8323
1.8269
1.8259
1.8276
1.825
1.8306
1.8297
1.8267
1.8246
1.8257
1.8263
1.8327
1.8271
1.8271
1.8259
1.8252
1.8284
1.834
1.8263
1.8269
1.8289
1.8256
1.8306
1.831
1.8271
1.8254
1.8274
1.8265
1.8287
1.8173
1.8083
1.804
1.8109
1.828
1.8368
1.8443
1.8454
1.8475
1.8432
1.8445
1.8392
1.8319
1.828
1.8252
1.8244
1.8256
1.8231
1.8218
1.8212
1.825
1.8293
1.8233
1.8231
1.8246
1.8226
1.8271
1.8259
1.8233
1.8216
1.8224
1.8226
1.8295
1.8233
1.8235
1.8227
1.822
1.8246
1.8295
1.8226
1.8222
1.8241
1.8211
1.8263
1.8237
1.8209
1.8192
1.8203
1.8207
1.8261
1.8205
1.819
1.8194
1.8181
1.8218
1.8252
1.8201
1.819
1.8212
1.8179
1.8242
1.8214
1.8199
1.8181
1.8197
1.8207
1.8282
1.8257
1.8256
1.8252
1.8286
1.8327
1.8261
1.8259
1.8272
1.8246
1.8297
1.8267
1.8256
1.8235
1.8233
1.8256
1.8316
1.8246
1.8244
1.8241
1.8229
1.8265
1.8302
1.8248
1.8231
1.8252
1.8224
1.8284
1.8252
1.8239
1.8212
1.8229
1.8235
1.8304
1.8235
1.8224
1.8227
1.8229
1.8254
1.8284
1.8231
1.8218
1.8242
1.822
1.8271
1.8237
1.8231
1.8218
1.8224
1.8229
1.8252
1.8231
1.8237
1.8201
1.8237
1.8254
1.8201
1.819
1.8218
1.8197
1.8269
1.8271
1.8224
1.8199
1.8216
1.8229
1.8299
1.8244
1.8226
1.8226
1.8212
1.8256
1.8282
1.8237
1.822
1.8235
1.8216
1.8271
1.8246
1.8233
1.8207
1.8209
1.8237
1.8312
1.8244
1.8241
1.8254
1.8231
1.8231
1.819
1.8074
1.8038
1.8162
1.8248
1.8329
1.8434
1.843
1.8392
1.8385
1.8364
1.8203
1.8194
1.8201
1.8182
1.8216
1.8263
1.8196
1.8182
1.8199
1.8181
1.8239
1.8235
1.8194
1.8177
1.8179
1.8201
1.8271
1.8199
1.819
1.8199
1.8179
1.8224
1.8227
1.8188
1.8179
1.8194
1.8182
1.8239
1.8227
1.8186
1.8166
1.8167
1.8197
1.8244
1.8182
1.8171
1.8177
1.8152
1.8192
1.819
1.8156
1.8132
1.8158
1.8134
1.8196
1.8184
1.8147
1.813
1.8136
1.8158
1.822
1.8209
1.8222
1.8203
1.8254
1.8295
1.8231
1.8212
1.8224
1.8214
1.828
1.8261
1.8224
1.8209
1.8209
1.8244
1.8278
1.8231
1.8224
1.8237
1.8197
1.8248
1.8284
1.8214
1.819
1.8209
1.8197
1.8267
1.8239
1.8205
1.8186
1.8188
1.8212
1.8271
1.8199
1.8196
1.8209
1.8186
1.8226
1.8229
1.8192
1.8182
1.8197
1.8192
1.8254
1.8227
1.8197
1.8186
1.8186
1.8214
1.8212
1.8197
1.8211
1.8188
1.8222
1.8263
1.8201
1.8182
1.8199
1.8197
1.8241
1.8222
1.8203
1.8175
1.8169
1.8171
1.8235
1.8171
1.8182
1.8194
1.8171
1.8201
1.8256
1.8184
1.8171
1.8184
1.819
1.8226
1.8214
1.8192
1.8179
1.8171
1.8186
1.825
1.8199
1.8184
1.8205
1.8181
1.8207
1.8272
1.8205
1.8181
1.8197
1.8196
1.8235
1.8218
1.8201
1.8175
1.8094
1.8053
1.8199
1.8181
1.8192
1.8167
1.819
1.8233
1.816
1.8139
1.8143
1.8158
1.819
1.8181
1.8152
1.8154
1.8136
1.8154
1.8222
1.816
1.8156
1.8181
1.8147
1.8177
1.8224
1.8171
1.8151
1.8162
1.8171
1.8212
1.8192
1.8166
1.8169
1.8158
1.8196
1.8237
1.8179
1.8175
1.8197
1.8166
1.8224
1.8244
1.8182
1.8162
1.8173
1.8179
1.8224
1.8194
1.8173
1.8164
1.816
1.8182
1.8166
1.8149
1.8175
1.8152
1.8188
1.8227
1.8173
1.8152
1.8167
1.8166
1.8222
1.8196
1.8182
1.8184
1.8173
1.8192
1.8261
1.8194
1.8186
1.8211
1.8175
1.8216
1.8244
1.8194
1.8164
1.8181
1.8177
1.8239
1.8201
1.8192
1.8182
1.8169
1.8177
1.8254
1.8186
1.8173
1.8201
1.8179
1.8205
1.8227
1.8173
1.8152
1.8156
1.8162
1.8222
1.8184
1.8179
1.8173
1.8151
1.8173
1.8179
1.8149
1.8179
1.8152
1.8197
1.8205
1.8169
1.8147
1.8164
1.8143
1.8199
1.8166
1.8156
1.8164
1.8137
1.8151
1.8222
1.8147
1.8137
1.8151
1.8121
1.816
1.8188
1.813
1.8106
1.81
1.8102
1.816
1.8141
1.8136
1.8143
1.8122
1.8143
1.8218
1.8152
1.8107
1.8139
1.8124
1.8167
1.8196
1.8139
1.8117
1.8124
1.8115
1.8197
1.8162
1.8136
1.8151
1.8121
1.8152
1.8167
1.8199
1.828
1.8334
1.8404
1.8376
1.8302
1.8239
1.8227
1.8167
1.8201
1.8151
1.8137
1.8152
1.8119
1.8132
1.8205
1.8126
1.8096
1.8119
1.81
1.8145
1.8156
1.8115
1.8104
1.8115
1.8106
1.8166
1.8119
1.8121
1.8124
1.8098
1.8136
1.8188
1.8119
1.8117
1.8115
1.8106
1.816
1.8166
1.8145
1.8107
1.8107
1.8119
1.8181
1.8145
1.8139
1.813
1.8107
1.8128
1.8077
1.8038
1.8072
1.8042
1.8096
1.8098
1.8077
1.8059
1.8066
1.8066
1.8141
1.8107
1.8098
1.8089
1.8091
1.8121
1.8205
1.8137
1.8119
1.8136
1.8132
1.8179
1.8184
1.8151
1.8134
1.8122
1.8141
1.8216
1.8151
1.8151
1.8149
1.8134
1.8154
1.8188
1.8154
1.8139
1.8143
1.8137
1.8203
1.8197
1.8143
1.8132
1.8126
1.8166
1.8218
1.8158
1.8145
1.8156
1.8128
1.8188
1.8152
1.8143
1.8145
1.8122
1.8173
1.8162
1.8139
1.8113
1.8134
1.8122
1.8196
1.8141
1.8137
1.8117
1.8115
1.8149
1.8211
1.8141
1.8109
1.8141
1.8111
1.8139
1.8132
1.8111
1.8091
1.8106
1.8111
1.8182
1.8134
1.8115
1.8113
1.8113
1.8152
1.8201
1.8137
1.8104
1.8147
1.8111
1.8171
1.8162
1.8134
1.8119
1.8121
1.8126
1.8199
1.8149
1.8132
1.8132
1.8115
1.8156
1.8419
1.8451
1.8398
1.8334
1.8314
1.8244
1.8188
1.8117
1.8083
1.8094
1.8166
1.8113
1.81
1.8079
1.807
1.8113
1.8151
1.8096
1.8079
1.8096
1.8077
1.8126
1.8109
1.8094
1.8072
1.8077
1.8081
1.8154
1.8096
1.81
1.8079
1.8076
1.8107
1.8156
1.8102
1.8081
1.81
1.8072
1.8126
1.8149
1.81
1.8059
1.8072
1.8072
1.8147
1.8098
1.8072
1.8064
1.8046
1.8077
1.8017
1.7993
1.8017
1.7995
1.8074
1.8046
1.8036
1.8016
1.8034
1.8053
1.8132
1.8085
1.8077
1.8079
1.8079
1.8122
1.8164
1.8106
1.8104
1.8117
1.8117
1.8164
1.8139
1.8126
1.8102
1.8111
1.8124
1.8205
1.8136
1.8115
1.8117
1.8107
1.8149
1.8182
1.8124
1.8102
1.8124
1.8111
1.8158
1.8128
1.8113
1.8091
1.8089
1.8107
1.8173
1.8111
1.8092
1.8106
1.8077
1.8137
1.8106
1.8092
1.8104
1.8087
1.8151
1.8113
1.8113
1.8087
1.8077
1.81
1.8171
1.8113
1.8111
1.8109
1.8087
1.8134
1.8156
1.8106
1.8102
1.8111
1.8094
1.8149
1.8109
1.81
1.8079
1.8072
1.8089
1.8141
1.8087
1.8076
1.8081
1.8062
1.8115
1.813
1.8094
1.8085
1.8098
1.8077
1.8147
1.8109
1.8102
1.8081
1.8081
1.8109
1.8169
1.8107
1.8104
1.8117
1.8081
1.8132
1.7989
1.7931
1.8051
1.8233
1.8306
1.8357
1.8404
1.8349
1.8312
1.8278
1.8286
1.8182
1.8113
1.8087
1.8053
1.8104
1.8115
1.8076
1.8051
1.8061
1.8044
1.8119
1.8081
1.8059
1.8036
1.8051
1.8068
1.8136
1.807
1.8068
1.8064
1.8047
1.8098
1.8109
1.8062
1.8053
1.8061
1.8053
1.8115
1.8077
1.8077
1.8046
1.8051
1.8066
1.8139
1.8072
1.8064
1.8068
1.8055
1.8092
1.8029
1.8001
1.8017
1.8004
1.8085
1.8061
1.8012
1.7995
1.8004
1.8027
1.8096
1.8034
1.8031
1.8044
1.8036
1.8091
1.8092
1.8062
1.8049
1.8057
1.8066
1.8132
1.8089
1.8087
1.8066
1.8079
1.8109
1.8166
1.81
1.81
1.8115
1.8091
1.8132
1.8136
1.8104
1.8081
1.8087
1.81
1.8156
1.8109
1.81
1.8076
1.807
1.8106
1.8158
1.8102
1.8092
1.8104
1.8066
1.813
1.8092
1.8061
1.8072
1.807
1.8121
1.8115
1.8076
1.807
1.8061
1.8098
1.8152
1.8083
1.8083
1.8091
1.8072
1.8115
1.8102
1.8081
1.8068
1.8066
1.8077
1.8143
1.8092
1.8081
1.8074
1.8062
1.8098
1.8152
1.8087
1.807
1.8087
1.8042
1.8094
1.807
1.8053
1.8027
1.8049
1.8055
1.8132
1.8066
1.8074
1.8057
1.8061
1.8089
1.8139
1.8072
1.8059
1.8083
1.8057
1.8106
1.8074
1.8049
1.8044
1.8027
1.8016
1.7944
1.7869
1.7896
1.8121
1.8199
1.8278
1.8347
1.8334
1.8319
1.8254
1.8248
1.8248
1.8141
1.8066
1.8057
1.8059
1.8106
1.8079
1.8055
1.8029
1.8021
1.8051
1.8104
1.8042
1.8038
1.8053
1.8029
1.8083
1.8111
1.8046
1.8021
1.8023
1.8042
1.8111
1.8066
1.8059
1.8042
1.8029
1.8064
1.8107
1.8049
1.8049
1.8062
1.8047
1.8096
1.8066
1.8027
1.8038
1.8025
1.8087
1.8057
1.8034
1.8031
1.8029
1.8051
1.8102
1.8031
1.8023
1.8049
1.8014
1.8068
1.8096
1.8032
1.8019
1.8021
1.8046
1.8107
1.8061
1.8047
1.8053
1.8034
1.8081
1.8134
1.8064
1.8059
1.807
1.8059
1.8121
1.8091
1.807
1.8051
1.8053
1.8076
1.8141
1.8076
1.807
1.8074
1.8053
1.8104
1.8124
1.8077
1.8064
1.8091
1.8059
1.8126
1.8066
1.8051
1.8042
1.8051
1.8107
1.8079
1.8059
1.8055
1.8034
1.8062
1.813
1.8053
1.8047
1.8064
1.8044
1.8083
1.8106
1.8059
1.8038
1.8042
1.8057
1.8104
1.8068
1.8055
1.8062
1.8034
1.8083
1.8121
1.8068
1.8047
1.8059
1.8042
1.8109
1.8106
1.8062
1.8042
1.8046
1.8062
1.8134
1.8062
1.8051
1.8049
1.8019
1.8061
1.8079
1.8032
1.8019
1.804
1.8019
1.8092
1.8064
1.8032
1.8038
1.8046
1.8107
1.8072
1.8053
1.8068
1.8046
1.8072
1.8141
1.8064
1.8044
1.8047
1.7974
1.7972
1.7911
1.7834
1.7911
1.8057
1.8121
1.8237
1.8259
1.8257
1.8235
1.8192
1.8181
1.8214
1.8098
1.8055
1.8059
1.8051
1.8083
1.8094
1.8044
1.8021
1.8019
1.8044
1.8092
1.8044
1.8038
1.804
1.8019
1.8064
1.8115
1.8038
1.8025
1.8044
1.8034
1.8096
1.8057
1.8034
1.8057
1.8044
1.8117
1.8064
1.8074
1.8074
1.8044
1.8064
1.8124
1.8047
1.8029
1.8042
1.8027
1.807
1.807
1.8031
1.801
1.8006
1.8032
1.8072
1.8025
1.8032
1.8032
1.8006
1.8032
1.8087
1.8017
1.8001
1.8023
1.8017
1.8066
1.8062
1.8031
1.8023
1.8021
1.8051
1.8098
1.8051
1.8038
1.8057
1.8032
1.8087
1.813
1.8055
1.8029
1.8044
1.8044
1.8107
1.8049
1.8032
1.8036
1.804
1.8102
1.8053
1.804
1.8051
1.8017
1.8055
1.8107
1.804
1.8016
1.8032
1.8019
1.8074
1.8062
1.8042
1.8014
1.8012
1.8021
1.8083
1.8031
1.8019
1.8031
1.8008
1.804
1.8085
1.8025
1.7995
1.8014
1.8012
1.8068
1.8044
1.8025
1.801
1.8012
1.8034
1.8077
1.8029
1.8027
1.8034
1.8004
1.8047
1.8081
1.8006
1.7986
1.798
1.7982
1.8046
1.8014
1.7982
1.7997
1.8008
1.8066
1.8014
1.8004
1.8002
1.7997
1.8036
1.8077
1.8017
1.7999
1.8036
1.8004
1.8068
1.8031
1.8021
1.8008
1.7982
1.7914
1.792
1.78
1.7847
1.7976
1.8001
1.8106
1.8237
1.8186
1.8149
1.8167
1.8111
1.813
1.8074
1.8016
1.8002
1.7993
1.8002
1.8076
1.8004
1.7986
1.801
1.798
1.8008
1.8055
1.7997
1.7965
1.7974
1.7978
1.8031
1.8017
1.7986
1.7997
1.8001
1.8072
1.8014
1.8004
1.8014
1.8001
1.8038
1.8083
1.8023
1.8002
1.8034
1.8016
1.807
1.8049
1.8021
1.8019
1.7995
1.8012
1.8074
1.8008
1.7989
1.7995
1.7974
1.8019
1.8047
1.7995
1.7971
1.8002
1.7976
1.8032
1.8004
1.7997
1.7997
1.7978
1.8002
1.8068
1.8004
1.7993
1.8016
1.7995
1.8042
1.8066
1.8025
1.7999
1.8002
1.8008
1.8076
1.8038
1.8019
1.8012
1.804
1.8098
1.8031
1.8029
1.8036
1.8017
1.8059
1.8074
1.8032
1.8019
1.8038
1.8014
1.8077
1.8042
1.8023
1.8001
1.8001
1.8023
1.81
1.8019
1.8012
1.8021
1.8002
1.8046
1.8057
1.8019
1.7997
1.8027
1.8002
1.8064
1.8031
1.8016
1.8019
1.8006
1.8021
1.8098
1.8016
1.801
1.8021
1.8004
1.8042
1.8072
1.8014
1.8002
1.7999
1.8004
1.8066
1.8006
1.7986
1.7991
1.8014
1.8081
1.8025
1.8006
1.8008
1.7995
1.804
1.8057
1.8021
1.8002
1.8016
1.7999
1.8062
1.8023
1.8025
1.7993
1.8006
1.8019
1.8089
1.8014
1.801
1.8016
1.7997
1.8002
1.7956
1.7839
1.7791
1.7774
1.7926
1.8055
1.8072
1.8156
1.8169
1.8156
1.8154
1.8181
1.8089
1.8029
1.8031
1.7991
1.8029
1.8038
1.7997
1.7967
1.7982
1.7965
1.8029
1.7991
1.7972
1.7965
1.7999
1.8062
1.7997
1.7993
1.8001
1.7974
1.8021
1.8068
1.7997
1.7984
1.7999
1.7993
1.8053
1.8036
1.8008
1.7999
1.7991
1.8021
1.8072
1.801
1.8004
1.8016
1.7971
1.8025
1.801
1.7986
1.7965
1.7978
1.7967
1.8032
1.798
1.7974
1.7969
1.7961
1.7987
1.804
1.7972
1.7976
1.7993
1.7965
1.8021
1.8014
1.7989
1.7967
1.7989
1.7986
1.8055
1.8008
1.7999
1.7995
1.8023
1.8068
1.8012
1.8004
1.8019
1.7989
1.8044
1.8068
1.7997
1.7974
1.7989
1.7989
1.8061
1.8023
1.7991
1.7982
1.7976
1.801
1.8064
1.7991
1.7982
1.7997
1.7967
1.8025
1.801
1.7991
1.7963
1.7984
1.7978
1.8046
1.7989
1.7989
1.7967
1.7967
1.7997
1.8049
1.798
1.7986
1.7991
1.7965
1.8012
1.8004
1.7982
1.7957
1.7971
1.798
1.804
1.7986
1.7969
1.7961
1.7972
1.8032
1.7965
1.7948
1.7971
1.7939
1.7969
1.8004
1.7952
1.7933
1.7944
1.7956
1.801
1.7978
1.7965
1.7961
1.795
1.7984
1.8036
1.7971
1.7961
1.7974
1.7948
1.8008
1.8034
1.7969
1.795
1.7946
1.7969
1.8034
1.7991
1.7969
1.7971
1.7956
1.7991
1.8032
1.7969
1.7914
1.7875
1.7781
1.7804
1.7877
1.798
1.7978
1.8102
1.816
1.8212
1.7939
1.7927
1.7911
1.7929
1.8008
1.7933
1.7926
1.7942
1.7916
1.7959
1.8001
1.7939
1.7916
1.7922
1.7931
1.7978
1.7961
1.7935
1.7935
1.792
1.7965
1.8004
1.7952
1.7931
1.7954
1.7929
1.7989
1.8001
1.7948
1.7922
1.7931
1.7942
1.7993
1.7961
1.7952
1.7948
1.7929
1.7965
1.8006
1.7937
1.7927
1.7942
1.7912
1.7972
1.7972
1.7933
1.7903
1.7909
1.792
1.7969
1.7969
1.7976
1.7944
1.7969
1.8036
1.798
1.7967
1.7987
1.7967
1.8008
1.8031
1.7982
1.7961
1.7969
1.7986
1.8031
1.7991
1.7987
1.7989
1.7969
1.7978
1.8047
1.798
1.7967
1.7976
1.7963
1.8002
1.8016
1.7965
1.7939
1.7946
1.7961
1.8012
1.7972
1.7961
1.7957
1.7937
1.798
1.8029
1.7954
1.7946
1.7956
1.795
1.8001
1.8004
1.7954
1.7935
1.7933
1.7961
1.8001
1.7971
1.7965
1.7942
1.7961
1.8025
1.7969
1.795
1.7967
1.7944
1.7995
1.8006
1.7963
1.7944
1.7946
1.7952
1.801
1.7969
1.7935
1.7956
1.7927
1.7967
1.7982
1.795
1.7939
1.7954
1.7942
1.8006
1.7965
1.7959
1.7948
1.7939
1.7971
1.8029
1.7972
1.7941
1.7978
1.7952
1.8004
1.7999
1.7972
1.7948
1.7986
1.7957
1.8044
1.7976
1.7984
1.7954
1.7961
1.7967
1.8031
1.8117
1.81
1.8042
1.8031
1.8057
1.7971
1.7933
1.7957
1.7942
1.7976
1.7974
1.7933
1.7922
1.7933
1.7948
1.7986
1.7952
1.7939
1.795
1.7912
1.7965
1.8008
1.7961
1.792
1.7957
1.7916
1.7987
1.7969
1.7957
1.7922
1.7942
1.7926
1.8001
1.7944
1.7948
1.795
1.7926
1.7956
1.8016
1.7944
1.7933
1.7946
1.7935
1.7989
1.798
1.7946
1.7944
1.7954
1.7939
1.8001
1.7931
1.7916
1.7912
1.7944
1.7993
1.7937
1.7922
1.7956
1.7922
1.7978
1.7963
1.7952
1.7935
1.795
1.7942
1.8014
1.7959
1.7961
1.7972
1.7944
1.7969
1.8032
1.7969
1.795
1.7976
1.7952
1.8001
1.7991
1.7961
1.7959
1.7959
1.7957
1.8023
1.7967
1.7959
1.7971
1.7948
1.7972
1.8029
1.7965
1.7948
1.7976
1.7971
1.801
1.8008
1.7963
1.7967
1.7967
1.7995
1.8044
1.8014
1.8001
1.7993
1.8029
1.8072
1.8021
1.7989
1.8047
1.7993
1.8087
1.8017
1.8044
1.7993
1.8006
1.7993
1.8076
1.7999
1.7993
1.8004
1.7976
1.8027
1.8044
1.8019
1.7961
1.7991
1.7956
1.8044
1.798
1.7972
1.7939
1.7956
1.7948
1.8006
1.7957
1.7946
1.7978
1.7946
1.8025
1.8008
1.801
1.7942
1.8001
1.7946
1.801
1.798
1.7971
1.7956
1.795
1.798
1.8021
1.7849
1.7772
1.7701
1.7806
1.7984
1.8008
1.8042
1.8186
1.8137
1.8199
1.8109
1.8085
1.8008
1.7967
1.7956
1.7997
1.7942
1.7911
1.795
1.7899
1.7976
1.7969
1.7941
1.7886
1.7914
1.7901
1.7957
1.7926
1.7916
1.7912
1.7896
1.7967
1.7978
1.7959
1.7914
1.7912
1.7892
1.7944
1.7965
1.792
1.789
1.7916
1.7933
1.7956
1.7957
1.7912
1.7937
1.7892
1.7918
1.798
1.7894
1.7884
1.786
1.7916
1.7927
1.7886
1.7869
1.7892
1.7866
1.7926
1.789
1.7886
1.7864
1.7879
1.789
1.7967
1.7901
1.7901
1.7912
1.7903
1.7935
1.7972
1.7927
1.7918
1.7942
1.7927
1.7982
1.7959
1.7946
1.7926
1.7927
1.7952
1.8019
1.7948
1.7944
1.795
1.7924
1.7967
1.7993
1.7944
1.7942
1.795
1.7946
1.8001
1.7965
1.7954
1.7939
1.7935
1.7965
1.8016
1.7952
1.7937
1.7929
1.7967
1.7993
1.7941
1.7929
1.7941
1.7926
1.7986
1.7946
1.7933
1.7914
1.7912
1.7939
1.7999
1.7937
1.7935
1.7939
1.7914
1.7959
1.7972
1.7931
1.7916
1.7933
1.7914
1.7971
1.7924
1.7907
1.789
1.7888
1.7922
1.7982
1.7924
1.792
1.7935
1.7909
1.7963
1.7971
1.7941
1.7912
1.7948
1.7916
1.7995
1.7939
1.7944
1.7912
1.7924
1.7941
1.8014
1.7901
1.7864
1.7781
1.7839
1.8006
1.7999
1.8019
1.8158
1.8132
1.8166
1.8143
1.8051
1.7993
1.795
1.7937
1.7978
1.7929
1.7907
1.7926
1.7888
1.7935
1.7933
1.7911
1.7879
1.7912
1.7881
1.7957
1.7901
1.7909
1.7873
1.7897
1.7911
1.798
1.7903
1.7909
1.7909
1.7905
1.7931
1.795
1.7896
1.7882
1.7892
1.7892
1.7944
1.7909
1.7888
1.7875
1.7875
1.7912
1.7954
1.7852
1.7866
1.7832
1.7877
1.7905
1.7851
1.7819
1.7845
1.7836
1.7907
1.7862
1.7867
1.7841
1.7856
1.7875
1.7952
1.7884
1.7892
1.7897
1.7901
1.7935
1.7954
1.7918
1.7907
1.7918
1.7935
1.7995
1.7961
1.7944
1.7929
1.7922
1.7961
1.8002
1.7952
1.7933
1.7944
1.7926
1.7982
1.7959
1.7944
1.7916
1.7924
1.7922
1.7991
1.7931
1.7931
1.7924
1.7905
1.7948
1.7997
1.7929
1.7922
1.7907
1.7946
1.7986
1.7916
1.7903
1.7905
1.7918
1.7967
1.7935
1.7911
1.7897
1.7892
1.7916
1.7956
1.789
1.7881
1.7901
1.7875
1.7931
1.7965
1.7909
1.7877
1.7896
1.7896
1.7972
1.7935
1.7912
1.7901
1.7888
1.792
1.7971
1.7922
1.7903
1.7924
1.7896
1.7952
1.7931
1.792
1.789
1.7907
1.7909
1.7982
1.7916
1.7933
1.7911
1.7912
1.7933
1.7999
1.7999
1.7989
1.7911
1.7927
1.7957
1.7901
1.7866
1.789
1.7882
1.7927
1.7907
1.7894
1.7879
1.7869
1.7905
1.7952
1.7896
1.7881
1.7894
1.7869
1.7927
1.7952
1.7905
1.7866
1.7881
1.7888
1.7959
1.7907
1.7903
1.789
1.789
1.7914
1.7957
1.7884
1.7892
1.7901
1.7892
1.7924
1.792
1.7882
1.7875
1.7871
1.7901
1.7946
1.7907
1.7881
1.7875
1.786
1.7897
1.7922
1.7852
1.7877
1.7852
1.7892
1.7933
1.7879
1.7864
1.7875
1.7892
1.7942
1.7912
1.7907
1.7907
1.7899
1.7911
1.7991
1.7924
1.7914
1.7935
1.7914
1.7948
1.7984
1.7926
1.7901
1.7909
1.792
1.7965
1.7939
1.7922
1.7924
1.7907
1.7937
1.7976
1.7909
1.789
1.7912
1.7892
1.7941
1.7961
1.7905
1.7882
1.7884
1.7896
1.7965
1.7911
1.789
1.7897
1.7881
1.792
1.7957
1.7896
1.7907
1.789
1.792
1.7942
1.7881
1.7858
1.7856
1.7864
1.7926
1.7907
1.7892
1.7899
1.7873
1.7896
1.7965
1.7899
1.7881
1.7907
1.7886
1.7929
1.7944
1.7899
1.7879
1.789
1.7901
1.7948
1.7916
1.7897
1.7899
1.7886
1.7905
1.7972
1.7905
1.7897
1.7914
1.7888
1.7922
1.7946
1.7879
1.7798
1.7736
1.7682
1.7695
1.7747
1.7867
1.7927
1.8021
1.8072
1.8145
1.786
1.7873
1.7847
1.7888
1.7903
1.7866
1.7839
1.7854
1.7852
1.7922
1.7877
1.7873
1.7881
1.7852
1.7875
1.7942
1.7873
1.786
1.7881
1.7866
1.7909
1.7927
1.7884
1.7864
1.7866
1.7866
1.7937
1.7888
1.789
1.7901
1.7875
1.7897
1.7965
1.7888
1.7881
1.7899
1.7882
1.7916
1.7929
1.7881
1.7873
1.7862
1.7888
1.7929
1.7892
1.7875
1.7886
1.7867
1.7886
1.7959
1.7907
1.7914
1.7897
1.7946
1.7957
1.7918
1.7901
1.7926
1.7912
1.7974
1.7927
1.7918
1.7901
1.7912
1.7926
1.7991
1.7916
1.7907
1.7941
1.7905
1.7948
1.7954
1.7916
1.7897
1.7911
1.7905
1.7963
1.7918
1.7911
1.7926
1.789
1.792
1.7976
1.7914
1.7892
1.7911
1.7888
1.7937
1.7935
1.7905
1.7892
1.7901
1.7894
1.7961
1.7914
1.7901
1.792
1.7884
1.7911
1.7972
1.7899
1.7901
1.7877
1.7931
1.7929
1.7899
1.7882
1.789
1.7892
1.7952
1.7903
1.7892
1.789
1.7884
1.7918
1.7967
1.7905
1.7875
1.7911
1.7879
1.7937
1.7933
1.7901
1.7879
1.7886
1.7884
1.7907
1.7781
1.7695
1.7635
1.7603
1.78
1.7939
1.7957
1.8042
1.8081
1.8032
1.8066
1.8014
1.7961
1.7894
1.7888
1.7867
1.7935
1.7873
1.7866
1.7882
1.7849
1.7866
1.7922
1.7864
1.7877
1.7847
1.7901
1.7892
1.7871
1.7849
1.7856
1.7866
1.7926
1.7867
1.7866
1.7858
1.7854
1.7888
1.7933
1.7871
1.7849
1.7879
1.7854
1.7899
1.7888
1.7862
1.7837
1.7845
1.7837
1.7911
1.7847
1.7834
1.7824
1.7822
1.7851
1.7903
1.7834
1.7821
1.7847
1.7821
1.7873
1.7869
1.7837
1.7839
1.783
1.7852
1.7911
1.7862
1.7851
1.7851
1.7849
1.7886
1.7931
1.7881
1.7896
1.7862
1.7916
1.7903
1.7879
1.7851
1.7873
1.7867
1.7933
1.7877
1.7879
1.7864
1.7852
1.7886
1.7933
1.7871
1.7867
1.7877
1.7854
1.7903
1.7877
1.7867
1.7845
1.7847
1.786
1.7929
1.7869
1.7854
1.7856
1.7845
1.7882
1.7916
1.7873
1.7852
1.7873
1.7839
1.7903
1.7867
1.7851
1.7819
1.7822
1.7824
1.7899
1.7845
1.7843
1.7847
1.7836
1.7869
1.7905
1.7858
1.7871
1.7847
1.7903
1.7877
1.7867
1.7843
1.7847
1.7864
1.7929
1.7869
1.7873
1.7864
1.7789
1.777
1.774
1.7693
1.7817
1.7879
1.792
1.81
1.8046
1.8017
1.7972
1.7941
1.7914
1.7944
1.7851
1.7836
1.7834
1.7817
1.7856
1.7892
1.783
1.7806
1.7834
1.7813
1.7871
1.7843
1.7826
1.7806
1.7807
1.7826
1.7905
1.783
1.783
1.7832
1.7821
1.7847
1.7882
1.7821
1.7841
1.7811
1.7873
1.7873
1.7822
1.7796
1.7806
1.7811
1.7892
1.7813
1.7796
1.7789
1.7768
1.7807
1.7836
1.7783
1.7768
1.7785
1.7774
1.783
1.78
1.7781
1.7762
1.7772
1.78
1.7871
1.7817
1.7815
1.7817
1.7802
1.7854
1.7907
1.7841
1.7837
1.7856
1.7843
1.7903
1.7912
1.7852
1.7841
1.7843
1.7871
1.7927
1.7877
1.7866
1.7873
1.7847
1.7897
1.7935
1.7841
1.7858
1.7836
1.789
1.7892
1.7845
1.7819
1.7826
1.7845
1.7916
1.786
1.7843
1.7843
1.783
1.7871
1.7881
1.7843
1.7826
1.7834
1.7824
1.7879
1.783
1.7815
1.7796
1.7796
1.7826
1.7901
1.7843
1.7836
1.7843
1.7819
1.7866
1.7882
1.7847
1.7828
1.7841
1.7828
1.7896
1.7852
1.7845
1.7826
1.783
1.7847
1.7924
1.7845
1.7852
1.786
1.783
1.7881
1.7892
1.7879
1.8023
1.8006
1.8038
1.8029
1.795
1.7899
1.7862
1.7862
1.7888
1.7832
1.7821
1.7837
1.7807
1.7847
1.7849
1.7824
1.7802
1.7819
1.7806
1.7866
1.7824
1.7819
1.7798
1.78
1.7822
1.7888
1.7821
1.7815
1.7822
1.7807
1.7849
1.786
1.7828
1.7802
1.7815
1.7807
1.7866
1.7832
1.7821
1.7792
1.7807
1.783
1.7888
1.7826
1.7824
1.7832
1.7802
1.7843
1.7851
1.777
1.7783
1.7774
1.7819
1.7821
1.7791
1.7774
1.7785
1.7809
1.786
1.7813
1.7824
1.7836
1.7813
1.7862
1.7905
1.7845
1.783
1.7841
1.7847
1.7907
1.7882
1.786
1.7837
1.7841
1.7867
1.7926
1.7866
1.7866
1.7869
1.7845
1.7892
1.7884
1.7852
1.7834
1.7845
1.7847
1.7905
1.7852
1.7854
1.7837
1.783
1.7856
1.7899
1.7847
1.7839
1.7854
1.7819
1.7873
1.7858
1.7819
1.7826
1.7832
1.7869
1.7866
1.7832
1.783
1.7819
1.7851
1.789
1.7832
1.7813
1.7826
1.7792
1.7851
1.7886
1.7815
1.7806
1.7811
1.7821
1.7892
1.7858
1.7828
1.7815
1.7807
1.7851
1.7903
1.7847
1.783
1.7852
1.7813
1.7871
1.7903
1.7854
1.7824
1.7834
1.7832
1.7903
1.7858
1.7839
1.7824
1.7834
1.7849
1.7897
1.7834
1.7819
1.7791
1.7693
1.7661
1.7641
1.7796
1.7817
1.7804
1.7852
1.7828
1.7807
1.7789
1.7791
1.78
1.7869
1.7806
1.78
1.7819
1.7785
1.7824
1.7866
1.7807
1.7783
1.7804
1.7794
1.7852
1.7834
1.7813
1.7807
1.7804
1.7809
1.7879
1.7822
1.7813
1.783
1.7806
1.7832
1.7886
1.7822
1.7802
1.7807
1.7817
1.7856
1.7845
1.7819
1.7815
1.7804
1.7815
1.7882
1.7809
1.7806
1.7815
1.7791
1.7811
1.7867
1.7792
1.7796
1.7796
1.7862
1.7841
1.7826
1.7824
1.7824
1.783
1.7903
1.7836
1.7828
1.7843
1.7821
1.786
1.7899
1.7834
1.7828
1.7822
1.783
1.7879
1.7854
1.7832
1.7836
1.7819
1.7836
1.7903
1.783
1.7826
1.7851
1.7821
1.7851
1.7881
1.7828
1.7806
1.7828
1.7826
1.7866
1.7845
1.7828
1.7824
1.7809
1.7828
1.7892
1.7836
1.7813
1.7832
1.7809
1.7851
1.7873
1.7802
1.783
1.7809
1.786
1.783
1.7809
1.7813
1.7796
1.7802
1.7858
1.7794
1.7777
1.7807
1.7787
1.7824
1.7858
1.7817
1.7785
1.7794
1.7796
1.7851
1.7824
1.7815
1.7813
1.7791
1.7817
1.7877
1.7815
1.7804
1.7821
1.7802
1.7837
1.7864
1.7821
1.7796
1.7806
1.7815
1.7869
1.7834
1.7821
1.78
1.78
1.7807
1.7832
1.7693
1.7601
1.7541
1.7539
1.7757
1.786
1.7783
1.7792
1.7761
1.7821
1.7781
1.7779
1.7781
1.7766
1.7772
1.7836
1.7774
1.7762
1.7789
1.7759
1.7807
1.7817
1.7783
1.7755
1.7762
1.7772
1.7837
1.7789
1.7787
1.7789
1.777
1.7789
1.7852
1.7783
1.7774
1.7789
1.777
1.7811
1.7841
1.7783
1.777
1.7774
1.7792
1.7845
1.7785
1.7774
1.7774
1.7747
1.7792
1.7802
1.7759
1.774
1.7753
1.7736
1.7802
1.7753
1.7772
1.7798
1.7791
1.7856
1.7815
1.7813
1.7792
1.7813
1.7822
1.7899
1.7824
1.7822
1.7834
1.7822
1.7845
1.7879
1.7824
1.7815
1.7828
1.7832
1.7881
1.7843
1.7824
1.7837
1.7806
1.7834
1.789
1.7832
1.7802
1.7832
1.7806
1.7847
1.7852
1.7815
1.7792
1.7804
1.7807
1.786
1.7811
1.7802
1.7804
1.7783
1.7806
1.7866
1.7792
1.7768
1.7779
1.7766
1.7819
1.7809
1.7766
1.7762
1.7772
1.7817
1.7792
1.7761
1.7761
1.7749
1.7792
1.7837
1.7789
1.7776
1.7791
1.7753
1.7807
1.7798
1.7781
1.7755
1.777
1.7753
1.7811
1.7757
1.7749
1.774
1.7742
1.7777
1.7837
1.7776
1.7764
1.78
1.7764
1.7824
1.7817
1.7791
1.7764
1.7796
1.7764
1.7849
1.7792
1.78
1.7777
1.7791
1.7794
1.7869
1.7792
1.78
1.7802
1.7796
1.7826
1.7849
1.7997
1.7978
1.7961
1.7991
1.7884
1.7866
1.7798
1.7764
1.7774
1.7841
1.7776
1.7777
1.7781
1.7751
1.7792
1.7792
1.7787
1.7744
1.7764
1.7747
1.7822
1.7768
1.7785
1.7749
1.7762
1.7776
1.7836
1.7764
1.7781
1.7777
1.7759
1.7792
1.7807
1.7766
1.7746
1.7751
1.7759
1.7813
1.7779
1.7757
1.7746
1.774
1.7779
1.7824
1.777
1.7759
1.7768
1.7731
1.7776
1.777
1.7695
1.7704
1.7704
1.7772
1.7725
1.7727
1.7702
1.7721
1.7744
1.7815
1.7744
1.7759
1.7762
1.7762
1.78
1.7807
1.7772
1.7762
1.7764
1.7791
1.7839
1.7806
1.7787
1.7779
1.777
1.7819
1.7854
1.7796
1.7781
1.7804
1.777
1.7832
1.7813
1.7798
1.7772
1.7776
1.7774
1.7845
1.7783
1.7779
1.777
1.7768
1.7794
1.7839
1.7774
1.7766
1.7791
1.7755
1.7817
1.7794
1.7762
1.7759
1.7772
1.7822
1.7802
1.7762
1.7772
1.7755
1.7809
1.7837
1.7791
1.7766
1.7789
1.7751
1.7822
1.7789
1.7779
1.7747
1.7768
1.7761
1.7832
1.7779
1.7776
1.7762
1.7751
1.7787
1.7836
1.7779
1.7761
1.7777
1.7747
1.7792
1.777
1.7757
1.7725
1.7746
1.7742
1.7822
1.7764
1.7779
1.7753
1.7764
1.7783
1.7839
1.7768
1.7772
1.7776
1.7766
1.7806
1.7804
1.7762
1.7781
1.7783
1.7845
1.7731
1.7657
1.7575
1.7575
1.7787
1.7847
1.7834
1.7952
1.7956
1.7926
1.7948
1.7886
1.7852
1.7783
1.7757
1.7749
1.7817
1.7766
1.7768
1.7738
1.774
1.7768
1.7811
1.7749
1.7751
1.7753
1.7744
1.7785
1.7774
1.7749
1.7738
1.7736
1.7762
1.7817
1.7776
1.7749
1.7755
1.7732
1.7781
1.7802
1.7755
1.7738
1.7766
1.7732
1.7804
1.7764
1.7734
1.7732
1.7738
1.7791
1.7751
1.7736
1.7729
1.7706
1.7747
1.78
1.7727
1.7714
1.7727
1.7714
1.7742
1.7781
1.7727
1.7708
1.7712
1.7734
1.7777
1.7761
1.7746
1.7751
1.7736
1.7783
1.783
1.777
1.7757
1.7779
1.7753
1.783
1.7826
1.7776
1.7751
1.7762
1.7776
1.7828
1.78
1.7777
1.7776
1.7755
1.7796
1.7841
1.7781
1.7768
1.7796
1.7761
1.7804
1.7824
1.7749
1.7742
1.7761
1.7804
1.7774
1.7753
1.7761
1.774
1.7783
1.7832
1.7768
1.7738
1.7766
1.7744
1.7807
1.7807
1.7759
1.7732
1.774
1.7755
1.7824
1.7766
1.7757
1.7751
1.7742
1.7781
1.7824
1.7755
1.7744
1.7757
1.7736
1.7811
1.7806
1.7755
1.774
1.774
1.7753
1.7822
1.7766
1.7757
1.7761
1.7744
1.7776
1.7802
1.7761
1.7749
1.7764
1.7746
1.78
1.7811
1.7714
1.7719
1.7729
1.7792
1.7751
1.7751
1.7749
1.7734
1.7747
1.7815
1.7747
1.7734
1.7751
1.7732
1.7774
1.7789
1.7751
1.7734
1.774
1.774
1.7802
1.7766
1.7751
1.7766
1.774
1.7755
1.7811
1.7746
1.7716
1.7663
1.7562
1.7554
1.7522
1.7582
1.7686
1.7749
1.7888
1.7972
1.7939
1.7896
1.7871
1.7804
1.7813
1.7826
1.7744
1.7716
1.7738
1.7716
1.7755
1.7757
1.7712
1.7706
1.7712
1.7776
1.7731
1.7727
1.7734
1.7706
1.7731
1.7804
1.7736
1.7719
1.7729
1.7714
1.7757
1.7772
1.7729
1.7719
1.7717
1.7749
1.7796
1.7753
1.7732
1.7747
1.7719
1.7747
1.7806
1.7734
1.771
1.7727
1.771
1.7749
1.7751
1.7716
1.7701
1.7695
1.7712
1.7759
1.7708
1.7704
1.7712
1.7691
1.7712
1.7772
1.7708
1.7695
1.7719
1.771
1.7757
1.7755
1.7732
1.7725
1.7732
1.7794
1.7751
1.7746
1.7764
1.7731
1.7762
1.7813
1.7749
1.7731
1.7744
1.7721
1.7777
1.7774
1.7749
1.7729
1.7729
1.7734
1.7798
1.7744
1.774
1.7747
1.7723
1.7746
1.7796
1.7734
1.7712
1.7729
1.7712
1.7757
1.7759
1.7723
1.7714
1.771
1.7734
1.7781
1.7725
1.7727
1.7736
1.7706
1.7736
1.7804
1.7729
1.7706
1.7725
1.7721
1.7761
1.777
1.7712
1.7723
1.7712
1.7783
1.7719
1.7723
1.7734
1.771
1.7732
1.7789
1.7727
1.771
1.7719
1.7702
1.7751
1.7747
1.7712
1.7708
1.7721
1.7708
1.7776
1.7723
1.7712
1.7723
1.7693
1.7708
1.7753
1.7684
1.7665
1.7702
1.7686
1.7734
1.7736
1.771
1.7697
1.7699
1.7704
1.7768
1.7717
1.7712
1.7731
1.7697
1.7729
1.7777
1.7719
1.7693
1.7714
1.7701
1.7755
1.7738
1.7502
1.768
1.7725
1.789
1.7914
1.7899
1.7875
1.783
1.7821
1.7836
1.7727
1.7686
1.7684
1.7678
1.7727
1.7714
1.7684
1.7671
1.7657
1.7671
1.7736
1.768
1.7669
1.7689
1.7656
1.771
1.7747
1.7687
1.7659
1.7672
1.7669
1.7723
1.7706
1.7689
1.7684
1.7672
1.7686
1.7751
1.7689
1.7686
1.7702
1.768
1.7706
1.7755
1.7689
1.7674
1.7682
1.768
1.7727
1.771
1.7642
1.7646
1.7654
1.7719
1.7665
1.7654
1.7657
1.7639
1.7676
1.7725
1.7663
1.7656
1.7684
1.7656
1.7727
1.7704
1.7689
1.7669
1.7684
1.7687
1.7772
1.7706
1.7708
1.7704
1.7697
1.7734
1.7779
1.7725
1.7702
1.7734
1.7697
1.7755
1.774
1.7721
1.7717
1.771
1.7716
1.7785
1.7731
1.7714
1.7727
1.771
1.7732
1.7776
1.7717
1.7691
1.7725
1.7695
1.7751
1.7731
1.7684
1.7693
1.7701
1.7766
1.7704
1.7702
1.7697
1.7684
1.7717
1.7764
1.7697
1.7702
1.7712
1.7687
1.7746
1.7723
1.7699
1.7676
1.7682
1.7697
1.7766
1.7701
1.7691
1.7695
1.768
1.7716
1.7757
1.7695
1.7676
1.771
1.7689
1.7742
1.7721
1.7699
1.7699
1.7678
1.7704
1.7759
1.7693
1.7678
1.7678
1.7654
1.7693
1.7729
1.768
1.7657
1.7691
1.7669
1.7732
1.7701
1.7676
1.7676
1.7701
1.7762
1.7708
1.7699
1.7706
1.7686
1.7721
1.7751
1.7706
1.7693
1.7672
1.7597
1.7605
1.7543
1.7712
1.7727
1.7749
1.7894
1.7972
1.7869
1.786
1.7828
1.7766
1.7764
1.7753
1.7678
1.7661
1.7686
1.7654
1.7717
1.7672
1.7663
1.7641
1.7648
1.7659
1.7732
1.7657
1.7657
1.7667
1.7644
1.7687
1.7719
1.7656
1.7646
1.7665
1.7644
1.7704
1.7682
1.7642
1.7641
1.7657
1.7725
1.7665
1.765
1.7654
1.7624
1.7659
1.7678
1.7637
1.762
1.7626
1.7596
1.7656
1.7614
1.7607
1.7581
1.7588
1.7599
1.7674
1.7605
1.7605
1.7614
1.7599
1.7648
1.7669
1.7627
1.7626
1.7646
1.7633
1.7702
1.7672
1.7667
1.7648
1.7657
1.7686
1.7755
1.7693
1.7693
1.7706
1.7678
1.7727
1.774
1.7704
1.7693
1.7706
1.7701
1.7747
1.7714
1.7676
1.7671
1.7686
1.7762
1.7691
1.7682
1.7682
1.7672
1.771
1.7721
1.7678
1.7663
1.7672
1.7665
1.7727
1.7721
1.7682
1.7654
1.7663
1.7682
1.7749
1.7686
1.7674
1.7686
1.7656
1.7706
1.7721
1.7686
1.7665
1.7682
1.7665
1.7725
1.7691
1.7682
1.7659
1.7659
1.7684
1.7751
1.768
1.7678
1.7689
1.7665
1.7721
1.7719
1.7689
1.7665
1.7686
1.7663
1.7723
1.7669
1.7665
1.7652
1.7682
1.7723
1.7686
1.7676
1.7693
1.7663
1.7716
1.7753
1.7682
1.7657
1.7678
1.7676
1.7736
1.7714
1.7676
1.7663
1.7661
1.7676
1.7719
1.7689
1.7644
1.7579
1.7479
1.7479
1.7534
1.7633
1.7656
1.7749
1.7822
1.7886
1.7867
1.7815
1.7746
1.7727
1.771
1.7725
1.7667
1.7661
1.7674
1.7644
1.7684
1.7717
1.765
1.7624
1.7639
1.7641
1.7702
1.7684
1.7644
1.7642
1.7669
1.7716
1.7667
1.7656
1.7665
1.7642
1.7693
1.7731
1.7682
1.7659
1.7672
1.7661
1.7729
1.7702
1.7706
1.7652
1.7669
1.7674
1.7734
1.7663
1.7678
1.7659
1.7654
1.7682
1.7721
1.7646
1.7635
1.7626
1.7641
1.7699
1.7671
1.7635
1.7624
1.7616
1.7656
1.7712
1.7652
1.7652
1.7663
1.7635
1.7691
1.7736
1.7669
1.765
1.7671
1.7663
1.7736
1.7712
1.7674
1.7665
1.7699
1.7759
1.7682
1.7689
1.7684
1.7671
1.7716
1.7759
1.7671
1.7672
1.7663
1.7676
1.7734
1.7702
1.7672
1.7663
1.7648
1.7686
1.7723
1.7669
1.7657
1.7676
1.7648
1.7699
1.7725
1.7663
1.7641
1.7652
1.7654
1.7717
1.7689
1.7657
1.7646
1.7641
1.7678
1.7719
1.7659
1.7654
1.7672
1.7644
1.7693
1.7723
1.7661
1.7639
1.7652
1.7657
1.7706
1.7684
