1.8505
1.8235
1.8085
1.7176
1.6806
1.6576
1.6639
1.6928
1.7215
1.7474
1.7192
1.711
1.7014
1.6787
1.575
1.5467
1.5141
1.4639
1.4395
1.4545
1.4985
1.5452
1.5902
1.6043
1.608
1.6125
1.4755
1.4147
1.4115
1.4348
1.4781
1.5235
1.5689
1.584
1.5951
1.6026
1.5912
1.5533
1.5038
1.4798
1.4337
1.417
1.4168
1.4869
1.5383
1.5878
1.6032
1.6082
1.6116
1.6004
1.5629
1.5222
1.5098
1.4415
1.4258
1.4239
1.4472
1.4935
1.5919
1.608
1.6015
1.6095
1.6118
1.5621
1.5201
1.509
1.483
1.4363
1.4155
1.4382
1.4802
1.5263
1.5726
1.5769
1.5837
1.5855
1.4159
1.3767
1.3624
1.3853
1.4269
1.4734
1.5239
1.5287
1.537
1.5422
1.5329
1.4967
1.4474
1.4252
1.3874
1.374
1.377
1.4517
1.5055
1.5599
1.5715
1.5632
1.5739
1.5649
1.5332
1.4957
1.4858
1.4575
1.4018
1.404
1.4352
1.4852
1.5387
1.603
1.5979
1.6082
1.6116
1.6002
1.5319
1.5195
1.4931
1.4534
1.44
1.4417
1.5186
1.5705
1.6227
1.6328
1.6274
1.6358
1.4999
1.4567
1.4374
1.4644
1.5092
1.5582
1.6075
1.6026
1.6099
1.6095
1.5957
1.5565
1.5111
1.483
1.4397
1.4207
1.422
1.4999
1.5525
1.602
1.605
1.5968
1.6079
1.5953
1.5578
1.5205
1.512
1.4412
1.4237
1.4217
1.449
1.4985
1.6019
1.6067
1.5979
1.6052
1.6062
1.5936
1.5171
1.5094
1.4789
1.438
1.4226
1.4539
1.5014
1.5518
1.6007
1.6084
1.6047
1.6039
1.4802
1.4378
1.4196
1.4477
1.4965
1.5471
1.5957
1.5979
1.6082
1.6112
1.5987
1.5589
1.5162
1.4822
1.4391
1.4254
1.4286
1.4565
1.5525
1.6011
1.608
1.6017
1.6095
1.6013
1.563
1.5287
1.5229
1.4873
1.4305
1.4344
1.4655
1.5124
1.5621
1.6092
1.611
1.6197
1.6193
1.6041
1.5651
1.5274
1.4925
1.4492
1.4335
1.4346
1.512
1.5608
1.6103
1.6185
1.6152
1.626
1.7464
1.6922
1.6527
1.6709
1.7059
1.7425
1.7747
1.7318
1.7232
1.7095
1.6804
1.6285
1.5615
1.5107
1.4592
1.4376
1.4355
1.4637
1.5606
1.6075
1.6077
1.6043
1.6139
1.5966
1.5554
1.5188
1.5077
1.4751
1.417
1.4192
1.4492
1.4959
1.5458
1.593
1.5854
1.5923
1.5942
1.5801
1.5057
1.4993
1.4644
1.4249
1.4112
1.4117
1.4916
1.5445
1.5902
1.5902
1.587
1.5938
1.4543
1.4155
1.4063
1.4346
1.4832
1.5364
1.5792
1.5722
1.5805
1.5779
1.5621
1.521
1.4839
1.4359
1.4003
1.3877
1.392
1.4232
1.5171
1.5642
1.5621
1.5535
1.5569
1.5317
1.486
1.4507
1.4421
1.4074
1.3714
1.3665
1.392
1.4344
1.4817
1.5239
1.5122
1.5195
1.516
1.4957
1.4528
1.4136
1.3791
1.3489
1.341
1.3452
1.368
1.4575
1.5002
1.4984
1.4974
1.5074
1.4157
1.3845
1.3757
1.4159
1.4659
1.518
1.5638
1.5659
1.5764
1.5762
1.5619
1.5233
1.4942
1.4502
1.4127
1.4044
1.4166
1.455
1.5554
1.5994
1.597
1.5953
1.6041
1.605
1.5473
1.5197
1.5169
1.4764
1.4423
1.4385
1.4727
1.5222
1.5732
1.6174
1.6112
1.618
1.6122
1.5923
1.5503
1.5158
1.473
1.4365
1.4267
1.4363
1.5158
1.5659
1.6065
1.6037
1.6026
1.6099
1.4597
1.4247
1.41
1.4498
1.5029
1.5567
1.6017
1.599
1.6052
1.6015
1.5792
1.5364
1.5085
1.4562
1.4207
1.4093
1.4174
1.4519
1.5501
1.5945
1.5925
1.5923
1.5987
1.5719
1.5269
1.4959
1.4877
1.4468
1.4069
1.4147
1.4487
1.4965
1.5447
1.5799
1.5739
1.5807
1.5758
1.5542
1.5139
1.4796
1.4382
1.405
1.3975
1.4102
1.4954
1.548
1.5932
1.5891
1.5893
1.5985
1.4665
1.4316
1.4172
1.4562
1.5055
1.5615
1.6052
1.6004
1.6116
1.6079
1.5882
1.5454
1.5171
1.4689
1.4363
1.4239
1.4337
1.47
1.5182
1.608
1.605
1.6099
1.6199
1.6182
1.5576
1.5282
1.5165
1.4676
1.4318
1.4256
1.4815
1.5336
1.5872
1.6219
1.6009
1.5615
1.5375
1.4978
1.4327
1.3806
1.3244
1.3101
1.3032
1.3043
1.3242
1.3845
1.554
1.5561
1.5569
1.5792
1.4616
1.4284
1.4151
1.4213
1.5066
1.5582
1.5936
1.5869
1.5887
1.5908
1.569
1.5263
1.5004
1.4948
1.4192
1.4085
1.4174
1.4534
1.5029
1.5908
1.5829
1.5837
1.5927
1.5885
1.5192
1.4929
1.4864
1.4477
1.4211
1.4256
1.4616
1.5083
1.5608
1.5974
1.5846
1.5921
1.5887
1.567
1.5235
1.4954
1.4438
1.4121
1.4046
1.4151
1.4517
1.5567
1.5919
1.5872
1.5895
1.5966
1.4183
1.3915
1.3821
1.3915
1.4732
1.5255
1.5582
1.5443
1.5417
1.5417
1.5173
1.4732
1.4477
1.4363
1.3705
1.3626
1.3709
1.4031
1.4475
1.5332
1.5257
1.525
1.5314
1.5244
1.4957
1.4361
1.4267
1.386
1.3632
1.3574
1.4024
1.4485
1.5017
1.5375
1.5317
1.5426
1.5345
1.5113
1.4702
1.4505
1.4444
1.378
1.3725
1.3857
1.4237
1.4736
1.5599
1.5503
1.5514
1.5608
1.4886
1.4652
1.459
1.4721
1.5537
1.6034
1.6364
1.6283
1.6367
1.6341
1.6099
1.567
1.5495
1.5402
1.4607
1.4522
1.4644
1.5083
1.5668
1.6411
1.6371
1.642
1.6538
1.6532
1.5666
1.5479
1.5321
1.4939
1.4721
1.4547
1.5147
1.5666
1.6249
1.6521
1.6369
1.6486
1.6426
1.6225
1.5771
1.5462
1.4873
1.4655
1.4678
1.4755
1.5139
1.5651
1.6502
1.6465
1.6369
1.6397
1.504
1.4715
1.4556
1.4727
1.5662
1.6236
1.6437
1.632
1.6375
1.6377
1.6127
1.5591
1.5402
1.5282
1.4629
1.4622
1.4684
1.5094
1.5591
1.6356
1.6266
1.6212
1.6242
1.6148
1.5872
1.524
1.5029
1.458
1.4342
1.4316
1.4935
1.5374
1.591
1.6212
1.6236
1.6264
1.6155
1.5923
1.551
1.5417
1.4826
1.4573
1.4532
1.4702
1.5214
1.5687
1.6326
1.6272
1.6317
1.6456
1.482
1.4577
1.4537
1.4774
1.5559
1.6105
1.6365
1.6339
1.6409
1.6296
1.6007
1.5597
1.5488
1.5323
1.4472
1.437
1.4571
1.5165
1.5655
1.614
1.6249
1.6204
1.6154
1.5762
1.5156
1.4078
1.3731
1.3332
1.3124
1.3058
1.3097
1.3225
1.3463
1.3787
1.4245
1.4777
1.5117
1.504
1.5004
1.5381
1.5854
1.6399
1.6471
1.6581
1.7005
1.7492
1.8141
1.7858
1.7762
1.7699
1.4565
1.4252
1.4183
1.4378
1.4796
1.5874
1.6011
1.588
1.5919
1.599
1.5625
1.5184
1.5032
1.4871
1.4457
1.4204
1.4354
1.4815
1.5314
1.5876
1.5977
1.6024
1.6088
1.5998
1.5749
1.5115
1.4935
1.4517
1.432
1.4402
1.4916
1.5415
1.5949
1.612
1.6124
1.6101
1.6028
1.5705
1.5289
1.521
1.4468
1.428
1.426
1.4556
1.5042
1.5413
1.6095
1.6034
1.618
1.6217
1.3964
1.3793
1.3838
1.39
1.4235
1.5164
1.54
1.5413
1.5353
1.5344
1.5212
1.4505
1.4402
1.4155
1.3742
1.3594
1.384
1.422
1.4586
1.5085
1.5297
1.5417
1.5432
1.5274
1.4961
1.4537
1.4415
1.3847
1.3624
1.3611
1.3791
1.4277
1.4822
1.54
1.537
1.5469
1.5617
1.5554
1.4659
1.4562
1.4391
1.4052
1.3881
1.3793
1.4468
1.501
1.564
1.581
1.5679
1.5784
1.459
1.438
1.437
1.4577
1.5137
1.6028
1.6185
1.612
1.617
1.6298
1.5715
1.5276
1.515
1.504
1.4715
1.4342
1.4575
1.5027
1.5546
1.612
1.6056
1.6133
1.6139
1.6088
1.5835
1.5124
1.492
1.4479
1.4382
1.4389
1.4927
1.545
1.6004
1.6268
1.6135
1.6095
1.5979
1.5634
1.5323
1.5134
1.4864
1.425
1.4277
1.4614
1.4944
1.537
1.6049
1.6067
1.6217
1.6133
1.4927
1.4432
1.4339
1.4474
1.4954
1.6022
1.629
1.612
1.6122
1.6152
1.5704
1.5368
1.515
1.4884
1.4457
1.4305
1.4584
1.5008
1.5488
1.5985
1.6058
1.6112
1.6101
1.5962
1.5587
1.5032
1.4822
1.4376
1.4166
1.4119
1.4387
1.5368
1.5897
1.6022
1.5947
1.6035
1.59
1.5548
1.5165
1.5085
1.4864
1.4417
1.417
1.4421
1.4879
1.5407
1.5942
1.5938
1.5989
1.6002
1.5012
1.4436
1.4406
1.4736
1.5302
1.5679
1.6266
1.6197
1.6411
1.6508
1.6272
1.5449
1.533
1.5218
1.4755
1.4451
1.4745
1.5265
1.5947
1.636
1.6347
1.6332
1.6381
1.6371
1.5921
1.5475
1.5158
1.4781
1.4689
1.4597
1.485
1.5336
1.6375
1.6514
1.6347
1.6394
1.6399
1.5869
1.5471
1.5334
1.5059
1.4624
1.4472
1.4712
1.513
1.5584
1.6043
1.606
1.6146
1.6195
1.6572
1.5704
1.5516
1.5662
1.6024
1.6401
1.6774
1.6504
1.648
1.6437
1.6281
1.549
1.5321
1.5015
1.4567
1.444
1.4759
1.5173
1.5651
1.6129
1.6298
1.6279
1.6247
1.6071
1.5657
1.5344
1.5207
1.4393
1.4284
1.4314
1.4762
1.5224
1.6009
1.6101
1.6056
1.6283
1.6219
1.5597
1.519
1.5164
1.4995
1.4502
1.4331
1.4603
1.5175
1.5767
1.6094
1.6086
1.6118
1.6221
1.4785
1.4228
1.4234
1.4627
1.5014
1.5411
1.5878
1.5867
1.6026
1.5904
1.57
1.4925
1.4897
1.4654
1.4136
1.396
1.3971
1.4798
1.5276
1.5614
1.5629
1.5567
1.5743
1.5518
1.5017
1.4592
1.4481
1.3902
1.3675
1.3624
1.387
1.4249
1.5284
1.5231
1.512
1.5192
1.5145
1.503
1.4209
1.4085
1.3845
1.3521
1.3521
1.3665
1.4046
1.4522
1.497
1.5141
1.5066
1.5102
1.4474
1.3973
1.3975
1.4327
1.4811
1.5398
1.5863
1.5837
1.5959
1.5936
1.5869
1.5029
1.497
1.4697
1.4376
1.4391
1.4588
1.5096
1.5595
1.608
1.6217
1.6075
1.6176
1.6009
1.566
1.5362
1.5169
1.4502
1.4359
1.45
1.4852
1.519
1.5696
1.6195
1.6272
1.6337
1.6223
1.6099
1.5312
1.5306
1.4901
1.4455
1.4348
1.4719
1.5312
1.5704
1.6125
1.6189
1.627
1.6354
1.4826
1.4344
1.4487
1.4749
1.51
1.5587
1.6064
1.6184
1.6172
1.6084
1.5974
1.5548
1.5205
1.4766
1.4357
1.4247
1.4279
1.5278
1.5644
1.6071
1.6099
1.6049
1.6253
1.5919
1.5452
1.5126
1.5068
1.4438
1.4222
1.431
1.4672
1.5171
1.5795
1.6084
1.6056
1.6137
1.6161
1.6077
1.5182
1.5154
1.4796
1.4496
1.444
1.464
1.5141
1.5599
1.6146
1.6178
1.6174
1.62
1.4978
1.4509
1.4382
1.4714
1.5276
1.5876
1.6163
1.611
1.6191
1.6268
1.6131
1.5582
1.5188
1.4807
1.4597
1.4502
1.4425
1.5218
1.5702
1.623
1.6206
1.608
1.6139
1.5951
1.5632
1.5216
1.5068
1.4729
1.4329
1.4513
1.4715
1.5165
1.5692
1.6144
1.6197
1.6154
1.612
1.5927
1.5295
1.5244
1.4781
1.4444
1.4346
1.4869
1.5274
1.5642
1.609
1.611
1.6105
1.6169
1.4775
1.4425
1.4524
1.4725
1.5224
1.5752
1.6103
1.6191
1.6142
1.6116
1.5932
1.549
1.5205
1.4725
1.4391
1.4273
1.4385
1.5267
1.5696
1.6112
1.6092
1.6157
1.6189
1.5945
1.5552
1.5209
1.521
1.4414
1.4295
1.4397
1.4744
1.5372
1.5857
1.6109
1.6086
1.617
1.6279
1.6026
1.5224
1.5164
1.4847
1.4654
1.4447
1.4819
1.5312
1.5917
1.642
1.6324
1.6476
1.639
1.6152
1.5574
1.5263
1.5525
1.6037
1.6347
1.6536
1.6236
1.6281
1.6343
1.5994
1.5499
1.5255
1.4805
1.4609
1.4355
1.438
1.4738
1.582
1.6221
1.6028
1.6
1.6092
1.5884
1.5385
1.4991
1.4924
1.4565
1.4284
1.4314
1.4594
1.5109
1.5621
1.6049
1.5977
1.5992
1.5985
1.5745
1.536
1.4925
1.4554
1.4316
1.4189
1.4374
1.4753
1.5627
1.6019
1.5979
1.6118
1.6154
1.4496
1.4254
1.4157
1.4455
1.4982
1.5469
1.5917
1.5762
1.5807
1.5803
1.5559
1.5225
1.4954
1.4309
1.4025
1.393
1.417
1.4785
1.525
1.5619
1.5591
1.5722
1.57
1.5329
1.4858
1.4569
1.4526
1.4009
1.3654
1.3714
1.4084
1.4564
1.4897
1.5212
1.5145
1.5306
1.5233
1.488
1.4447
1.4125
1.3787
1.3523
1.3439
1.3512
1.4215
1.473
1.5081
1.5019
1.5014
1.5075
1.4222
1.3956
1.4003
1.4402
1.4907
1.5411
1.579
1.5797
1.593
1.5857
1.5647
1.5242
1.4999
1.4515
1.4219
1.4147
1.429
1.4693
1.5745
1.6092
1.605
1.6088
1.6169
1.5949
1.546
1.5195
1.5124
1.4687
1.4331
1.4449
1.4835
1.5325
1.5863
1.6169
1.6172
1.6229
1.6154
1.5921
1.5261
1.5173
1.4719
1.44
1.4318
1.4459
1.5293
1.5786
1.617
1.6142
1.6139
1.6193
1.4558
1.4312
1.419
1.467
1.5152
1.569
1.6069
1.5944
1.6013
1.596
1.5724
1.5304
1.5006
1.4509
1.4243
1.4192
1.4337
1.4706
1.5741
1.6099
1.6032
1.6041
1.606
1.5728
1.5314
1.5087
1.4976
1.455
1.4295
1.4382
1.4819
1.5293
1.5809
1.6144
1.606
1.6154
1.6049
1.5773
1.5344
1.5045
1.4661
1.4367
1.4286
1.4427
1.5385
1.5895
1.6212
1.6124
1.6152
1.6215
1.4837
1.4584
1.4481
1.5047
1.5439
1.5968
1.6283
1.6223
1.6409
1.6272
1.6007
1.5569
1.5336
1.485
1.453
1.4472
1.4637
1.5077
1.6101
1.6332
1.6268
1.6305
1.6405
1.6028
1.558
1.5368
1.5242
1.4892
1.4517
1.4642
1.5075
1.5559
1.6154
1.6416
1.6349
1.6446
1.6394
1.6219
1.5739
1.5402
1.4965
1.4736
1.4753
1.4783
1.5625
1.6107
1.6441
1.6457
1.6381
1.6317
1.4995
1.4736
1.456
1.509
1.5582
1.6161
1.6347
1.618
1.6352
1.6315
1.6129
1.5576
1.5304
1.4719
1.455
1.4582
1.4603
1.4965
1.5473
1.6332
1.6304
1.6223
1.627
1.6187
1.5578
1.5383
1.516
1.468
1.4444
1.4672
1.5012
1.5409
1.5945
1.6212
1.6305
1.6236
1.6077
1.5824
1.5462
1.5255
1.4642
1.4309
1.4224
1.4427
1.5525
1.59
1.6167
1.6065
1.6015
1.6017
1.5432
1.513
1.504
1.5351
1.5632
1.6064
1.6381
1.6358
1.6313
1.6118
1.5797
1.5396
1.5325
1.462
1.4352
1.431
1.4515
1.504
1.5758
1.5989
1.5932
1.6037
1.6251
1.6062
1.5199
1.5019
1.4987
1.4693
1.428
1.4314
1.4775
1.5366
1.5942
1.6
1.5855
1.6039
1.6071
1.5818
1.5233
1.5015
1.4485
1.4397
1.4303
1.4327
1.474
1.5825
1.6219
1.606
1.6007
1.6062
1.47
1.4307
1.4194
1.4339
1.539
1.5887
1.5925
1.5788
1.5876
1.6
1.56
1.5019
1.4828
1.4702
1.4348
1.4277
1.411
1.4526
1.5038
1.5584
1.5861
1.5621
1.5664
1.5559
1.5321
1.4946
1.4601
1.3965
1.3774
1.3851
1.3967
1.4192
1.464
1.5308
1.5424
1.539
1.5255
1.5162
1.4929
1.446
1.4175
1.3697
1.354
1.3532
1.3772
1.4507
1.4969
1.5224
1.5199
1.5389
1.4393
1.4279
1.4444
1.4532
1.5321
1.584
1.6157
1.6305
1.6185
1.6073
1.5807
1.5441
1.5407
1.5057
1.4442
1.4434
1.4785
1.5314
1.5584
1.6285
1.6274
1.6555
1.6592
1.6266
1.5445
1.5344
1.5379
1.486
1.4515
1.4744
1.5242
1.5945
1.6249
1.6309
1.6238
1.6478
1.6521
1.5949
1.5456
1.5332
1.4884
1.4751
1.4483
1.4655
1.5152
1.5672
1.6487
1.6212
1.6259
1.6356
1.4607
1.4404
1.4363
1.4567
1.5552
1.5994
1.6125
1.6034
1.6124
1.6077
1.5694
1.5274
1.5152
1.4929
1.4357
1.4299
1.4537
1.5004
1.5507
1.6041
1.6084
1.614
1.6182
1.609
1.5782
1.5231
1.5023
1.4567
1.4406
1.4417
1.5021
1.5524
1.603
1.6217
1.6116
1.617
1.6122
1.579
1.5424
1.5276
1.5049
1.4438
1.4419
1.4646
1.506
1.5525
1.6236
1.6174
1.6281
1.6283
1.4886
1.4843
1.4811
1.4869
1.5861
1.6418
1.6684
1.6547
1.6459
1.6493
1.6135
1.5852
1.5621
1.5315
1.4879
1.476
1.5119
1.5413
1.5831
1.6317
1.6553
1.672
1.6583
1.6424
1.6067
1.5662
1.5439
1.4856
1.4663
1.4674
1.498
1.6065
1.6396
1.651
1.6487
1.66
1.6523
1.6077
1.5638
1.5546
1.5398
1.5066
1.4635
1.4897
1.5437
1.6043
1.6561
1.6418
1.6547
1.6634
1.4738
1.4554
1.4577
1.4912
1.5542
1.6334
1.6463
1.6427
1.6628
1.6761
1.6015
1.5659
1.5559
1.546
1.5072
1.4672
1.4937
1.5424
1.6062
1.6542
1.6414
1.6495
1.6564
1.6639
1.6229
1.5569
1.5319
1.4937
1.4918
1.4813
1.5503
1.6005
1.657
1.6787
1.6589
1.6632
1.6536
1.6257
1.5882
1.5674
1.542
1.485
1.4982
1.5205
1.5527
1.605
1.6703
1.6797
1.6786
1.6711
1.4888
1.5214
1.5617
1.6512
1.771
1.951
1.9643
1.9441
1.9422
1.8953
1.8421
1.7822
1.7477
1.7027
1.6379
1.5947
1.6041
1.6343
1.6748
1.7144
1.6853
1.6801
1.672
1.6551
1.6148
1.5584
1.528
1.4845
1.4684
1.4699
1.5464
1.5915
1.6381
1.6444
1.6373
1.6463
1.6268
1.5863
1.5434
1.5319
1.4648
1.4438
1.4445
1.4725
1.5209
1.5705
1.6189
1.6122
1.6251
1.6294
1.4605
1.4526
1.4579
1.5019
1.5462
1.6253
1.6334
1.6382
1.6637
1.6491
1.5827
1.5488
1.5473
1.5321
1.4777
1.4558
1.4802
1.5381
1.594
1.62
1.6257
1.6345
1.6502
1.6356
1.5767
1.5415
1.497
1.4717
1.4492
1.4346
1.4642
1.516
1.6225
1.6195
1.6047
1.614
1.6092
1.5619
1.5066
1.4909
1.4601
1.4183
1.4104
1.4256
1.4663
1.5134
1.5565
1.5518
1.5527
1.551
1.4217
1.375
1.3785
1.4093
1.4586
1.5666
1.5715
1.5657
1.5745
1.576
1.5282
1.4967
1.497
1.464
1.4292
1.4314
1.4474
1.4995
1.5542
1.6045
1.6195
1.6214
1.6281
1.6161
1.5795
1.5578
1.5057
1.4708
1.459
1.4714
1.5173
1.5994
1.6435
1.648
1.6611
1.678
1.6377
1.5996
1.5704
1.5775
1.5447
1.477
1.4834
1.5201
1.587
1.6274
1.6664
1.6632
1.6769
1.6909
1.5235
1.4744
1.4894
1.5227
1.5516
1.6527
1.6542
1.6626
1.6654
1.6452
1.6285
1.5623
1.5666
1.5302
1.4796
1.4637
1.5109
1.5726
1.606
1.6441
1.6472
1.6619
1.6733
1.635
1.5835
1.5509
1.5276
1.4969
1.464
1.4627
1.4954
1.6116
1.657
1.6465
1.6422
1.6534
1.6487
1.5994
1.5524
1.5415
1.5154
1.4884
1.4768
1.4984
1.5497
1.6037
1.6566
1.6452
1.6487
1.6514
1.5434
1.4689
1.4749
1.5126
1.563
1.6281
1.6544
1.6544
1.666
1.6652
1.6583
1.5612
1.5557
1.5235
1.4974
1.498
1.51
1.5627
1.6169
1.6682
1.6699
1.6474
1.6544
1.6394
1.6116
1.5745
1.554
1.4864
1.4789
1.5021
1.5227
1.5593
1.657
1.6658
1.6759
1.6643
1.6547
1.5977
1.5737
1.5752
1.524
1.4843
1.4738
1.5312
1.5803
1.609
1.6493
1.6536
1.6836
1.6711
1.524
1.4884
1.5012
1.5158
1.5567
1.6561
1.6628
1.6632
1.6546
1.6474
1.6298
1.5565
1.5415
1.4955
1.4594
1.447
1.4912
1.5344
1.5773
1.6202
1.6212
1.6384
1.6326
1.6118
1.5692
1.5366
1.4987
1.4622
1.4511
1.4624
1.4997
1.5531
1.6418
1.6367
1.632
1.6426
1.6446
1.5782
1.5477
1.5398
1.5
1.4715
1.4616
1.4993
1.5488
1.6034
1.6502
1.6437
1.6441
1.6422
1.5119
1.4504
1.4541
1.488
1.5437
1.597
1.6275
1.6152
1.6064
1.5855
1.5404
1.4282
1.4067
1.3596
1.3304
1.32
1.3212
1.3493
1.4035
1.5059
1.5854
1.6407
1.6724
1.6669
1.6598
1.6748
1.7363
1.7881
1.7976
1.8006
1.8216
1.8552
1.8914
1.9004
1.8781
1.8595
1.8312
1.7851
1.6703
1.6444
1.5895
1.5458
1.5225
1.5525
1.5835
1.6206
1.6559
1.6491
1.6666
1.6452
1.4849
1.4588
1.4535
1.4772
1.5287
1.5803
1.6381
1.6247
1.6219
1.6178
1.6015
1.5447
1.5201
1.4747
1.4466
1.4419
1.4644
1.5351
1.5807
1.617
1.6146
1.632
1.6155
1.5895
1.5484
1.527
1.5306
1.4367
1.4284
1.4421
1.4845
1.5482
1.5818
1.6054
1.6071
1.6223
1.6274
1.5861
1.5064
1.501
1.474
1.4481
1.4185
1.4631
1.5147
1.5728
1.6105
1.591
1.597
1.594
1.3827
1.3485
1.3585
1.3988
1.4498
1.4802
1.5124
1.5117
1.5338
1.5327
1.4939
1.4526
1.4275
1.4048
1.3733
1.3538
1.363
1.453
1.519
1.5475
1.5351
1.5377
1.5561
1.5441
1.4886
1.4582
1.4468
1.4014
1.4012
1.3934
1.4267
1.4779
1.5329
1.5822
1.5702
1.5799
1.5837
1.5694
1.5104
1.4867
1.4474
1.4239
1.4209
1.4745
1.5145
1.5672
1.6088
1.6146
1.6217
1.6107
1.4961
1.4841
1.4648
1.4978
1.5501
1.6071
1.6523
1.6296
1.6358
1.6309
1.6109
1.5816
1.5242
1.4843
1.4594
1.4577
1.4785
1.5411
1.5929
1.6292
1.6287
1.636
1.6221
1.5983
1.5546
1.5364
1.5259
1.4757
1.4389
1.4532
1.4989
1.5445
1.5902
1.6152
1.6214
1.6332
1.6232
1.5966
1.5282
1.5186
1.4777
1.4453
1.4346
1.4875
1.5413
1.593
1.6223
1.6137
1.6214
1.6195
1.4764
1.4502
1.4532
1.4963
1.5434
1.5925
1.6247
1.6304
1.6386
1.6292
1.6022
1.5559
1.5235
1.4789
1.447
1.4393
1.4554
1.5516
1.603
1.6322
1.6245
1.6268
1.632
1.6043
1.5557
1.5347
1.5259
1.4535
1.443
1.4579
1.5025
1.5527
1.6052
1.627
1.6289
1.6364
1.6309
1.606
1.5398
1.5263
1.4805
1.453
1.4496
1.5049
1.5563
1.6086
1.639
1.6365
1.6386
1.6324
1.4708
1.449
1.4511
1.4916
1.5422
1.5983
1.6332
1.6304
1.6401
1.6319
1.6062
1.5621
1.525
1.4764
1.4502
1.4464
1.4586
1.4987
1.6058
1.6364
1.6281
1.6285
1.627
1.6017
1.5614
1.5445
1.5282
1.456
1.4487
1.468
1.5104
1.5559
1.6082
1.6311
1.6401
1.6441
1.6335
1.6064
1.5424
1.5334
1.4888
1.4609
1.4526
1.5111
1.5674
1.62
1.6461
1.6354
1.6382
1.6396
1.4138
1.4374
1.4714
1.5225
1.603
1.7112
1.8166
1.9373
1.9557
1.9399
1.9002
1.8413
1.8051
1.7226
1.6834
1.6606
1.6585
1.6827
1.7419
1.7507
1.7286
1.7217
1.7144
1.6454
1.5867
1.5574
1.5377
1.4892
1.4513
1.4695
1.5115
1.5617
1.6174
1.6287
1.635
1.642
1.6326
1.6028
1.555
1.5167
1.4665
1.4423
1.4384
1.4515
1.5422
1.5938
1.621
1.6142
1.6146
1.6144
1.4704
1.4423
1.4496
1.4909
1.5409
1.5947
1.6178
1.6079
1.6197
1.614
1.5846
1.5375
1.5218
1.4575
1.4367
1.428
1.4419
1.4834
1.5846
1.6124
1.6037
1.6079
1.611
1.5655
1.5195
1.5047
1.4897
1.4429
1.4177
1.4361
1.4744
1.5207
1.5726
1.5968
1.5951
1.5955
1.5844
1.5503
1.5059
1.473
1.423
1.3971
1.3883
1.4039
1.4937
1.5404
1.5638
1.5486
1.5488
1.5409
1.3907
1.3725
1.372
1.429
1.4796
1.536
1.5614
1.5563
1.5735
1.5674
1.54
1.4995
1.489
1.4254
1.4059
1.4037
1.4267
1.4766
1.521
1.5998
1.5959
1.6077
1.6155
1.6009
1.5287
1.5149
1.5021
1.4607
1.4376
1.4573
1.5044
1.5582
1.612
1.6304
1.6277
1.6334
1.6292
1.5994
1.5554
1.5248
1.4826
1.4663
1.459
1.4785
1.5762
1.6298
1.6516
1.6396
1.6454
1.6409
1.4989
1.4697
1.4661
1.5347
1.593
1.6337
1.6452
1.6371
1.6546
1.6502
1.6062
1.5593
1.5495
1.4918
1.4772
1.4577
1.4753
1.5239
1.6354
1.6547
1.6365
1.6426
1.6491
1.639
1.5717
1.5449
1.5242
1.4796
1.4614
1.4845
1.5235
1.5756
1.6275
1.6497
1.6482
1.6459
1.6364
1.6043
1.5685
1.53
1.4832
1.4657
1.4612
1.4957
1.5417
1.632
1.6435
1.6365
1.66
1.6611
1.4931
1.4798
1.488
1.5321
1.5891
1.6409
1.669
1.6666
1.6622
1.6572
1.6189
1.5874
1.5747
1.4927
1.4764
1.4751
1.512
1.5492
1.5854
1.6493
1.6486
1.6714
1.6649
1.6463
1.5711
1.5614
1.5469
1.4897
1.4665
1.4665
1.5445
1.5981
1.633
1.6461
1.6405
1.6566
1.6392
1.5906
1.5495
1.539
1.485
1.4552
1.441
1.467
1.5154
1.6319
1.6381
1.6272
1.6412
1.6461
1.4972
1.4768
1.4792
1.5034
1.6054
1.6386
1.6577
1.6534
1.6615
1.6572
1.612
1.5734
1.5614
1.5432
1.483
1.4721
1.4995
1.548
1.6056
1.666
1.6566
1.6684
1.6722
1.6718
1.5874
1.5724
1.5432
1.4972
1.4897
1.4847
1.5518
1.6064
1.6529
1.6686
1.6426
1.6052
1.5653
1.5074
1.4573
1.4149
1.3279
1.3148
1.3137
1.3178
1.3287
1.4644
1.5488
1.5863
1.6105
1.6172
1.4807
1.4644
1.4575
1.4772
1.5666
1.6163
1.6313
1.6212
1.6262
1.6146
1.5835
1.5428
1.5269
1.5015
1.4434
1.4468
1.476
1.519
1.5666
1.6275
1.6244
1.6298
1.6281
1.614
1.5735
1.5336
1.5034
1.4592
1.4399
1.4393
1.5173
1.5657
1.6197
1.6305
1.6223
1.6324
1.615
1.5775
1.5381
1.5299
1.4624
1.4451
1.4457
1.4691
1.5177
1.6215
1.6257
1.6182
1.6268
1.6289
1.4444
1.4265
1.4254
1.4509
1.5381
1.5839
1.5887
1.5792
1.5889
1.5638
1.5201
1.4772
1.4732
1.4487
1.4007
1.3799
1.4024
1.4492
1.507
1.5445
1.5387
1.5454
1.5554
1.549
1.4519
1.4498
1.42
1.392
1.3851
1.3707
1.4382
1.4852
1.5467
1.558
1.543
1.5548
1.5411
1.5182
1.4732
1.455
1.4307
1.383
1.4033
1.4177
1.4545
1.5068
1.5769
1.5865
1.5799
1.5765
1.5014
1.4858
1.473
1.5025
1.6052
1.6669
1.6671
1.6519
1.6622
1.648
1.617
1.5692
1.5567
1.5308
1.4873
1.4985
1.5113
1.5531
1.6032
1.6675
1.6628
1.6553
1.6527
1.6356
1.5955
1.5565
1.5171
1.4789
1.4654
1.468
1.5525
1.5938
1.6448
1.6512
1.6478
1.6531
1.6289
1.5885
1.5518
1.5507
1.4727
1.4541
1.459
1.4871
1.5454
1.5992
1.6339
1.632
1.6403
1.6557
1.4738
1.459
1.4652
1.5053
1.5844
1.6264
1.6275
1.6399
1.6613
1.6463
1.5863
1.552
1.5514
1.5212
1.4734
1.4652
1.4974
1.5599
1.605
1.6403
1.642
1.6501
1.6621
1.6335
1.5859
1.5599
1.5222
1.4935
1.4663
1.4655
1.5002
1.6054
1.6585
1.6493
1.6412
1.6508
1.6489
1.6112
1.5681
1.5634
1.5297
1.491
1.4901
1.5094
1.561
1.6112
1.6572
1.6649
1.6664
1.6667
1.5145
1.4832
1.4826
1.5169
1.5651
1.6692
1.6589
1.6555
1.6669
1.6656
1.6116
1.5681
1.5606
1.5244
1.491
1.4864
1.5139
1.5657
1.6135
1.6619
1.6611
1.6628
1.6651
1.6502
1.6184
1.5846
1.5265
1.4931
1.4766
1.4959
1.5297
1.6197
1.6697
1.6682
1.6791
1.6808
1.6652
1.602
1.5704
1.5696
1.5259
1.488
1.4847
1.5239
1.584
1.6178
1.6568
1.6576
1.6804
1.6823
1.7391
1.7873
1.8417
1.8711
1.9004
1.9641
1.9506
1.9414
1.9141
1.879
1.7807
1.7333
1.7131
1.6478
1.597
1.5662
1.5975
1.6371
1.6606
1.6894
1.6802
1.6979
1.6862
1.6514
1.6067
1.5752
1.5432
1.4989
1.4757
1.4807
1.5119
1.6247
1.6529
1.6444
1.6459
1.6532
1.6557
1.5797
1.543
1.539
1.504
1.4822
1.462
1.4959
1.5464
1.593
1.6441
1.6272
1.6411
1.6384
1.5109
1.447
1.4564
1.4877
1.5458
1.6264
1.6221
1.62
1.6294
1.6367
1.6154
1.5267
1.5212
1.4884
1.4676
1.4477
1.4777
1.5282
1.581
1.6296
1.6157
1.6041
1.6107
1.5897
1.555
1.5143
1.4995
1.4243
1.4245
1.4387
1.4569
1.4997
1.5842
1.591
1.5874
1.5809
1.5765
1.5017
1.479
1.4665
1.4147
1.3815
1.3817
1.4265
1.4614
1.4989
1.5377
1.5291
1.5503
1.5323
1.4269
1.3994
1.4067
1.4316
1.483
1.5782
1.5962
1.5953
1.5953
1.5947
1.5409
1.5299
1.5132
1.4669
1.4425
1.434
1.5019
1.5381
1.5867
1.6328
1.626
1.6555
1.6418
1.6206
1.5788
1.5546
1.5167
1.4738
1.4661
1.4772
1.516
1.6255
1.6531
1.6523
1.6542
1.6667
1.6441
1.5944
1.5726
1.5649
1.527
1.4787
1.489
1.5291
1.5769
1.6365
1.6737
1.6568
1.6651
1.6587
1.5145
1.4657
1.4738
1.5167
1.578
1.6155
1.6441
1.6412
1.6551
1.6587
1.6214
1.5574
1.5454
1.5145
1.486
1.4616
1.5115
1.5591
1.626
1.6636
1.6478
1.6467
1.6516
1.6384
1.5863
1.5524
1.548
1.4759
1.4759
1.4742
1.5075
1.5627
1.6577
1.6583
1.6461
1.6506
1.6486
1.5899
1.5677
1.546
1.501
1.4742
1.4882
1.524
1.5642
1.6127
1.6491
1.6471
1.6589
1.648
1.5077
1.4629
1.4631
1.4982
1.5469
1.5983
1.6249
1.6242
1.6305
1.6238
1.5998
1.5385
1.5291
1.4841
1.4558
1.4466
1.4629
1.5539
1.6107
1.6471
1.6435
1.6546
1.6459
1.6197
1.5726
1.546
1.5407
1.4637
1.4549
1.4667
1.5122
1.5644
1.6491
1.6414
1.6476
1.6622
1.6525
1.5812
1.5572
1.552
1.521
1.4828
1.4676
1.5246
1.5835
1.6424
1.6604
1.6532
1.6651
1.6703
1.5107
1.4725
1.4736
1.5057
1.5289
1.5527
1.5398
1.528
1.5184
1.4877
1.4404
1.3545
1.3418
1.3311
1.3555
1.416
1.4845
1.6045
1.6669
1.7279
1.7714
1.8522
1.9862
1.9744
1.9191
1.8809
1.8482
1.7449
1.7176
1.7114
1.7341
1.7633
1.7931
1.771
1.7579
1.753
1.7316
1.6898
1.5914
1.5638
1.5087
1.4747
1.4637
1.5115
1.5593
1.6105
1.6429
1.6371
1.6411
1.6328
1.4925
1.4828
1.4667
1.512
1.5595
1.6154
1.629
1.6319
1.6441
1.6367
1.6189
1.5756
1.525
1.483
1.4588
1.47
1.4826
1.5567
1.6088
1.6411
1.6486
1.6399
1.6335
1.6019
1.5595
1.5512
1.5254
1.4787
1.4477
1.4704
1.5205
1.5522
1.5968
1.6184
1.6384
1.6422
1.6155
1.5899
1.5233
1.5244
1.4757
1.4348
1.4288
1.4824
1.5439
1.5812
1.5972
1.5891
1.5904
1.6037
1.366
1.3495
1.3724
1.4061
1.4395
1.4877
1.5139
1.5315
1.5336
1.5162
1.4895
1.4466
1.4344
1.3877
1.3634
1.3626
1.3765
1.4839
1.5227
1.5467
1.5428
1.5484
1.5672
1.5246
1.4796
1.4685
1.4567
1.425
1.3894
1.4117
1.4607
1.5135
1.5794
1.5992
1.591
1.5992
1.5949
1.5803
1.5284
1.501
1.4543
1.4399
1.4466
1.4522
1.5507
1.6024
1.6384
1.6396
1.6319
1.6279
1.5004
1.4708
1.4715
1.5147
1.566
1.627
1.6384
1.6334
1.6382
1.6335
1.6088
1.5533
1.5171
1.4721
1.4622
1.4569
1.4586
1.5546
1.6065
1.6409
1.6281
1.6184
1.6253
1.5889
1.558
1.5312
1.5096
1.4685
1.4455
1.4775
1.5092
1.5518
1.603
1.6274
1.6412
1.6335
1.6221
1.5927
1.5396
1.5252
1.4695
1.4479
1.4455
1.4644
1.5653
1.6067
1.6328
1.6264
1.6347
1.6347
1.4843
1.4579
1.4811
1.507
1.5503
1.6013
1.6253
1.6379
1.63
1.6199
1.5895
1.5484
1.5413
1.474
1.4549
1.4515
1.4717
1.5325
1.624
1.6506
1.6422
1.6529
1.6688
1.6077
1.5634
1.5477
1.5422
1.5036
1.4579
1.4809
1.5252
1.5855
1.6392
1.6416
1.6527
1.6579
1.6585
1.6202
1.5636
1.5287
1.4888
1.4817
1.4678
1.4817
1.5797
1.633
1.6622
1.6433
1.6437
1.6364
1.5194
1.4884
1.4824
1.5297
1.5728
1.5912
1.5779
1.555
1.5272
1.5051
1.4359
1.3718
1.3495
1.323
1.3457
1.3864
1.4522
1.5255
1.6414
1.6941
1.7258
1.8016
1.8831
1.9182
1.8625
1.8256
1.7918
1.7339
1.7033
1.7093
1.7286
1.7596
1.7886
1.7927
1.7661
1.7515
1.729
1.6801
1.6305
1.5657
1.5027
1.4796
1.4749
1.5055
1.5852
1.6332
1.6555
1.6463
1.6656
1.6677
1.4684
1.4534
1.4612
1.5051
1.5615
1.6159
1.6375
1.6373
1.6274
1.617
1.582
1.5527
1.5435
1.4625
1.446
1.4423
1.4792
1.5239
1.6109
1.6253
1.6197
1.6401
1.6324
1.6105
1.5372
1.5282
1.5175
1.4625
1.4365
1.4577
1.5104
1.5674
1.603
1.6122
1.6146
1.629
1.6199
1.5704
1.5314
1.4914
1.4605
1.4367
1.4205
1.4459
1.5432
1.6019
1.6079
1.5891
1.5962
1.5872
1.3817
1.3649
1.366
1.4397
1.4912
1.5327
1.5464
1.5415
1.5666
1.5509
1.506
1.4702
1.4569
1.4084
1.3862
1.3808
1.4057
1.4496
1.5675
1.5745
1.5651
1.5803
1.5837
1.549
1.4982
1.4835
1.4631
1.4252
1.4226
1.4357
1.4843
1.5379
1.5921
1.6191
1.6088
1.6142
1.605
1.5737
1.5462
1.5014
1.465
1.4496
1.4556
1.4894
1.5683
1.6219
1.6394
1.6452
1.6591
1.6489
1.4824
1.4796
1.471
1.5325
1.582
1.6347
1.6585
1.6424
1.6471
1.6309
1.5968
1.566
1.5445
1.4738
1.4582
1.4715
1.4993
1.527
1.6277
1.6354
1.6392
1.6456
1.6356
1.6199
1.5475
1.549
1.5149
1.4646
1.4502
1.4826
1.5424
1.5799
1.6199
1.6347
1.645
1.6562
1.6279
1.5854
1.5501
1.5164
1.4781
1.4481
1.4505
1.4826
1.5282
1.6358
1.6386
1.6311
1.6409
1.6459
1.4721
1.4562
1.4532
1.4865
1.5767
1.6236
1.6335
1.6277
1.6495
1.6275
1.5893
1.5539
1.548
1.5351
1.4624
1.4633
1.4929
1.5465
1.6094
1.648
1.6439
1.6517
1.6566
1.651
1.5569
1.5518
1.5201
1.4897
1.4828
1.4712
1.5486
1.5962
1.6517
1.6604
1.645
1.6564
1.6431
1.6197
1.5788
1.5567
1.4854
1.4719
1.4895
1.5089
1.549
1.6441
1.6626
1.6709
1.6662
1.6609
1.4787
1.4423
1.4052
1.4072
1.461
1.4955
1.4689
1.4286
1.4213
1.3791
1.3572
1.3463
1.3797
1.4082
1.419
1.4417
1.4856
1.5762
1.6911
1.8964
1.9364
1.9394
1.9332
1.9137
1.8681
1.8066
1.7513
1.6928
1.6604
1.6457
1.6981
1.7258
1.7603
1.7507
1.7395
1.7202
1.684
1.6369
1.5919
1.5863
1.5083
1.4822
1.4849
1.5105
1.5696
1.6255
1.6583
1.6534
1.6587
1.669
1.4747
1.4594
1.465
1.5059
1.588
1.6365
1.636
1.6373
1.6523
1.621
1.5846
1.5462
1.5454
1.5141
1.4481
1.4541
1.4849
1.5501
1.5987
1.6373
1.635
1.6439
1.6557
1.6274
1.5404
1.5353
1.5057
1.4772
1.4502
1.4772
1.5246
1.5814
1.6317
1.6229
1.6169
1.6272
1.621
1.5825
1.5342
1.5265
1.4509
1.4498
1.446
1.4627
1.512
1.6097
1.623
1.6049
1.6015
1.6028
1.4085
1.3797
1.38
1.4108
1.4582
1.5698
1.5615
1.5595
1.573
1.567
1.5207
1.477
1.4725
1.4402
1.4174
1.4106
1.434
1.4852
1.5355
1.6082
1.5915
1.5966
1.6002
1.585
1.5555
1.5098
1.4753
1.4421
1.4301
1.4528
1.5233
1.5713
1.615
1.6253
1.6437
1.6322
1.6193
1.5829
1.5499
1.5567
1.4684
1.4609
1.4693
1.5098
1.5722
1.6487
1.6559
1.6534
1.6769
1.6825
1.4914
1.4802
1.5038
1.525
1.6084
1.6551
1.6598
1.6742
1.6666
1.6345
1.5938
1.5651
1.5694
1.521
1.4774
1.4755
1.521
1.5709
1.6022
1.6497
1.651
1.6754
1.6694
1.6335
1.5904
1.5569
1.5424
1.4944
1.4648
1.47
1.506
1.6262
1.6557
1.6499
1.6504
1.6572
1.6568
1.5975
1.5589
1.5531
1.5177
1.4852
1.4725
1.5055
1.5582
1.6075
1.6634
1.6506
1.6639
1.6654
1.4965
1.4702
1.4766
1.5066
1.5672
1.6463
1.6401
1.6452
1.6534
1.6671
1.5897
1.5552
1.5458
1.5109
1.4985
1.4738
1.5141
1.5679
1.6197
1.6808
1.6591
1.6696
1.6682
1.6544
1.6244
1.5737
1.5299
1.4912
1.4914
1.5077
1.5195
1.6191
1.66
1.6797
1.6821
1.669
1.6622
1.6017
1.5927
1.5799
1.5285
1.4959
1.4959
1.5501
1.5861
1.6259
1.6647
1.6729
1.6982
1.6746
1.4886
1.4882
1.48
1.4747
1.4987
1.53
1.5507
1.5165
1.4847
1.4605
1.4224
1.3559
1.3388
1.3287
1.3495
1.3902
1.45
1.5591
1.6317
1.7266
1.7826
1.8691
1.9739
1.9641
1.9182
1.8754
1.8728
1.7502
1.7194
1.7117
1.7269
1.7789
1.8014
1.7935
1.7811
1.7804
1.783
1.6615
1.6159
1.5959
1.5677
1.5456
1.51
1.5454
1.5895
1.6474
1.69
1.6709
1.6677
1.6709
1.5098
1.4625
1.4685
1.5083
1.573
1.645
1.6442
1.6441
1.6619
1.6632
1.578
1.5486
1.5366
1.5169
1.4899
1.4609
1.5045
1.5509
1.6161
1.6506
1.6337
1.6461
1.6439
1.6354
1.5801
1.5385
1.492
1.4689
1.4727
1.4618
1.4907
1.5934
1.6409
1.6439
1.6266
1.6287
1.6073
1.5745
1.5469
1.5209
1.4774
1.4331
1.4577
1.4882
1.5214
1.5713
1.6082
1.6187
1.6135
1.5979
1.4057
1.3866
1.3776
1.4095
1.4642
1.5617
1.5582
1.5484
1.56
1.5597
1.5392
1.4787
1.461
1.4239
1.3973
1.3943
1.4442
1.4877
1.5454
1.5852
1.5912
1.5994
1.5929
1.5788
1.5355
1.5218
1.521
1.434
1.4297
1.4372
1.4894
1.5426
1.6139
1.6142
1.6259
1.6538
1.6418
1.5722
1.5484
1.5447
1.5188
1.4777
1.461
1.5195
1.5824
1.6456
1.6649
1.6527
1.6643
1.6731
1.5197
1.4828
1.4888
1.5415
1.582
1.663
1.6555
1.6609
1.6834
1.6649
1.6358
1.5709
1.5642
1.5293
1.4864
1.4708
1.5248
1.579
1.6324
1.6609
1.6521
1.666
1.6649
1.6388
1.5904
1.567
1.515
1.4886
1.4749
1.4811
1.5207
1.6238
1.6641
1.6553
1.6538
1.6622
1.6572
1.5932
1.567
1.5555
1.5111
1.4802
1.4841
1.5192
1.5679
1.6202
1.6589
1.6547
1.6609
1.6587
1.5344
1.4972
1.5051
1.5434
1.5932
1.6456
1.6681
1.6681
1.6757
1.6714
1.6521
1.576
1.5696
1.5257
1.4967
1.4886
1.4967
1.5792
1.6292
1.6626
1.6557
1.6525
1.6497
1.6232
1.5801
1.5561
1.545
1.4772
1.4717
1.4901
1.5329
1.5822
1.6746
1.6696
1.6756
1.6806
1.6735
1.6484
1.5728
1.566
1.522
1.4916
1.4834
1.5362
1.5895
1.6418
1.6746
1.6667
1.6754
1.6705
1.5254
1.4864
1.5006
1.5405
1.5902
1.645
1.6731
1.6793
1.6844
1.6714
1.6388
1.5677
1.5629
1.5173
1.4879
1.4774
1.4888
1.5597
1.5867
1.5921
1.5638
1.548
1.5077
1.4577
1.3919
1.3604
1.3457
1.3266
1.3654
1.4447
1.5272
1.5899
1.6467
1.7292
1.7959
1.8842
1.9478
1.9622
1.8887
1.8668
1.807
1.7667
1.7431
1.7624
1.7965
1.8272
1.8349
1.8062
1.7777
1.7558
1.5042
1.465
1.479
1.5199
1.5694
1.6249
1.6489
1.6534
1.6579
1.6516
1.6259
1.5773
1.5409
1.4963
1.4744
1.4678
1.4781
1.5675
1.6208
1.6581
1.6504
1.6506
1.6465
1.6219
1.5812
1.5572
1.54
1.4963
1.4652
1.4839
1.5201
1.5664
1.6197
1.6486
1.6534
1.6497
1.6394
1.6163
1.5539
1.5449
1.495
1.4682
1.4614
1.5244
1.5711
1.6204
1.6502
1.6405
1.6456
1.6397
1.426
1.3973
1.4106
1.4395
1.4849
1.5364
1.564
1.5683
1.5664
1.5591
1.5375
1.4813
1.4648
1.4123
1.3905
1.3894
1.4114
1.4991
1.5426
1.5722
1.5655
1.5773
1.5747
1.5424
1.4999
1.4789
1.4766
1.4031
1.3969
1.4168
1.4599
1.5255
1.5784
1.5899
1.5983
1.6075
1.6144
1.5835
1.5113
1.4995
1.4558
1.4455
1.4309
1.4916
1.5439
1.6022
1.6381
1.6193
1.6364
1.6279
1.5235
1.488
1.497
1.5428
1.6064
1.6459
1.6624
1.6647
1.6718
1.6712
1.6298
1.5782
1.5458
1.5124
1.4967
1.4759
1.4905
1.5839
1.6429
1.6699
1.6508
1.6534
1.6501
1.6332
1.584
1.5539
1.54
1.495
1.482
1.4909
1.5237
1.5749
1.6259
1.6615
1.6536
1.6544
1.651
1.6202
1.5683
1.5407
1.4924
1.473
1.465
1.5392
1.572
1.6204
1.6424
1.6381
1.6604
1.6433
1.5143
1.4995
1.5053
1.539
1.5923
1.6472
1.6827
1.6705
1.6737
1.666
1.6347
1.6047
1.5582
1.512
1.4894
1.4807
1.5141
1.5882
1.635
1.6652
1.6624
1.6816
1.657
1.6283
1.5784
1.5619
1.5505
1.4646
1.464
1.4824
1.5381
1.5908
1.6253
1.6448
1.6497
1.6703
1.6589
1.6129
1.5544
1.5437
1.5203
1.494
1.4781
1.5434
1.5957
1.663
1.6752
1.6576
1.6699
1.6632
1.5188
1.4957
1.5081
1.5677
1.6148
1.654
1.6801
1.6776
1.6951
1.6786
1.6392
1.5983
1.5645
1.5267
1.5004
1.4952
1.5186
1.564
1.6613
1.6786
1.6694
1.6746
1.6816
1.6502
1.6002
1.5719
1.5374
1.4678
1.4018
1.4014
1.4232
1.4432
1.4708
1.4404
1.419
1.4119
1.4292
1.47
1.503
1.5182
1.4781
1.477
1.5173
1.6024
1.8321
1.9176
1.9478
1.9343
1.9279
1.9187
1.4965
1.4762
1.4702
1.5323
1.5799
1.633
1.6532
1.642
1.6525
1.6437
1.6155
1.5713
1.5527
1.4858
1.4633
1.462
1.4837
1.5289
1.6294
1.6501
1.6441
1.6491
1.6502
1.6079
1.567
1.5565
1.5387
1.4905
1.4639
1.4879
1.5338
1.5777
1.6264
1.6433
1.6523
1.6576
1.6439
1.6122
1.5535
1.5389
1.4933
1.4685
1.4654
1.4871
1.5816
1.6324
1.6506
1.6407
1.6471
1.6442
1.44
1.4175
1.4102
1.4721
1.516
1.5649
1.5825
1.573
1.5814
1.573
1.5368
1.4918
1.4747
1.4541
1.3879
1.384
1.4048
1.4504
1.5032
1.5552
1.5602
1.5685
1.5762
1.5664
1.5319
1.4905
1.4556
1.4159
1.4007
1.3973
1.4185
1.5165
1.5743
1.5927
1.5803
1.5867
1.5809
1.5514
1.5077
1.4922
1.473
1.4292
1.414
1.437
1.4849
1.5396
1.5966
1.6144
1.6135
1.6197
1.518
1.4991
1.4948
1.5614
1.6095
1.6636
1.6789
1.6684
1.6767
1.6688
1.6367
1.5914
1.5769
1.512
1.4948
1.4927
1.512
1.5555
1.606
1.6759
1.6682
1.6716
1.6756
1.6658
1.5912
1.5782
1.5522
1.5057
1.4864
1.5119
1.5563
1.6041
1.6546
1.6697
1.6703
1.6714
1.6574
1.6214
1.578
1.5675
1.5006
1.4828
1.4802
1.5047
1.5544
1.6544
1.6658
1.6559
1.6619
1.6641
1.5066
1.488
1.489
1.5599
1.6082
1.6583
1.6729
1.6664
1.6757
1.6613
1.6272
1.5893
1.5842
1.5634
1.498
1.4965
1.5207
1.5683
1.6187
1.684
1.6752
1.6847
1.6907
1.6778
1.5989
1.5884
1.564
1.5209
1.5
1.4984
1.5675
1.6195
1.6716
1.6831
1.6737
1.6786
1.6645
1.6197
1.5734
1.5593
1.4931
1.4805
1.4805
1.5029
1.5989
1.6517
1.6639
1.6512
1.6594
1.6669
1.5212
1.5025
1.5019
1.573
1.626
1.6776
1.687
1.6746
1.6872
1.6802
1.645
1.6039
1.5878
1.5599
1.5015
1.5
1.5254
1.5722
1.6236
1.6909
1.6802
1.6859
1.6885
1.6772
1.6422
1.5897
1.5666
1.5269
1.5107
1.5124
1.572
1.6187
1.6705
1.6844
1.6806
1.6894
1.6746
1.6294
1.5719
1.5359
1.4172
1.3787
1.3585
1.36
1.3746
1.3947
1.4159
1.3943
1.4234
1.4886
1.5276
1.5105
1.5124
1.5368
1.6259
1.6756
1.684
1.6754
1.6771
1.6611
1.6176
1.5779
1.5702
1.5392
1.4822
1.4824
1.5119
1.5584
1.6041
1.6649
1.6604
1.669
1.6701
1.6559
1.5795
1.5728
1.5484
1.5029
1.4843
1.5126
1.5593
1.6114
1.6577
1.6636
1.6688
1.6739
1.6611
1.6208
1.585
1.578
1.504
1.4873
1.4879
1.5162
1.5634
1.6652
1.6722
1.6637
1.6737
1.6763
1.4798
1.4594
1.4567
1.4828
1.5805
1.6245
1.6315
1.6217
1.6253
1.6075
1.5674
1.5287
1.519
1.4858
1.426
1.4237
1.4502
1.4955
1.5434
1.5893
1.5848
1.5927
1.591
1.5752
1.4939
1.4834
1.4547
1.4157
1.4048
1.4294
1.4732
1.522
1.573
1.581
1.5805
1.5829
1.5694
1.5302
1.4978
1.4586
1.4172
1.4033
1.407
1.4382
1.5357
1.588
1.597
1.5917
1.6022
1.5863
1.5212
1.5096
1.5141
1.5396
1.6388
1.6885
1.6945
1.6862
1.6947
1.6774
1.6399
1.6039
1.5949
1.5677
1.5285
1.5199
1.5518
1.5996
1.6497
1.7003
1.6934
1.6982
1.6964
1.6829
1.6439
1.5968
1.5687
1.5293
1.5134
1.5137
1.5435
1.6435
1.6932
1.6992
1.6906
1.6986
1.6817
1.6441
1.6088
1.5992
1.5662
1.506
1.5059
1.537
1.5846
1.636
1.6896
1.6812
1.6896
1.6885
1.5177
1.5042
1.5068
1.539
1.6399
1.6874
1.69
1.6868
1.6981
1.699
1.6418
1.6041
1.5975
1.5645
1.5237
1.5104
1.5417
1.5917
1.6454
1.6921
1.6894
1.6992
1.6997
1.6874
1.6461
1.6073
1.5653
1.5254
1.5128
1.5165
1.549
1.6534
1.6992
1.7005
1.6919
1.7009
1.6911
1.654
1.62
1.6107
1.5764
1.5212
1.5285
1.5584
1.6034
1.6547
1.7029
1.7052
1.7125
1.7095
1.5317
1.5195
1.5203
1.5527
1.6037
1.6982
1.6992
1.6941
1.7016
1.702
1.6454
1.6135
1.6082
1.5745
1.5338
1.5246
1.5578
1.6052
1.6547
1.7005
1.7007
1.7102
1.7108
1.6928
1.6508
1.6135
1.5752
1.5366
1.5212
1.5231
1.5572
1.6562
1.7026
1.7069
1.7016
1.7129
1.6936
1.6544
1.621
1.6118
1.5788
1.5235
1.5287
1.563
1.6131
1.6662
1.708
1.7018
1.708
1.7029
1.8008
1.7701
1.7539
1.7686
1.798
1.8507
1.8308
1.8134
1.8152
1.8017
1.7095
1.6572
1.639
1.6019
1.5584
1.5353
1.5642
1.6155
1.6667
1.7069
1.7005
1.7086
1.7065
1.6862
1.642
1.5927
1.5524
1.5167
1.5021
1.5055
1.5891
1.6397
1.6838
1.6778
1.6731
1.6829
1.6662
1.624
1.5854
1.5812
1.51
1.4978
1.5021
1.5329
1.5794
1.6302
1.6784
1.6731
1.6802
1.6784
1.5435
1.4899
1.489
1.5237
1.5728
1.6679
1.6651
1.6585
1.6666
1.6662
1.6092
1.5749
1.5659
1.5244
1.4854
1.4764
1.507
1.555
1.605
1.648
1.6412
1.6463
1.6416
1.621
1.5747
1.5334
1.486
1.4466
1.4354
1.4421
1.5188
1.5659
1.6094
1.6082
1.6019
1.599
1.5756
1.5308
1.4993
1.4961
1.4127
1.3999
1.4024
1.434
1.4854
1.5347
1.5752
1.5726
1.582
1.5844
1.5064
1.4652
1.4768
1.5177
1.5672
1.6606
1.6624
1.6656
1.6741
1.6705
1.6142
1.5893
1.593
1.5563
1.5197
1.5154
1.5554
1.6064
1.6525
1.6986
1.7009
1.711
1.7097
1.6906
1.6495
1.6152
1.572
1.5372
1.5269
1.5381
1.5764
1.6727
1.7121
1.7089
1.7074
1.7166
1.6943
1.6484
1.6176
1.6118
1.5734
1.5306
1.5355
1.5679
1.618
1.6696
1.7114
1.7087
1.7162
1.7104
1.5675
1.5182
1.5209
1.5546
1.6079
1.663
1.6954
1.6928
1.7014
1.6982
1.6814
1.6131
1.6043
1.5627
1.5276
1.5152
1.5615
1.6163
1.6712
1.7147
1.7059
1.7069
1.7035
1.6834
1.642
1.6088
1.5662
1.5319
1.521
1.5314
1.5672
1.6148
1.7151
1.7121
1.7116
1.7157
1.7108
1.6478
1.6184
1.6105
1.5638
1.531
1.5332
1.5722
1.6238
1.6731
1.7121
1.7106
1.7207
1.7136
1.5839
1.54
1.5441
1.575
1.6221
1.6741
1.6984
1.6937
1.6947
1.6922
1.6761
1.6332
1.6009
1.5582
1.5269
1.5171
1.5265
1.6169
1.6711
1.7104
1.7065
1.7151
1.7228
1.6988
1.6523
1.6244
1.6189
1.5389
1.5293
1.5424
1.5816
1.6334
1.6859
1.7142
1.7136
1.7217
1.7204
1.6981
1.6266
1.6174
1.5726
1.5441
1.537
1.5872
1.6367
1.6862
1.7249
1.7157
1.7151
1.7187
1.5555
1.515
1.5227
1.5535
1.5932
1.6281
1.6109
1.5932
1.5893
1.5696
1.5254
1.4275
1.4132
1.3662
1.3454
1.3654
1.4421
1.654
1.723
1.7704
1.7907
1.8398
1.9868
2.0286
2.0211
2.0065
1.9894
1.8882
1.8601
1.8441
1.8552
1.8807
1.9214
1.8932
1.8717
1.8542
1.837
1.7509
1.7057
1.6754
1.62
1.5749
1.5509
1.6095
1.6587
1.7147
1.7479
1.7311
1.7376
1.7251
1.5383
1.5102
1.5212
1.5602
1.6075
1.6585
1.6831
1.6819
1.693
1.6846
1.6587
1.5957
1.5829
1.5349
1.504
1.4931
1.5495
1.5983
1.6493
1.6844
1.6812
1.6853
1.6756
1.6523
1.6092
1.5844
1.5792
1.5149
1.4991
1.5047
1.5464
1.5934
1.6806
1.6746
1.6729
1.6819
1.6836
1.5957
1.5681
1.5563
1.5169
1.4886
1.4699
1.5154
1.5745
1.6309
1.6596
1.6459
1.6437
1.6352
1.4455
1.4157
1.4241
1.4616
1.5132
1.5713
1.6028
1.6011
1.6161
1.6058
1.5764
1.5317
1.507
1.465
1.4447
1.4365
1.4481
1.5495
1.5981
1.626
1.6234
1.6304
1.645
1.618
1.5713
1.551
1.548
1.4822
1.4697
1.4815
1.5237
1.5786
1.6375
1.6742
1.6744
1.6832
1.6799
1.6532
1.593
1.585
1.5439
1.5222
1.5122
1.5713
1.6268
1.6802
1.7127
1.7067
1.7164
1.7131
1.5632
1.5396
1.5426
1.5801
1.6274
1.6847
1.7207
1.7142
1.7174
1.7086
1.6821
1.6371
1.6045
1.5645
1.5417
1.5332
1.5486
1.6373
1.6881
1.7221
1.7116
1.7149
1.7241
1.6874
1.6426
1.6195
1.6041
1.5585
1.524
1.5428
1.5869
1.6332
1.6872
1.7112
1.7146
1.7234
1.7147
1.6844
1.6152
1.602
1.5539
1.5263
1.5227
1.5824
1.6343
1.6892
1.7181
1.7063
1.7099
1.7108
1.5786
1.5512
1.5552
1.5981
1.6482
1.702
1.7307
1.729
1.7395
1.7314
1.7009
1.6555
1.6285
1.5827
1.5525
1.5426
1.5606
1.657
1.7086
1.7361
1.7243
1.7281
1.7262
1.6954
1.6486
1.6221
1.6056
1.5548
1.5169
1.5366
1.5807
1.6302
1.6853
1.7056
1.7089
1.7149
1.7089
1.6857
1.6289
1.6174
1.5689
1.5437
1.5437
1.6041
1.6495
1.6992
1.7254
1.7207
1.7333
1.7226
1.5855
1.5565
1.5591
1.6043
1.6564
1.7099
1.732
1.7251
1.7376
1.7337
1.7046
1.6534
1.6144
1.5681
1.5473
1.5426
1.5578
1.6015
1.6956
1.7168
1.7044
1.705
1.7087
1.6673
1.624
1.605
1.5777
1.5158
1.4376
1.4466
1.4841
1.5231
1.5683
1.5762
1.5822
1.5827
1.5955
1.6354
1.6801
1.7384
1.6988
1.6829
1.6913
1.7414
1.9609
2.0624
2.1079
2.0896
2.0759
2.0307
1.5488
1.5242
1.5383
1.5797
1.6262
1.6754
1.7012
1.7059
1.7063
1.6941
1.6647
1.6225
1.5842
1.5394
1.5164
1.5105
1.5304
1.5767
1.6767
1.7016
1.6922
1.6977
1.7046
1.6621
1.6191
1.6019
1.5889
1.5454
1.5077
1.5295
1.5719
1.6214
1.6767
1.6862
1.6885
1.6919
1.6832
1.657
1.5955
1.5803
1.5344
1.5122
1.5057
1.5664
1.6193
1.6733
1.6939
1.6816
1.6887
1.6761
1.4732
1.4457
1.4324
1.4954
1.5462
1.594
1.6174
1.6045
1.603
1.5949
1.5615
1.518
1.5034
1.4354
1.42
1.4127
1.4247
1.4642
1.5782
1.603
1.5854
1.5876
1.5942
1.5567
1.5158
1.4999
1.4792
1.4369
1.42
1.4427
1.4916
1.5445
1.5972
1.615
1.6189
1.6223
1.6118
1.5775
1.5377
1.5115
1.4695
1.4539
1.4524
1.473
1.5199
1.6238
1.6487
1.6476
1.6622
1.6652
1.5555
1.5344
1.5362
1.6049
1.6589
1.7091
1.7267
1.7196
1.7228
1.7027
1.6652
1.6247
1.621
1.5645
1.5377
1.5321
1.5563
1.6009
1.6442
1.7174
1.705
1.7144
1.7219
1.7106
1.6326
1.6185
1.6028
1.5563
1.5302
1.5443
1.5915
1.6441
1.6911
1.7029
1.7041
1.7069
1.6945
1.6587
1.6176
1.5932
1.5413
1.5195
1.5212
1.5441
1.5885
1.7011
1.7164
1.699
1.7001
1.7011
1.5437
1.5246
1.5192
1.59
1.6407
1.6889
1.708
1.7031
1.7134
1.7057
1.6652
1.6193
1.6107
1.5947
1.5342
1.5323
1.5561
1.5977
1.6459
1.7166
1.7063
1.7117
1.7157
1.7067
1.6752
1.6176
1.6004
1.5557
1.5351
1.5345
1.5957
1.6474
1.6945
1.7052
1.6943
1.6934
1.6838
1.6508
1.6167
1.6058
1.5285
1.5094
1.5075
1.5342
1.5829
1.6382
1.7054
1.6936
1.7005
1.7007
1.5525
1.5366
1.5351
1.5617
1.6512
1.7018
1.7187
1.711
1.7162
1.7114
1.6778
1.6377
1.6229
1.5996
1.5449
1.534
1.5561
1.6047
1.6538
1.7207
1.7108
1.7166
1.7181
1.7102
1.6367
1.6206
1.5822
1.5284
1.5055
1.5252
1.5692
1.6146
1.6596
1.6679
1.6542
1.6364
1.5974
1.5362
1.4751
1.4483
1.3574
1.3367
1.3347
1.3484
1.3851
1.4654
1.699
1.7446
1.7719
1.7815
1.5432
1.5233
1.5186
1.5874
1.6322
1.6812
1.6936
1.6823
1.6898
1.6739
1.6347
1.5934
1.585
1.5632
1.5015
1.5008
1.5282
1.5788
1.6307
1.69
1.675
1.6795
1.6847
1.6778
1.5955
1.5874
1.5621
1.5162
1.4967
1.4922
1.5662
1.6163
1.6694
1.6842
1.6733
1.6799
1.6647
1.6281
1.5876
1.5777
1.5154
1.5012
1.5006
1.5263
1.5743
1.666
1.6765
1.6714
1.6782
1.6778
1.4802
1.4678
1.4648
1.4879
1.575
1.6264
1.6343
1.621
1.6223
1.6019
1.567
1.5289
1.5124
1.4841
1.426
1.4256
1.4522
1.4969
1.5452
1.6064
1.5981
1.6007
1.5998
1.5842
1.5111
1.5025
1.473
1.4322
1.4194
1.4198
1.4927
1.5437
1.5964
1.6064
1.6011
1.6116
1.5992
1.563
1.5224
1.513
1.4472
1.4309
1.4327
1.4612
1.5139
1.6245
1.6274
1.6187
1.6281
1.6358
1.5306
1.5154
1.5184
1.5527
1.645
1.6962
1.7029
1.6962
1.7048
1.6913
1.6534
1.6159
1.6069
1.5769
1.5323
1.5195
1.549
1.5996
1.6491
1.6941
1.6915
1.6994
1.7026
1.6913
1.6504
1.6047
1.5735
1.5314
1.5143
1.5135
1.5921
1.6441
1.6956
1.7009
1.6919
1.6958
1.6763
1.639
1.6011
1.5906
1.561
1.4999
1.5032
1.53
1.578
1.632
1.6802
1.6857
1.6932
1.6936
1.5195
1.5027
1.5008
1.5319
1.633
1.6819
1.6851
1.6782
1.6862
1.675
1.6352
1.5951
1.5857
1.5548
1.5145
1.5077
1.5342
1.5824
1.635
1.6877
1.6862
1.6906
1.6904
1.6793
1.6412
1.6073
1.573
1.5295
1.513
1.5194
1.5979
1.6484
1.6966
1.6979
1.6939
1.699
1.6821
1.6397
1.603
1.5959
1.5227
1.5044
1.5019
1.5278
1.5756
1.6259
1.6782
1.6726
1.6799
1.6795
1.5152
1.5038
1.509
1.5396
1.6369
1.687
1.6892
1.6842
1.6913
1.6881
1.6339
1.5983
1.5908
1.5585
1.5184
1.5045
1.5407
1.594
1.6422
1.6902
1.6872
1.6956
1.6962
1.6776
1.6354
1.59
1.5608
1.5224
1.5034
1.5049
1.5349
1.6369
1.6855
1.6909
1.6853
1.69
1.6836
1.6095
1.5713
1.5642
1.5289
1.4888
1.4665
1.4815
1.5077
1.5332
1.5557
1.5053
1.4905
1.4661
1.5559
1.537
1.5334
1.5584
1.6058
1.6956
1.6917
1.6861
1.6958
1.6954
1.6315
1.5927
1.5835
1.5445
1.5034
1.4925
1.521
1.5711
1.623
1.6682
1.6639
1.6714
1.6705
1.6542
1.611
1.5674
1.5299
1.4903
1.4792
1.4882
1.5207
1.6185
1.6652
1.669
1.6641
1.6694
1.6452
1.6005
1.5698
1.567
1.5319
1.483
1.4854
1.5197
1.5685
1.6178
1.6639
1.6624
1.6741
1.6705
1.477
1.4637
1.4667
1.4952
1.5428
1.6309
1.6294
1.6259
1.6311
1.6272
1.5632
1.5329
1.5252
1.4839
1.4436
1.4339
1.4661
1.5096
1.5544
1.5972
1.5934
1.5962
1.5897
1.5675
1.5242
1.4907
1.4412
1.4018
1.3896
1.3971
1.4277
1.5265
1.5681
1.5668
1.5636
1.5715
1.551
1.5096
1.4783
1.4685
1.4344
1.4033
1.3975
1.4314
1.4802
1.5351
1.5854
1.579
1.5878
1.5855
1.5353
1.4929
1.4982
1.5325
1.5848
1.6855
1.6834
1.6808
1.6892
1.6889
1.6287
1.5981
1.5902
1.5537
1.5214
1.509
1.5539
1.6039
1.657
1.7001
1.6945
1.6997
1.6958
1.6769
1.6334
1.6032
1.5561
1.521
1.5117
1.5197
1.552
1.6544
1.7003
1.6979
1.6947
1.6996
1.6711
1.6289
1.6015
1.5942
1.555
1.5068
1.5154
1.551
1.599
1.6476
1.6911
1.6902
1.6973
1.6906
1.5492
1.5044
1.5107
1.5454
1.5934
1.6461
1.69
1.6862
1.6943
1.6885
1.6681
1.5972
1.5874
1.5447
1.5105
1.5008
1.5497
1.596
1.6457
1.6877
1.6859
1.6861
1.693
1.6748
1.6324
1.6049
1.5998
1.5201
1.5137
1.5235
1.561
1.614
1.6984
1.6971
1.6979
1.7086
1.7046
1.6367
1.6073
1.5992
1.561
1.5265
1.5212
1.5591
1.6107
1.6634
1.7012
1.6958
1.6934
1.6857
1.5602
1.5167
1.5242
1.5612
1.6097
1.6596
1.6951
1.6949
1.7065
1.7016
1.6757
1.6037
1.5964
1.5565
1.5216
1.5094
1.5625
1.6139
1.6669
1.7027
1.6917
1.7016
1.7005
1.6793
1.6341
1.6037
1.5936
1.5248
1.5186
1.53
1.5685
1.6172
1.6692
1.7037
1.7027
1.7134
1.711
1.69
1.6125
1.5998
1.555
1.5216
1.5064
1.543
1.5869
1.6371
1.6799
1.6746
1.6696
1.6551
1.6952
1.6294
1.6242
1.6467
1.6791
1.7172
1.7297
1.7237
1.726
1.7185
1.6954
1.6125
1.5981
1.5555
1.5278
1.5186
1.5649
1.6109
1.6577
1.6902
1.6814
1.6806
1.6763
1.6534
1.6075
1.585
1.5752
1.4991
1.4888
1.5015
1.5441
1.5944
1.6772
1.6727
1.6769
1.6889
1.6802
1.6071
1.5803
1.5739
1.5302
1.4952
1.4984
1.5372
1.5912
1.6435
1.6769
1.6699
1.6765
1.6737
1.5128
1.471
1.4826
1.5233
1.569
1.6184
1.6456
1.6459
1.6525
1.6431
1.6129
1.5439
1.5355
1.489
1.4522
1.4412
1.4532
1.5353
1.5855
1.6167
1.6071
1.6064
1.6035
1.573
1.5259
1.5008
1.4867
1.4085
1.3947
1.405
1.4421
1.4899
1.5765
1.5645
1.5617
1.5677
1.5617
1.4924
1.4627
1.4545
1.4106
1.384
1.3785
1.4275
1.4777
1.5317
1.5707
1.5653
1.5685
1.5662
1.5104
1.4781
1.4918
1.5347
1.5869
1.6431
1.672
1.6772
1.6862
1.6812
1.66
1.6176
1.5829
1.5407
1.5158
1.5109
1.5248
1.6172
1.6709
1.7084
1.702
1.702
1.7057
1.6793
1.6384
1.6137
1.5972
1.5533
1.5199
1.5349
1.5741
1.6208
1.6737
1.6982
1.7033
1.7074
1.6982
1.6705
1.6024
1.5919
1.5467
1.5203
1.5126
1.5259
1.6223
1.6716
1.702
1.6917
1.6928
1.6922
1.5426
1.5164
1.5235
1.5636
1.6112
1.66
1.6894
1.6883
1.6922
1.6834
1.6549
1.6125
1.5951
1.539
1.513
1.5072
1.5233
1.5685
1.6705
1.7003
1.6904
1.6934
1.7016
1.6718
1.6283
1.6052
1.5957
1.5552
1.5194
1.5368
1.5786
1.6287
1.6834
1.7007
1.7035
1.7095
1.7027
1.675
1.6056
1.5932
1.548
1.5246
1.5175
1.531
1.6217
1.6726
1.702
1.6911
1.6926
1.6874
1.5507
1.5205
1.5297
1.5709
1.6212
1.6739
1.6999
1.6947
1.7009
1.6986
1.6722
1.6249
1.5949
1.5477
1.5229
1.5135
1.5299
1.6259
1.6737
1.7007
1.6937
1.7005
1.7009
1.6756
1.6341
1.6125
1.5985
1.5501
1.5212
1.5368
1.5767
1.6285
1.6812
1.7016
1.7052
1.7071
1.6981
1.6686
1.6079
1.5972
1.5509
1.5254
1.5184
1.5749
1.621
1.6735
1.7033
1.6973
1.708
1.6919
1.6757
1.6313
1.6165
1.6459
1.6799
1.7151
1.7252
1.699
1.6964
1.6831
1.6495
1.6075
1.5743
1.5274
1.5027
1.4984
1.5194
1.6122
1.6637
1.6868
1.6752
1.6791
1.6673
1.6369
1.5904
1.5696
1.5539
1.506
1.4745
1.4933
1.5389
1.591
1.6442
1.6613
1.6645
1.6682
1.6576
1.6229
1.567
1.5501
1.5042
1.4815
1.4729
1.5381
1.5895
1.6439
1.6682
1.6549
1.6639
1.657
1.4894
1.4674
1.4796
1.5252
1.5756
1.626
1.6478
1.6365
1.642
1.6319
1.5959
1.5475
1.5259
1.4699
1.4481
1.4421
1.4603
1.5015
1.6047
1.6229
1.608
1.6131
1.6169
1.5713
1.5229
1.5014
1.4819
1.4354
1.4039
1.4166
1.4547
1.5002
1.5525
1.5681
1.5715
1.5741
1.5625
1.5321
1.4901
1.4549
1.41
1.3896
1.3857
1.4044
1.4442
1.5494
1.5705
1.5615
1.5709
1.5741
1.4924
1.4762
1.4736
1.5381
1.591
1.6469
1.6712
1.6645
1.6759
1.6675
1.6382
1.6017
1.5904
1.5295
1.51
1.5057
1.5314
1.5786
1.63
1.7041
1.6947
1.702
1.705
1.6941
1.6176
1.6032
1.5844
1.5381
1.519
1.5344
1.5831
1.633
1.6819
1.7037
1.6939
1.6994
1.6906
1.6568
1.6125
1.5953
1.5355
1.5126
1.507
1.5254
1.5689
1.675
1.6926
1.6802
1.6864
1.6907
1.5225
1.5017
1.4978
1.5685
1.6182
1.6692
1.6859
1.6763
1.6907
1.6784
1.6456
1.6062
1.5912
1.5302
1.5092
1.506
1.5293
1.579
1.6846
1.7018
1.6885
1.6911
1.6962
1.6549
1.6097
1.5968
1.5735
1.5295
1.5107
1.5329
1.5799
1.6277
1.6797
1.7018
1.6906
1.6896
1.6731
1.6392
1.5989
1.5615
1.5171
1.501
1.5017
1.524
1.6197
1.6727
1.6894
1.6834
1.6909
1.6937
1.5486
1.5327
1.5285
1.5953
1.645
1.6982
1.7162
1.7039
1.7106
1.6994
1.6682
1.626
1.6105
1.5475
1.5289
1.5282
1.5503
1.5947
1.6986
1.7121
1.7024
1.7076
1.7099
1.6677
1.6259
1.6137
1.5899
1.5462
1.5263
1.5507
1.5955
1.6416
1.6937
1.7091
1.7117
1.7106
1.6861
1.6307
1.5651
1.4948
1.4333
1.3949
1.3729
1.3755
1.4389
1.4678
1.4697
1.4849
1.5615
1.6412
1.5458
1.527
1.5252
1.5945
1.6405
1.6885
1.6981
1.6883
1.6891
1.6742
1.6399
1.599
1.5902
1.5209
1.5027
1.5032
1.5291
1.5779
1.6791
1.6937
1.6847
1.69
1.6928
1.6791
1.6007
1.5906
1.5657
1.5222
1.5036
1.5014
1.5717
1.6221
1.6746
1.6851
1.6757
1.6849
1.6733
1.6375
1.5955
1.5827
1.5149
1.5008
1.5032
1.5265
1.5749
1.6754
1.6879
1.6821
1.6874
1.6892
1.4931
1.4721
1.4687
1.4916
1.5835
1.636
1.6454
1.636
1.6399
1.6229
1.5814
1.5349
1.524
1.4925
1.4314
1.4297
1.4519
1.4948
1.5419
1.6047
1.5964
1.6
1.6
1.5869
1.5522
1.5158
1.4736
1.429
1.4136
1.4159
1.4436
1.5366
1.587
1.5945
1.5904
1.602
1.5921
1.5544
1.5141
1.5074
1.4811
1.4393
1.4286
1.4586
1.5087
1.5582
1.6073
1.6114
1.621
1.6268
1.5379
1.5257
1.5299
1.5585
1.6517
1.7031
1.7125
1.7071
1.7151
1.7001
1.6607
1.6223
1.6182
1.5869
1.5209
1.5214
1.5505
1.5992
1.6482
1.7056
1.6986
1.7082
1.7097
1.6939
1.6139
1.6032
1.5769
1.5364
1.5194
1.548
1.5949
1.648
1.699
1.7011
1.6977
1.7011
1.69
1.6499
1.6086
1.5985
1.5246
1.5117
1.5096
1.5389
1.5897
1.6898
1.696
1.687
1.6928
1.6919
1.5355
1.5209
1.522
1.5494
1.6516
1.6979
1.6999
1.6947
1.7014
1.6887
1.6493
1.6135
1.6047
1.573
1.5169
1.5135
1.54
1.5857
1.6345
1.684
1.6821
1.6887
1.6862
1.6709
1.6343
1.5977
1.5672
1.5282
1.5162
1.521
1.5975
1.651
1.7027
1.7093
1.7035
1.7063
1.6857
1.6454
1.6097
1.6047
1.5319
1.5177
1.5225
1.5546
1.6054
1.657
1.705
1.7026
1.7151
1.7144
1.5495
1.5375
1.5415
1.5689
1.6692
1.7151
1.7187
1.714
1.7198
1.6943
1.6486
1.6137
1.608
1.5752
1.5357
1.5269
1.5557
1.5942
1.6249
1.6476
1.5994
1.5891
1.5642
1.5259
1.4674
1.4037
1.3622
1.335
1.3474
1.4025
1.4961
1.6581
1.7168
1.7462
1.789
1.861
1.9778
1.9662
1.9366
1.9174
1.8756
1.8016
1.7843
1.795
1.8222
1.852
1.8569
1.8319
1.8282
1.8152
1.5171
1.5023
1.5045
1.5364
1.6411
1.6879
1.6883
1.6806
1.6879
1.6742
1.6307
1.5975
1.5884
1.5531
1.5175
1.5047
1.5349
1.5837
1.6371
1.6881
1.6834
1.6936
1.6902
1.6712
1.6292
1.5874
1.5512
1.5139
1.5059
1.5102
1.537
1.633
1.6799
1.6853
1.6823
1.687
1.6598
1.62
1.5893
1.5795
1.5456
1.4922
1.4976
1.5317
1.576
1.6236
1.6675
1.6677
1.6774
1.672
1.4254
1.4159
1.4183
1.4485
1.4957
1.5895
1.5925
1.5867
1.5934
1.5919
1.5334
1.4984
1.4873
1.4532
1.419
1.4219
1.4586
1.5064
1.5572
1.5989
1.5998
1.6073
1.6034
1.5884
1.5464
1.5216
1.479
1.4408
1.4335
1.4438
1.5362
1.5872
1.6317
1.6341
1.6345
1.648
1.6298
1.5861
1.5527
1.5527
1.5192
1.473
1.4828
1.5184
1.5694
1.6249
1.6697
1.6709
1.6816
1.6806
1.5458
1.5336
1.54
1.5754
1.6229
1.7138
1.7101
1.7067
1.7155
1.7116
1.6448
1.6154
1.6099
1.5726
1.536
1.524
1.5677
1.6161
1.6697
1.7106
1.7071
1.7102
1.7074
1.6902
1.6427
1.6107
1.5638
1.5315
1.5224
1.527
1.5612
1.6572
1.702
1.7022
1.6975
1.7042
1.6812
1.6405
1.6088
1.6026
1.5625
1.5199
1.5336
1.5683
1.6176
1.6709
1.7057
1.7027
1.708
1.7037
1.5467
1.5051
1.5113
1.5486
1.6004
1.6988
1.6958
1.6947
1.7022
1.6977
1.6407
1.6107
1.5989
1.5612
1.5314
1.5359
1.5685
1.6146
1.6652
1.7071
1.7042
1.7099
1.7061
1.6855
1.6409
1.602
1.561
1.5274
1.5165
1.5297
1.5711
1.6694
1.7108
1.7069
1.7052
1.7149
1.6838
1.6409
1.6114
1.6056
1.5666
1.5254
1.5359
1.5711
1.624
1.6789
1.7084
1.7086
1.7161
1.7155
1.4957
1.4142
1.3982
1.4065
1.4309
1.4747
1.4663
1.519
1.6114
1.6671
1.6255
1.6032
1.6225
1.6279
1.6667
1.7365
1.8569
1.9045
1.9435
1.9643
1.9454
1.9381
1.9249
1.8882
1.8226
1.774
1.6817
1.6379
1.6148
1.6127
1.6388
1.7106
1.7357
1.717
1.708
1.7106
1.6812
1.6362
1.6071
1.6015
1.5595
1.5229
1.5349
1.5726
1.6191
1.6645
1.6999
1.6936
1.6977
1.6922
1.5477
1.5064
1.5162
1.5544
1.6028
1.6902
1.6817
1.6812
1.687
1.6825
1.6146
1.5895
1.5764
1.5315
1.5047
1.5085
1.548
1.5975
1.6491
1.687
1.6793
1.6789
1.6724
1.6478
1.6019
1.5777
1.5225
1.4925
1.4843
1.4995
1.5417
1.6364
1.6718
1.6666
1.6692
1.6729
1.636
1.5885
1.5627
1.5559
1.5081
1.4764
1.4787
1.5169
1.566
1.6129
1.6437
1.6317
1.6384
1.6292
1.4612
1.4239
1.4399
1.4807
1.531
1.5869
1.6178
1.621
1.6245
1.6178
1.5947
1.5319
1.5254
1.4822
1.4569
1.4513
1.512
1.5664
1.6206
1.6536
1.6472
1.6527
1.6606
1.6339
1.5889
1.5672
1.5599
1.5008
1.492
1.5064
1.5477
1.5998
1.6907
1.6842
1.6885
1.6966
1.6939
1.6245
1.6015
1.5936
1.5512
1.528
1.5353
1.5786
1.6304
1.684
1.7211
1.7144
1.7211
1.7131
1.5499
1.5137
1.525
1.5644
1.614
1.6681
1.6879
1.6892
1.6958
1.6913
1.6643
1.5953
1.5857
1.5417
1.5167
1.5089
1.5225
1.611
1.666
1.6975
1.6892
1.6907
1.6883
1.6624
1.617
1.5912
1.5797
1.5117
1.5092
1.5289
1.5694
1.6184
1.6707
1.6977
1.7009
1.7072
1.702
1.626
1.611
1.599
1.549
1.5195
1.5135
1.5784
1.6289
1.6797
1.7061
1.6988
1.7121
1.7012
1.5548
1.5237
1.5387
1.5807
1.6324
1.6855
1.7061
1.7091
1.7121
1.7031
1.6744
1.6165
1.602
1.5542
1.5302
1.5259
1.546
1.6392
1.6876
1.7181
1.7099
1.7119
1.7084
1.6778
1.6326
1.6125
1.6032
1.5306
1.5246
1.5426
1.5867
1.6403
1.6928
1.7106
1.7146
1.7209
1.7168
1.6861
1.6234
1.6095
1.5642
1.5407
1.5317
1.594
1.6471
1.6997
1.7277
1.7166
1.7191
1.7067
1.7926
1.7329
1.7341
1.7605
1.7954
1.8284
1.8126
1.8027
1.7957
1.7738
1.7277
1.6714
1.6247
1.579
1.5546
1.5435
1.5587
1.6471
1.7011
1.7258
1.7127
1.7147
1.7072
1.6774
1.6302
1.6064
1.5897
1.5182
1.5115
1.527
1.5694
1.6176
1.6699
1.6907
1.6896
1.6939
1.6872
1.6598
1.5985
1.5814
1.5359
1.5117
1.5079
1.572
1.6195
1.6714
1.6937
1.6831
1.6917
1.69
1.5344
1.5126
1.5184
1.5653
1.6155
1.6666
1.6896
1.6797
1.6829
1.6737
1.6414
1.5959
1.5565
1.509
1.489
1.4854
1.5047
1.5951
1.6463
1.6664
1.6555
1.6589
1.6426
1.6105
1.5655
1.5488
1.5334
1.4577
1.4504
1.4665
1.5105
1.5634
1.6289
1.6163
1.6197
1.6257
1.6125
1.5278
1.5115
1.4944
1.4485
1.4239
1.4393
1.4834
1.5342
1.5876
1.6045
1.5955
1.6094
1.6015
1.5111
1.4905
1.5064
1.5569
1.6103
1.6649
1.6847
1.6851
1.6951
1.6861
1.654
1.6144
1.59
1.5465
1.5244
1.521
1.5454
1.5927
1.6994
1.7198
1.7084
1.7155
1.7213
1.6767
1.6324
1.623
1.6045
1.561
1.5375
1.558
1.6084
1.6589
1.7082
1.7132
1.7177
1.7219
1.708
1.6741
1.6215
1.6005
1.5527
1.5297
1.5287
1.5546
1.6512
1.702
1.7183
1.7086
1.7138
1.7057
1.5422
1.5272
1.5441
1.588
1.6377
1.6928
1.7091
1.7044
1.7078
1.6952
1.6617
1.6195
1.5857
1.5432
1.5267
1.5285
1.5492
1.5904
1.6913
1.7097
1.7078
1.7157
1.7174
1.6692
1.6287
1.615
1.591
1.5477
1.5284
1.5524
1.5985
1.6448
1.6994
1.7059
1.7142
1.7172
1.7011
1.6602
1.6028
1.5816
1.536
1.5132
1.5094
1.582
1.6337
1.6851
1.7014
1.6907
1.7011
1.6926
1.5544
1.5355
1.5632
1.6103
1.6576
1.7074
1.7224
1.7213
1.7234
1.7104
1.6742
1.6335
1.626
1.5614
1.5392
1.536
1.5593
1.6086
1.7125
1.723
1.7142
1.7189
1.7217
1.6742
1.6311
1.6206
1.5979
1.5524
1.5345
1.5615
1.614
1.6645
1.7093
1.7125
1.7065
1.7091
1.6984
1.6613
1.6202
1.5704
1.5098
1.4697
1.4442
1.4444
1.4961
1.524
1.5177
1.4955
1.4852
1.4509
1.5587
1.5389
1.5353
1.6064
1.6581
1.7087
1.7149
1.6997
1.7042
1.6902
1.6536
1.6112
1.5959
1.5278
1.5126
1.512
1.5349
1.581
1.6834
1.6967
1.6891
1.693
1.6934
1.6414
1.6047
1.5944
1.5666
1.5214
1.5044
1.5349
1.5824
1.6337
1.684
1.6915
1.6951
1.6941
1.6795
1.6412
1.6045
1.5685
1.5235
1.5079
1.5075
1.5342
1.633
1.6816
1.6889
1.681
1.6904
1.6791
1.488
1.4687
1.4978
1.5441
1.5944
1.6424
1.6456
1.6431
1.639
1.6223
1.5812
1.5372
1.4957
1.45
1.4314
1.4295
1.4549
1.5025
1.5917
1.5994
1.591
1.597
1.5983
1.5402
1.5
1.4892
1.4627
1.4198
1.399
1.4301
1.4759
1.528
1.5803
1.5872
1.5884
1.5923
1.5814
1.5405
1.5012
1.4667
1.4282
1.4166
1.4179
1.4481
1.4974
1.6019
1.6097
1.5983
1.606
1.6086
1.5402
1.5231
1.5259
1.6054
1.6598
1.7087
1.7127
1.7065
1.7194
1.7059
1.6651
1.6262
1.618
1.546
1.5344
1.534
1.5612
1.6073
1.7093
1.7136
1.7059
1.7153
1.7161
1.7005
1.6223
1.6139
1.5835
1.5435
1.5295
1.5666
1.6124
1.6607
1.7076
1.7104
1.7168
1.7125
1.6945
1.6504
1.6142
1.5779
1.5374
1.5203
1.5225
1.5557
1.6516
1.6977
1.705
1.7005
1.7117
1.693
1.5345
1.521
1.5285
1.6024
1.6532
1.7024
1.7093
1.7057
1.7082
1.6937
1.6532
1.6212
1.6125
1.5775
1.5293
1.534
1.5659
1.6137
1.6645
1.7189
1.7155
1.7273
1.726
1.7061
1.6313
1.6236
1.5908
1.5503
1.5359
1.5715
1.6195
1.672
1.7149
1.7131
1.717
1.7164
1.6975
1.6525
1.6185
1.5664
1.5276
1.5122
1.5149
1.548
1.6467
1.6951
1.6975
1.6934
1.7041
1.7022
1.551
1.5362
1.5405
1.5741
1.6787
1.7221
1.7204
1.7146
1.7239
1.7041
1.6594
1.6279
1.623
1.5895
1.5377
1.5428
1.5752
1.6253
1.6802
1.7224
1.7174
1.723
1.7219
1.708
1.6356
1.6305
1.5944
1.5567
1.5473
1.5833
1.6311
1.6804
1.7219
1.7146
1.7093
1.708
1.6921
1.6529
1.6197
1.5529
1.4957
1.4594
1.444
1.4612
1.4912
1.5452
1.5265
1.5122
1.5081
1.4858
1.5599
1.5428
1.5443
1.5765
1.6754
1.7151
1.7131
1.7106
1.7189
1.6892
1.6437
1.6135
1.6043
1.5642
1.5141
1.5201
1.5552
1.6043
1.6534
1.6984
1.6986
1.7061
1.7001
1.6791
1.6011
1.5974
1.56
1.5259
1.5145
1.5192
1.6067
1.6577
1.6986
1.6986
1.6971
1.7061
1.6772
1.629
1.5977
1.596
1.5597
1.5094
1.516
1.5518
1.6035
1.6557
1.6921
1.6894
1.6977
1.6939
1.4914
1.477
1.4815
1.5164
1.6094
1.6441
1.6397
1.6375
1.6452
1.6088
1.5615
1.53
1.519
1.4787
1.4271
1.4337
1.4661
1.5126
1.5645
1.5923
1.5899
1.5957
1.5904
1.5685
1.4886
1.4826
1.4421
1.4087
1.4027
1.4123
1.4939
1.5454
1.5912
1.5867
1.5814
1.5842
1.5621
1.5218
1.4944
1.4852
1.446
1.4104
1.4222
1.4575
1.5072
1.5608
1.6049
1.6062
1.6116
1.6069
1.5299
1.522
1.5327
1.5698
1.6746
1.7177
1.7125
1.7119
1.7236
1.7022
1.6568
1.629
1.6206
1.5775
1.5359
1.5479
1.5825
1.632
1.6857
1.717
1.7157
1.7192
1.7119
1.6889
1.6454
1.6124
1.5679
1.5338
1.5218
1.5338
1.6275
1.6754
1.7129
1.7084
1.7108
1.7144
1.6898
1.6429
1.615
1.6107
1.5344
1.5244
1.5355
1.5747
1.626
1.7097
1.7037
1.7063
1.7155
1.7117
1.5299
1.5173
1.5267
1.5662
1.6707
1.7063
1.7001
1.7039
1.7134
1.6821
1.6365
1.6099
1.6054
1.5644
1.5312
1.5325
1.5728
1.6247
1.675
1.7108
1.7069
1.7138
1.7108
1.6868
1.6399
1.6052
1.5638
1.536
1.524
1.5362
1.6262
1.6827
1.7222
1.7147
1.7155
1.7226
1.6947
1.6521
1.6272
1.6159
1.5717
1.5319
1.5449
1.5846
1.6352
1.6885
1.7189
1.7198
1.7252
1.7172
1.5368
1.5274
1.5394
1.5777
1.6262
1.7116
1.6977
1.6992
1.7082
1.702
1.6364
1.6112
1.5994
1.5546
1.5276
1.5372
1.576
1.6253
1.6789
1.7129
1.7029
1.7087
1.7018
1.6763
1.6311
1.5921
1.5501
1.524
1.5147
1.5304
1.5728
1.6774
1.7087
1.6992
1.7046
1.7127
1.6772
1.6343
1.6135
1.6028
1.5555
1.5265
1.5426
1.5857
1.6365
1.6862
1.7183
1.7114
1.7187
1.7106
1.6812
1.7564
1.8256
1.8831
1.9264
1.9776
1.9562
1.9502
1.945
1.927
1.8216
1.777
1.7427
1.6741
1.63
1.612
1.6405
1.6744
1.7093
1.7252
1.7037
1.6992
1.6881
1.6566
1.6116
1.5929
1.5377
1.5105
1.503
1.5184
1.5589
1.6598
1.6817
1.6701
1.6731
1.6776
1.6714
1.597
1.5765
1.563
1.5177
1.4946
1.5027
1.5443
1.5936
1.6444
1.6748
1.6712
1.6797
1.672
1.495
1.4845
1.5008
1.5458
1.5975
1.6731
1.6639
1.6666
1.6724
1.6666
1.588
1.5655
1.551
1.5044
1.4822
1.4929
1.5355
1.5831
1.6343
1.6617
1.654
1.6555
1.6452
1.6163
1.5719
1.5329
1.4847
1.4588
1.452
1.4702
1.5591
1.6075
1.6296
1.6189
1.6208
1.6144
1.5831
1.5359
1.5184
1.4987
1.4481
1.4151
1.4333
1.4783
1.5242
1.5745
1.5889
1.5921
1.5985
1.5857
1.4738
1.4502
1.467
1.5098
1.5638
1.6444
1.6416
1.6501
1.6551
1.6452
1.57
1.5559
1.5447
1.5021
1.4834
1.4805
1.551
1.6002
1.6561
1.6812
1.6752
1.6926
1.6819
1.6529
1.6107
1.596
1.5447
1.5218
1.5201
1.5417
1.5882
1.6939
1.7112
1.7016
1.7061
1.7121
1.6746
1.6279
1.6067
1.5942
1.5512
1.5332
1.545
1.5885
1.6388
1.6936
1.7119
1.7061
1.7106
1.7018
1.5359
1.5051
1.522
1.5672
1.6223
1.6904
1.6801
1.6861
1.6913
1.6838
1.6017
1.5899
1.5734
1.5285
1.507
1.5231
1.5677
1.6157
1.6662
1.6876
1.678
1.6911
1.6799
1.6482
1.6049
1.5912
1.5299
1.5104
1.5083
1.528
1.5741
1.6791
1.6996
1.6926
1.6964
1.7012
1.657
1.6169
1.606
1.5829
1.5353
1.5173
1.5413
1.5857
1.6337
1.684
1.6934
1.7024
1.7044
1.6919
1.5486
1.5269
1.542
1.5837
1.6305
1.6801
1.6885
1.6934
1.6979
1.6847
1.6504
1.5996
1.5741
1.5274
1.5085
1.5079
1.5835
1.6315
1.6847
1.7046
1.6997
1.7142
1.7007
1.6656
1.6225
1.6101
1.5385
1.5199
1.519
1.5449
1.5932
1.6427
1.7067
1.6986
1.7046
1.7102
1.6979
1.6176
1.6035
1.5848
1.545
1.5259
1.5482
1.5981
1.6517
1.7016
1.708
1.6964
1.7084
1.6986
1.554
1.5315
1.5501
1.5885
1.6184
1.6437
1.6073
1.5974
1.5795
1.5402
1.4775
1.3875
1.357
1.3326
1.3465
1.402
1.5597
1.617
1.6744
1.7147
1.7599
1.8404
1.9574
1.9446
1.9017
1.8807
1.8467
1.7687
1.7549
1.7669
1.7995
1.8331
1.8593
1.8317
1.8239
1.8122
1.7867
1.6851
1.6611
1.6204
1.5642
1.5413
1.5404
1.6062
1.6527
1.699
1.7093
1.7037
1.7097
1.6952
1.5205
1.5044
1.5293
1.5775
1.6268
1.6774
1.6797
1.687
1.6887
1.6756
1.6386
1.5889
1.5604
1.5164
1.5006
1.504
1.5765
1.6281
1.6754
1.684
1.6812
1.6834
1.6682
1.6328
1.5962
1.5872
1.515
1.497
1.4961
1.525
1.5765
1.6253
1.6808
1.6705
1.6787
1.6791
1.6587
1.576
1.5668
1.5411
1.4976
1.4774
1.5068
1.5563
1.6084
1.6536
1.657
1.6546
1.6544
1.6399
1.4333
1.422
1.4545
1.5034
1.552
1.6009
1.6011
1.6131
1.6135
1.5979
1.5561
1.5186
1.4873
1.4489
1.4352
1.4389
1.4706
1.5754
1.6245
1.629
1.6259
1.6367
1.627
1.5874
1.5525
1.5454
1.513
1.464
1.4661
1.4982
1.549
1.6017
1.6547
1.6546
1.6658
1.6686
1.6562
1.6217
1.5831
1.5525
1.5132
1.5019
1.509
1.5861
1.636
1.6872
1.6962
1.6943
1.7024
1.6868
1.539
1.5222
1.549
1.5975
1.6493
1.6988
1.6984
1.7001
1.6994
1.684
1.6439
1.6086
1.5645
1.5248
1.512
1.5145
1.5419
1.6422
1.6891
1.6966
1.6898
1.6951
1.6759
1.6358
1.6037
1.5945
1.5572
1.5055
1.5132
1.548
1.5932
1.6382
1.6817
1.6872
1.6979
1.6936
1.6737
1.6309
1.5902
1.5587
1.5203
1.5059
1.5405
1.5921
1.6422
1.6868
1.6898
1.6864
1.6939
1.6774
1.533
1.5199
1.5642
1.6097
1.6577
1.7018
1.7016
1.7104
1.7063
1.6864
1.6444
1.6105
1.5689
1.5342
1.5254
1.5314
1.5679
1.6673
1.7076
1.7071
1.7039
1.7119
1.6937
1.6521
1.6202
1.615
1.5805
1.5407
1.5197
1.5512
1.6004
1.6514
1.6947
1.6872
1.693
1.6907
1.6769
1.6341
1.5934
1.5572
1.5259
1.5177
1.5222
1.6043
1.6577
1.7056
1.7057
1.7029
1.7106
1.6872
1.5405
1.5278
1.5698
1.6202
1.6746
1.7146
1.7097
1.7166
1.7147
1.6982
1.6562
1.6197
1.5722
1.5396
1.5285
1.5351
1.5732
1.6236
1.723
1.7189
1.7102
1.7117
1.7056
1.6439
1.6189
1.614
1.5758
1.5364
1.5128
1.5242
1.5482
1.578
1.6009
1.5569
1.536
1.5077
1.4699
1.4065
1.3671
1.3772
1.4157
1.453
1.4804
1.524
1.6849
1.7826
1.8526
1.9191
1.9727
1.9636
1.5203
1.5085
1.5488
1.5977
1.6495
1.6883
1.6859
1.6906
1.6847
1.6641
1.6193
1.5927
1.5383
1.5068
1.498
1.5083
1.5467
1.6452
1.6812
1.6774
1.6793
1.6902
1.6628
1.6139
1.5882
1.5807
1.5375
1.4931
1.5064
1.5449
1.5957
1.6469
1.684
1.6778
1.6849
1.6827
1.6615
1.6176
1.5846
1.5407
1.5107
1.5
1.5068
1.5454
1.6446
1.6831
1.6757
1.6763
1.6842
1.6585
1.4639
1.4504
1.4957
1.5441
1.59
1.6219
1.6144
1.6107
1.6092
1.581
1.5321
1.5053
1.4946
1.4232
1.4127
1.422
1.4599
1.5102
1.596
1.585
1.5848
1.5945
1.5895
1.5683
1.4993
1.4918
1.4509
1.4245
1.4215
1.4729
1.522
1.5728
1.6097
1.6052
1.6049
1.6002
1.5792
1.5381
1.5177
1.4624
1.4325
1.425
1.4436
1.4888
1.5925
1.632
1.6262
1.6311
1.6405
1.6054
1.5327
1.5278
1.5389
1.6272
1.6817
1.7149
1.7046
1.7037
1.7014
1.6786
1.6382
1.6154
1.5998
1.5244
1.5143
1.5297
1.5734
1.6214
1.7044
1.6969
1.7042
1.7101
1.7003
1.6277
1.6037
1.5992
1.5533
1.5218
1.5128
1.5694
1.6223
1.6735
1.7026
1.693
1.7056
1.7014
1.6735
1.6266
1.6015
1.5469
1.5188
1.5062
1.5207
1.5629
1.6731
1.7024
1.6872
1.6881
1.6951
1.6662
1.5194
1.5124
1.5291
1.623
1.6741
1.7003
1.6934
1.6994
1.7022
1.6681
1.6206
1.5992
1.5891
1.5235
1.5124
1.525
1.5675
1.6208
1.705
1.6934
1.6969
1.7027
1.6971
1.6724
1.603
1.5912
1.5458
1.5218
1.5162
1.5745
1.627
1.6827
1.7131
1.7041
1.7054
1.6977
1.6709
1.6268
1.5949
1.5469
1.5229
1.5201
1.5424
1.5825
1.6804
1.7076
1.7012
1.7089
1.7119
1.7037
1.5235
1.5205
1.5357
1.6277
1.6804
1.7093
1.6997
1.7027
1.6971
1.6671
1.6249
1.6039
1.588
1.5197
1.5175
1.5398
1.5801
1.6289
1.6827
1.7061
1.7127
1.7138
1.7024
1.6696
1.6133
1.5949
1.5462
1.5242
1.5214
1.597
1.6461
1.6956
1.7206
1.7102
1.7254
1.7093
1.6741
1.6317
1.6152
1.6041
1.5368
1.5302
1.5499
1.5942
1.6514
1.7245
1.7121
1.7159
1.7206
1.7202
1.5227
1.5698
1.6619
1.8919
1.9716
2.0035
1.9885
1.9872
1.9613
1.9127
1.8576
1.8269
1.7965
1.6859
1.6613
1.6669
1.6999
1.7453
1.7849
1.7586
1.7504
1.7449
1.7367
1.6969
1.6234
1.6017
1.56
1.545
1.5321
1.5492
1.6463
1.6994
1.7215
1.7018
1.7033
1.6975
1.6664
1.624
1.6011
1.5784
1.5137
1.5197
1.54
1.5754
1.6245
1.6741
1.6997
1.6999
1.699
1.6913
1.5276
1.5109
1.5293
1.5747
1.6793
1.6979
1.6808
1.6872
1.6926
1.6546
1.6116
1.5942
1.5754
1.5285
1.5162
1.5299
1.5666
1.6165
1.6647
1.6864
1.6806
1.6772
1.6675
1.6313
1.5885
1.5544
1.5029
1.4813
1.4759
1.5072
1.5906
1.6371
1.6499
1.6439
1.6641
1.6337
1.5987
1.555
1.5447
1.5314
1.4459
1.444
1.465
1.5132
1.5705
1.6137
1.6075
1.6095
1.6184
1.6114
1.4464
1.4474
1.4895
1.5319
1.621
1.6369
1.6403
1.6651
1.657
1.602
1.5657
1.5642
1.5503
1.501
1.4871
1.5137
1.5745
1.6332
1.6681
1.6759
1.6836
1.7007
1.6861
1.6386
1.5996
1.5758
1.548
1.5233
1.512
1.59
1.6422
1.7044
1.7061
1.6934
1.7071
1.702
1.6699
1.6202
1.6064
1.5833
1.5342
1.5387
1.5501
1.597
1.6514
1.7262
1.7164
1.711
1.7112
1.6924
1.5169
1.5137
1.539
1.5839
1.6836
1.6915
1.6825
1.6874
1.6879
1.6407
1.6
1.5895
1.5612
1.5171
1.5057
1.5327
1.5816
1.6311
1.6827
1.693
1.6898
1.6883
1.6718
1.6371
1.603
1.5604
1.5175
1.5021
1.5062
1.5364
1.5818
1.6814
1.6911
1.6859
1.6924
1.6906
1.6386
1.6002
1.5945
1.5638
1.5184
1.509
1.5398
1.5919
1.6386
1.6862
1.6947
1.6969
1.7007
1.6832
1.5192
1.5235
1.5561
1.6002
1.6977
1.7063
1.7082
1.7172
1.714
1.6547
1.6184
1.6127
1.579
1.536
1.5269
1.5614
1.614
1.6611
1.7056
1.702
1.7149
1.7161
1.6992
1.657
1.6073
1.5752
1.5349
1.518
1.5214
1.5507
1.6474
1.6887
1.6881
1.6821
1.6898
1.6776
1.636
1.5942
1.5869
1.5552
1.5057
1.5081
1.5398
1.5904
1.6422
1.6932
1.6915
1.7027
1.7041
1.6894
1.5201
1.527
1.5608
1.6099
1.7072
1.7061
1.6981
1.7071
1.711
1.6551
1.6214
1.6114
1.5775
1.5426
1.5284
1.5599
1.6116
1.6647
1.7147
1.7108
1.717
1.7112
1.6885
1.6439
1.6077
1.564
1.5293
1.5177
1.5218
1.5445
1.609
1.6317
1.6097
1.5869
1.5475
1.5072
1.4453
1.4001
1.3784
1.3442
1.3499
1.4087
1.4933
1.5664
1.627
1.7301
1.7817
1.8642
1.9302
1.9607
1.5072
1.5135
1.5415
1.5872
1.6369
1.6855
1.6825
1.6883
1.6855
1.6651
1.5904
1.5825
1.5454
1.5104
1.4995
1.5445
1.5944
1.6463
1.6894
1.6834
1.6906
1.6851
1.6645
1.6193
1.5865
1.5797
1.5072
1.4931
1.4993
1.5347
1.5874
1.6829
1.6782
1.6744
1.6819
1.6814
1.6154
1.5846
1.5788
1.5405
1.51
1.4982
1.5405
1.59
1.642
1.6836
1.6784
1.6739
1.6821
1.663
1.4562
1.462
1.4942
1.545
1.5945
1.6195
1.6174
1.6219
1.6144
1.5876
1.5107
1.5027
1.4612
1.4305
1.419
1.4622
1.5032
1.5505
1.599
1.5979
1.5949
1.599
1.5777
1.537
1.5126
1.4963
1.4277
1.422
1.429
1.4663
1.5158
1.6092
1.6105
1.612
1.6204
1.6073
1.5362
1.5104
1.5057
1.467
1.4385
1.4346
1.479
1.5287
1.5852
1.6294
1.632
1.6362
1.6324
1.6137
1.5516
1.5486
1.5917
1.6459
1.6973
1.7277
1.723
1.7281
1.7234
1.7044
1.6335
1.6234
1.5831
1.5512
1.5413
1.5569
1.6465
1.6992
1.7378
1.7301
1.7318
1.7183
1.6872
1.6463
1.6305
1.63
1.591
1.569
1.5687
1.5989
1.6534
1.7067
1.7221
1.7206
1.7309
1.7299
1.7067
1.6322
1.618
1.5749
1.5509
1.5465
1.6024
1.6514
1.7044
1.7404
1.7294
1.7337
1.7275
1.7027
1.5689
1.5659
1.6082
1.6602
1.7074
1.7271
1.7297
1.7386
1.7297
1.7065
1.6487
1.6371
1.5929
1.563
1.5512
1.5593
1.6544
1.7192
1.7537
1.7406
1.7438
1.744
1.7153
1.6649
1.6396
1.6319
1.5535
1.5458
1.5653
1.6086
1.6542
1.7374
1.7326
1.7342
1.7417
1.7414
1.7234
1.6489
1.633
1.5919
1.5672
1.5597
1.615
1.6546
1.7057
1.7369
1.7284
1.7311
1.729
1.7082
1.5334
1.5302
1.5728
1.623
1.6701
1.6877
1.7033
1.7209
1.7102
1.6709
1.614
1.6105
1.5724
1.552
1.5494
1.5674
1.6527
1.7001
1.729
1.7297
1.7378
1.7198
1.6986
1.6613
1.6401
1.6215
1.5503
1.5435
1.5544
1.5955
1.6465
1.7324
1.7161
1.7181
1.7286
1.7209
1.6444
1.627
1.6133
1.566
1.5417
1.5353
1.5912
1.6491
1.7071
1.7341
1.7217
1.7279
1.7166
1.6864
1.3834
1.3714
1.4005
1.446
1.5134
1.5908
1.7534
1.8053
1.8061
1.7774
1.7528
1.8091
1.8319
1.8801
1.915
1.9407
2.0151
2.0494
2.0513
2.0277
2.0249
1.9752
1.9167
1.8456
1.8038
1.7605
1.6615
1.6461
1.6495
1.6763
1.7147
1.7612
1.7489
1.7519
1.7522
1.7389
1.7065
1.6486
1.6364
1.5925
1.5711
1.5681
1.6285
1.6705
1.7198
1.7451
1.7342
1.7397
1.7277
1.6966
1.5494
1.5657
1.6088
1.6621
1.7196
1.7382
1.7348
1.738
1.7202
1.6797
1.629
1.6015
1.5522
1.5315
1.5278
1.5439
1.645
1.7057
1.7296
1.7181
1.717
1.7063
1.6679
1.6219
1.611
1.5882
1.5102
1.5105
1.5422
1.5884
1.626
1.6707
1.6862
1.6971
1.6984
1.6817
1.6456
1.5839
1.569
1.5242
1.5019
1.5014
1.5563
1.6017
1.6534
1.6684
1.6531
1.6649
1.6547
1.6047
1.4432
1.468
1.512
1.5587
1.6054
1.6199
1.6133
1.6137
1.6101
1.5855
1.5559
1.5529
1.4969
1.4895
1.4897
1.5149
1.561
1.66
1.6756
1.6737
1.6911
1.6988
1.6448
1.608
1.6013
1.5795
1.5323
1.5147
1.5437
1.5953
1.6489
1.7041
1.7174
1.7252
1.7326
1.7206
1.6861
1.6465
1.6133
1.573
1.5554
1.5585
1.5839
1.6889
1.7447
1.7532
1.738
1.7457
1.7341
1.6996
1.5497
1.555
1.624
1.6741
1.7335
1.7432
1.7339
1.7348
1.7177
1.6765
1.6339
1.6202
1.545
1.5246
1.5216
1.5415
1.579
1.6634
1.6742
1.6677
1.6791
1.6924
1.6562
1.6247
1.6116
1.5846
1.5529
1.5486
1.6142
1.6789
1.7406
1.8019
1.8016
1.7635
1.7481
1.7206
1.6679
1.6112
1.5113
1.4631
1.4594
1.4869
1.5546
1.6581
1.8274
1.8359
1.8126
1.7974
1.7719
1.6448
1.6424
1.6424
1.6671
1.7084
1.7575
1.768
1.7693
1.7601
1.7307
1.6697
1.626
1.5771
1.5259
1.5115
1.5074
1.531
1.5625
1.5764
1.5839
1.6484
1.7127
1.7093
1.6238
1.6052
1.6853
1.8137
1.9551
2.128
2.1274
2.0755
1.9939
1.9274
1.7687
1.7159
1.7018
1.6831
1.6364
1.6229
1.6375
1.53
1.383
1.2992
1.2822
1.2799
1.2872
1.3004
1.3356
1.4061
1.4715
1.4867
1.3337
1.3866
1.6208
1.6954
1.708
1.6478
1.5754
1.4063
1.315
1.2807
1.2707
1.2704
1.2844
1.3791
1.6889
2.1081
2.4481
2.5998
2.618
2.6056
2.4957
2.236
1.8977
1.3684
1.3084
1.2899
1.2859
1.2906
1.3594
1.4601
1.5694
1.6472
1.6534
1.6373
1.6234
1.6305
1.5972
1.5413
1.4944
1.3917
1.4078
1.471
1.5848
1.7191
1.8929
1.8904
1.8685
1.8497
1.8203
1.732
2.585
2.4291
1.9227
1.7142
1.5374
1.3763
1.312
1.3037
1.3026
1.302
1.308
1.3157
1.3079
1.2985
1.3026
1.3169
1.3444
1.3924
1.4785
1.4984
1.5229
1.5375
1.5278
1.4665
1.4674
1.4333
1.3874
1.3433
1.3097
1.2925
1.297
1.3094
1.3124
1.3118
1.3139
1.3234
1.3322
1.3562
1.3964
1.3264
1.308
1.3105
1.3298
1.3412
1.3313
1.2955
1.3101
1.3986
1.6435
2.0191
1.2681
1.2694
1.2724
1.2837
1.2947
1.3013
1.3024
1.2972
1.2844
1.2771
1.2762
1.2803
1.2863
1.3309
1.4031
1.4955
1.5334
1.485
1.4052
1.3755
1.4811
1.6377
1.822
2.0031
2.2951
2.3648
2.4019
2.4115
2.4175
2.3671
2.2643
2.1378
1.9502
1.7597
1.4258
1.324
1.2932
1.2869
1.2863
1.2827
1.2839
1.288
1.296
1.3086
1.3375
1.3994
1.4352
1.4646
1.4665
1.4419
2.3959
2.3669
2.4081
2.3946
2.3097
2.1087
1.8576
1.6017
1.3058
1.2867
1.282
1.2825
1.2801
1.2809
1.2835
1.2912
1.3009
1.3167
1.348
1.3785
1.4237
1.4614
1.4715
1.4312
1.4219
1.3761
1.3414
1.324
1.3159
1.3219
1.3285
1.3335
1.3367
1.341
1.332
1.2949
1.2889
1.3013
1.327
1.3439
1.4959
1.5809
1.6304
1.6532
1.6546
1.5797
1.551
1.5799
1.6502
1.7386
1.465
1.4549
1.4755
1.546
1.5771
1.5734
1.585
1.6007
1.5818
1.5394
1.5201
1.515
1.4652
1.4262
1.4417
1.4858
1.5387
1.5934
1.6245
1.63
1.6416
1.639
1.6122
1.555
1.5462
1.4974
1.4685
1.4601
1.4768
1.578
1.632
1.6622
1.6562
1.6587
1.6579
1.635
1.5893
1.566
1.5578
1.4835
1.476
1.4901
1.5332
1.5867
1.6386
1.6637
1.6671
1.6712
1.6562
1.6244
1.4325
1.4475
1.4929
1.591
1.621
1.6184
1.626
1.6343
1.5938
1.5488
1.531
1.522
1.47
1.4404
1.452
1.495
1.5458
1.5998
1.6302
1.6304
1.6356
1.6275
1.5985
1.5531
1.519
1.471
1.4436
1.4378
1.456
1.5516
1.6067
1.6371
1.6298
1.6328
1.633
1.6084
1.5621
1.5467
1.5323
1.4588
1.4549
1.4697
1.513
1.5674
1.62
1.6356
1.6435
1.6495
1.6397
1.6122
1.3937
1.4824
1.579
1.6576
1.7811
1.8122
1.8636
1.9247
1.9799
1.9921
1.9911
1.987
1.9414
1.9135
1.9868
2.0637
2.1141
2.1426
2.1244
1.99
1.9216
1.8359
1.7369
1.6334
1.575
1.5045
1.5081
1.5289
1.5659
1.6234
1.7476
1.777
1.7592
1.7446
1.7305
1.6407
1.5711
1.534
1.4999
1.4318
1.3735
1.3845
1.4204
1.465
1.5167
1.5342
1.5501
1.5681
1.57
1.5518
1.4789
1.503
1.5507
1.5981
1.6699
1.6583
1.6628
1.6651
1.6531
1.5735
1.5587
1.5349
1.4849
1.4633
1.4783
1.5194
1.5666
1.6197
1.6433
1.6396
1.6405
1.6268
1.5923
1.5454
1.5029
1.4504
1.4241
1.4174
1.4412
1.5417
1.5891
1.603
1.5921
1.5977
1.6004
1.5501
1.5047
1.4895
1.4654
1.4159
1.3932
1.4123
1.4534
1.5012
1.5505
1.5495
1.5492
1.5495
1.5355
1.498
1.3701
1.3949
1.4414
1.492
1.5662
1.5555
1.5632
1.5662
1.5569
1.4895
1.4849
1.4612
1.416
1.4022
1.4348
1.4837
1.5374
1.5927
1.6086
1.6071
1.612
1.603
1.5668
1.5263
1.497
1.4552
1.4406
1.4442
1.4749
1.5244
1.6294
1.6429
1.6304
1.6358
1.6382
1.5906
1.5514
1.5465
1.5229
1.4796
1.4663
1.4967
1.5495
1.5998
1.6536
1.6664
1.6551
1.6561
1.6448
1.6099
1.4757
1.5029
1.549
1.5983
1.6574
1.6482
1.6549
1.6561
1.6448
1.5681
1.5582
1.5255
1.4811
1.4637
1.491
1.5374
1.5908
1.6446
1.6542
1.6527
1.6551
1.6429
1.6043
1.563
1.5225
1.48
1.462
1.4595
1.4864
1.5375
1.6442
1.6547
1.6482
1.6572
1.6577
1.6024
1.5636
1.554
1.5255
1.4796
1.4629
1.491
1.5419
1.5962
1.6484
1.6534
1.6577
1.6606
1.6482
1.6086
1.4837
1.5145
1.5627
1.6139
1.6692
1.6613
1.6724
1.6735
1.6589
1.5803
1.5722
1.5357
1.4931
1.4789
1.5128
1.5642
1.618
1.6696
1.6722
1.6729
1.6718
1.6549
1.6155
1.5805
1.5709
1.4961
1.4809
1.4845
1.5175
1.5698
1.6739
1.6712
1.6645
1.6722
1.6718
1.6146
1.5792
1.5719
1.5392
1.4963
1.4826
1.5139
1.561
1.6122
1.6628
1.6656
1.6651
1.6632
1.6487
1.6094
1.4845
1.5194
1.567
1.6172
1.6671
1.6613
1.6675
1.6624
1.6435
1.6013
1.5591
1.5209
1.482
1.4691
1.4734
1.5522
1.6004
1.6444
1.6427
1.6356
1.6388
1.6191
1.5735
1.5426
1.5359
1.4985
1.447
1.4564
1.4942
1.5467
1.5994
1.6476
1.6412
1.6517
1.6525
1.635
1.5606
1.5561
1.5156
1.479
1.465
1.4725
1.5582
1.6092
1.6561
1.6544
1.651
1.6592
1.6405
1.596
1.4892
1.5272
1.5779
1.629
1.6756
1.6604
1.6607
1.6521
1.6319
1.5897
1.5544
1.5124
1.4704
1.4477
1.4412
1.4864
1.521
1.5522
1.5319
1.5094
1.485
1.4592
1.4085
1.3776
1.4009
1.4357
1.5117
1.533
1.5709
1.6358
1.7266
1.9007
1.9675
2.0144
2.0202
1.9894
1.8756
1.8471
1.7905
1.7401
1.7093
1.7076
1.7329
1.7627
1.7854
1.7605
1.7414
1.7157
1.6823
1.6225
1.4363
1.4892
1.5394
1.5945
1.6343
1.629
1.6356
1.6307
1.6073
1.5617
1.528
1.482
1.4481
1.438
1.4475
1.4869
1.5938
1.6313
1.6242
1.6236
1.632
1.6058
1.5591
1.5304
1.5216
1.4747
1.4337
1.4464
1.4849
1.5327
1.585
1.6161
1.6159
1.623
1.6159
1.5934
1.5486
1.5075
1.4648
1.434
1.4252
1.435
1.5203
1.5734
1.6094
1.6015
1.6019
1.6022
1.5765
1.5295
1.3487
1.3887
1.4324
1.4832
1.519
1.5122
1.5195
1.515
1.4895
1.4438
1.4085
1.3701
1.3485
1.3433
1.3545
1.3885
1.4903
1.5295
1.5229
1.5252
1.5334
1.5049
1.4616
1.4404
1.431
1.387
1.36
1.3742
1.4136
1.4629
1.5197
1.555
1.5512
1.5617
1.5576
1.5302
1.4871
1.4667
1.4119
1.3872
1.3834
1.3988
1.4402
1.5525
1.5897
1.5799
1.5852
1.5938
1.5621
1.5188
1.4391
1.4954
1.545
1.597
1.6289
1.6212
1.6264
1.6199
1.5923
1.5477
1.5119
1.4652
1.4363
1.4286
1.4447
1.4867
1.591
1.6215
1.6095
1.6109
1.615
1.5779
1.5332
1.5135
1.498
1.4496
1.4166
1.4329
1.4759
1.5248
1.5764
1.5977
1.6013
1.6056
1.5957
1.5687
1.5092
1.4969
1.4445
1.4168
1.4119
1.4301
1.5218
1.5769
1.6064
1.5953
1.599
1.5998
1.5713
1.527
1.4166
1.4819
1.5323
1.5857
1.6099
1.5998
1.6109
1.6011
1.5719
1.5284
1.513
1.4474
1.4243
1.4202
1.4387
1.4828
1.5876
1.6135
1.6032
1.6071
1.6122
1.5728
1.5276
1.512
1.4982
1.446
1.417
1.4365
1.4828
1.534
1.5889
1.602
1.6067
1.6112
1.6024
1.5696
1.513
1.4935
1.441
1.4162
1.4125
1.4775
1.5299
1.5844
1.6064
1.5947
1.5987
1.5904
1.555
1.5062
1.4048
1.4751
1.5261
1.5827
1.6019
1.5914
1.6022
1.5923
1.5606
1.5156
1.5017
1.432
1.411
1.4082
1.4307
1.4775
1.5827
1.6011
1.59
1.5959
1.6
1.5889
1.5533
1.4976
1.4768
1.4288
1.4084
1.4072
1.4798
1.5315
1.5855
1.603
1.5932
1.6028
1.5906
1.555
1.5139
1.4984
1.4307
1.4117
1.41
1.4301
1.4725
1.522
1.5944
1.5852
1.5955
1.5998
1.5839
1.489
1.5171
1.5599
1.5945
1.6322
1.63
1.6049
1.6011
1.5762
1.5381
1.495
1.4845
1.4616
1.4018
1.4001
1.4239
1.4704
1.5214
1.588
1.5765
1.5829
1.5829
1.5689
1.4871
1.4719
1.4464
1.4018
1.3842
1.41
1.4573
1.5092
1.5653
1.5773
1.5651
1.5734
1.5584
1.5216
1.482
1.4717
1.4429
1.3834
1.3851
1.4119
1.4582
1.509
1.5735
1.563
1.5704
1.5724
1.5587
1.5194
1.3772
1.4464
1.4946
1.5452
1.5522
1.5437
1.5495
1.5347
1.4944
1.4552
1.4462
1.4172
1.3607
1.3622
1.3859
1.4269
1.4744
1.5308
1.5242
1.531
1.5287
1.5115
1.4294
1.4217
1.39
1.3514
1.3403
1.3407
1.393
1.4363
1.4834
1.489
1.4819
1.4899
1.4738
1.4314
1.3952
1.3887
1.3352
1.3283
1.3294
1.3457
1.3791
1.422
1.4785
1.4729
1.4817
1.4819
1.4693
1.3943
1.3808
1.4112
1.512
1.5627
1.5702
1.5681
1.5777
1.5636
1.5246
1.4903
1.486
1.452
1.4009
1.4059
1.4384
1.4886
1.542
1.5974
1.5936
1.6026
1.6004
1.5848
1.5104
1.5053
1.4699
1.4297
1.4157
1.4556
1.504
1.5539
1.6015
1.6052
1.608
1.6079
1.5908
1.549
1.5162
1.4732
1.4307
1.4151
1.4192
1.4524
1.5025
1.605
1.6054
1.6013
1.6086
1.6062
1.5458
1.5098
1.4097
1.4447
1.5486
1.5944
1.5925
1.587
1.5929
1.5715
1.5289
1.498
1.4912
1.4532
1.4031
1.4087
1.4432
1.4955
1.5503
1.5962
1.5904
1.5972
1.5949
1.5767
1.5364
1.4935
1.4537
1.416
1.4048
1.4127
1.5008
1.5554
1.6004
1.5972
1.5964
1.6079
1.5927
1.5486
1.5137
1.5051
1.4305
1.419
1.4271
1.4625
1.5126
1.6122
1.608
1.6049
1.6118
1.6069
1.546
1.515
1.4327
1.4689
1.5752
1.6202
1.6122
1.6084
1.6174
1.5968
1.5525
1.521
1.5143
1.4744
1.4262
1.4352
1.4744
1.5248
1.5788
1.6172
1.6155
1.6236
1.6215
1.6024
1.5557
1.5186
1.476
1.4395
1.4275
1.4385
1.5293
1.5816
1.6247
1.6229
1.6227
1.6322
1.6052
1.5582
1.53
1.522
1.4774
1.4378
1.4483
1.486
1.5351
1.5876
1.6281
1.6232
1.6307
1.6245
1.5983
1.5505
1.6853
1.7159
1.7815
1.8016
1.7755
1.756
1.7479
1.6917
1.6334
1.5953
1.5717
1.51
1.4667
1.4543
1.4901
1.54
1.5919
1.6302
1.6197
1.6274
1.6215
1.597
1.5499
1.5117
1.4601
1.4264
1.4177
1.428
1.4665
1.5704
1.6088
1.5979
1.5962
1.6041
1.5756
1.5299
1.5072
1.498
1.4511
1.4123
1.4243
1.4665
1.5203
1.5758
1.6071
1.6067
1.6137
1.608
1.585
1.5117
1.4357
1.4766
1.5816
1.617
1.6032
1.6034
1.6122
1.5765
1.5276
1.506
1.4946
1.4483
1.4185
1.4241
1.4654
1.5169
1.573
1.6049
1.5927
1.5983
1.5906
1.5651
1.5195
1.4802
1.4295
1.4005
1.3928
1.4048
1.4914
1.546
1.5771
1.5644
1.5647
1.557
1.5265
1.479
1.4556
1.4414
1.3949
1.3628
1.3765
1.4145
1.4637
1.5184
1.5353
1.5379
1.5443
1.537
1.5109
1.4434
1.4239
1.4708
1.5242
1.6082
1.597
1.6034
1.6124
1.6075
1.5383
1.5207
1.5072
1.462
1.4357
1.4567
1.5032
1.5555
1.6125
1.6407
1.6335
1.6403
1.6328
1.608
1.566
1.536
1.4873
1.4622
1.458
1.4764
1.5737
1.6279
1.6512
1.6416
1.648
1.654
1.6165
1.5724
1.555
1.5415
1.4924
1.4627
1.4798
1.5237
1.5754
1.63
1.6437
1.6487
1.6531
1.6442
1.6124
1.5662
1.4691
1.515
1.5666
1.6424
1.6322
1.6377
1.6442
1.6356
1.5559
1.5402
1.5195
1.4699
1.4477
1.443
1.5122
1.5659
1.62
1.6427
1.6335
1.6388
1.6362
1.6039
1.5565
1.5445
1.5302
1.4624
1.458
1.4805
1.5299
1.584
1.6572
1.6497
1.6555
1.6598
1.6502
1.5728
1.5591
1.5385
1.4897
1.4682
1.486
1.5315
1.5829
1.6371
1.6577
1.6478
1.6592
1.6493
1.6135
1.5679
1.5066
1.5533
1.6037
1.6744
1.6611
1.6649
1.6666
1.6572
1.5842
1.5739
1.5495
1.5004
1.4824
1.4822
1.5548
1.6075
1.663
1.6793
1.6712
1.6836
1.6722
1.6362
1.5945
1.5816
1.5092
1.4875
1.4867
1.5139
1.5615
1.6137
1.6829
1.6744
1.6821
1.684
1.6726
1.5944
1.5824
1.5567
1.51
1.4912
1.5171
1.5653
1.6163
1.6662
1.6742
1.6574
1.663
1.6525
1.6142
1.5705
1.6716
1.7037
1.7402
1.7783
1.7526
1.7453
1.7327
1.708
1.6615
1.6101
1.5765
1.5244
1.504
1.5029
1.5762
1.6285
1.6812
1.6866
1.6767
1.6825
1.6651
1.6229
1.5827
1.5737
1.4957
1.4774
1.4764
1.5053
1.5572
1.6095
1.6681
1.6579
1.6651
1.6669
1.6538
1.578
1.5724
1.5419
1.4969
1.4805
1.5126
1.56
1.6114
1.6643
1.6726
1.6658
1.6711
1.6566
1.6185
1.5801
1.5156
1.566
1.6169
1.6622
1.6607
1.666
1.6652
1.6502
1.6088
1.564
1.5284
1.4835
1.4676
1.4693
1.5486
1.5992
1.6484
1.6516
1.6416
1.6467
1.6274
1.584
1.5439
1.5357
1.4534
1.4378
1.4393
1.4695
1.5177
1.6148
1.6155
1.605
1.6099
1.6075
1.5477
1.5075
1.4972
1.4618
1.4205
1.4084
1.4464
1.497
1.5505
1.6005
1.6028
1.602
1.6004
1.5831
1.5417
1.5079
1.5257
1.5788
1.6324
1.6769
1.6729
1.6851
1.6874
1.6724
1.6292
1.5936
1.5612
1.5269
1.5167
1.522
1.6094
1.6632
1.7123
1.7101
1.7069
1.7153
1.7033
1.6615
1.6266
1.618
1.5458
1.5359
1.5445
1.5805
1.6307
1.6825
1.7226
1.7159
1.7215
1.7177
1.6997
1.6229
1.6172
1.5805
1.5439
1.533
1.5771
1.6268
1.6806
1.7264
1.7219
1.7228
1.723
1.705
1.6576
1.6244
1.5837
1.6343
1.6879
1.7309
1.7187
1.7267
1.7245
1.7042
1.6611
1.6229
1.5814
1.5477
1.5379
1.5488
1.6386
1.6921
1.7365
1.7312
1.7277
1.7356
1.7102
1.6671
1.6379
1.6311
1.5902
1.5449
1.5527
1.5889
1.6384
1.6907
1.7339
1.7275
1.7372
1.7346
1.7157
1.6709
1.6277
1.5846
1.5492
1.5368
1.5464
1.6328
1.6846
1.726
1.7234
1.7221
1.7251
1.7054
1.6622
1.6352
1.6157
1.6634
1.7146
1.7537
1.7466
1.7552
1.7539
1.7342
1.6915
1.666
1.6129
1.582
1.5737
1.584
1.6217
1.7232
1.7588
1.7532
1.7539
1.7637
1.7408
1.6966
1.6696
1.6626
1.6161
1.5825
1.5857
1.627
1.681
1.7341
1.7663
1.7522
1.7541
1.7464
1.7206
1.6737
1.6452
1.5957
1.5567
1.5351
1.5302
1.5707
1.6049
1.6204
1.588
1.5657
1.5362
1.4982
1.4385
1.4159
1.6435
1.6939
1.7461
1.7768
1.7644
1.7727
1.7633
1.7333
1.6851
1.6609
1.6002
1.5728
1.5642
1.5786
1.62
1.6707
1.7562
1.7455
1.7464
1.7517
1.7447
1.6741
1.6521
1.6429
1.597
1.5705
1.5754
1.6172
1.6675
1.7228
1.7539
1.7408
1.7489
1.7419
1.7172
1.6759
1.6568
1.5949
1.5696
1.5636
1.5799
1.6227
1.7309
1.7618
1.7494
1.7494
1.7534
1.7468
1.6748
1.6514
1.6054
1.6559
1.7087
1.7327
1.7192
1.7245
1.7136
1.6814
1.6354
1.6135
1.551
1.522
1.513
1.5302
1.5711
1.6688
1.6926
1.6765
1.6799
1.6836
1.6347
1.5893
1.572
1.5597
1.5111
1.4785
1.4963
1.5394
1.5906
1.6467
1.6591
1.6639
1.6697
1.6626
1.6335
1.5897
1.5542
1.5079
1.4865
1.4841
1.5047
1.6035
1.6589
1.6825
1.6707
1.6765
1.6782
1.6516
1.6094
1.591
1.6109
1.7142
1.7656
1.7849
1.7768
1.7871
1.7772
1.7444
1.7018
1.6894
1.6244
1.6028
1.5992
1.6214
1.6669
1.7714
1.7911
1.7791
1.783
1.7881
1.7474
1.7031
1.6911
1.6711
1.6232
1.6017
1.6191
1.6639
1.7157
1.7695
1.7896
1.7828
1.7875
1.7768
1.7429
1.6986
1.6684
1.6184
1.5966
1.5927
1.6148
1.7142
1.7644
1.7809
1.7701
1.7761
1.7804
1.7348
1.6913
1.6791
1.6232
1.7252
1.7762
1.7922
1.7809
1.7852
1.7776
1.7417
1.6999
1.6885
1.6664
1.6
1.5983
1.623
1.6722
1.7247
1.7764
1.7791
1.7821
1.7811
1.7637
1.7269
1.6741
1.6489
1.602
1.5842
1.5818
1.6591
1.7125
1.7654
1.7806
1.7712
1.7822
1.7701
1.7357
1.6947
1.6842
1.6208
1.602
1.6
1.6227
1.6703
1.7206
1.7881
1.7781
1.7851
1.7886
1.7781
1.7048
1.6947
1.6441
1.7462
1.7976
1.8044
1.7935
1.8002
1.7875
1.75
1.7104
1.7024
1.6776
1.6204
1.6174
1.6403
1.6838
1.7333
1.7862
1.7867
1.7946
1.7959
1.7736
1.7185
1.6223
1.5758
1.516
1.4802
1.4556
1.492
1.5299
1.5649
1.558
1.5554
1.6726
1.7121
1.7012
1.6724
1.6812
1.7041
1.7558
1.8287
1.9112
1.9868
2.0416
2.0815
2.0614
2.0524
2.0372
2.0061
1.8925
1.8655
1.6294
1.7284
1.7749
1.7781
1.7717
1.7792
1.7671
1.7275
1.6892
1.6846
1.6547
1.6125
1.5959
1.6251
1.6772
1.7299
1.777
1.7704
1.7787
1.7807
1.7674
1.7271
1.6821
1.6471
1.6035
1.5882
1.5934
1.6696
1.7194
1.7695
1.7736
1.7682
1.7794
1.7639
1.7252
1.6872
1.6795
1.6476
1.5908
1.5945
1.6253
1.6742
1.7273
1.7779
1.7717
1.7779
1.7768
1.7586
1.7176
1.6776
1.5599
1.6594
1.7014
1.6981
1.6906
1.6975
1.6765
1.6335
1.6009
1.5938
1.5533
1.5017
1.5064
1.5387
1.5884
1.6394
1.687
1.6842
1.6926
1.6911
1.6756
1.6002
1.5964
1.561
1.5272
1.5184
1.5612
1.612
1.6654
1.7121
1.7099
1.7147
1.7146
1.6975
1.6583
1.6292
1.6268
1.5559
1.5484
1.5584
1.594
1.6469
1.7509
1.7524
1.7483
1.7567
1.7558
1.7012
1.6733
1.6684
1.6726
1.7772
1.8184
1.8092
1.8031
1.8102
1.7903
1.7455
1.7144
1.7061
1.6667
1.6212
1.6289
1.6664
1.7172
1.7672
1.8096
1.801
1.8085
1.8046
1.7828
1.7399
1.7048
1.6651
1.6313
1.6217
1.6313
1.7183
1.7716
1.8122
1.8057
1.8029
1.8046
1.7826
1.7402
1.7146
1.7054
1.6317
1.6215
1.632
1.6686
1.7183
1.813
1.8057
1.8032
1.8094
1.8046
1.7376
1.7097
1.7026
1.6756
1.7764
1.8119
1.8031
1.8021
1.8085
1.7796
1.7331
1.7082
1.7018
1.6592
1.6298
1.6356
1.6791
1.7322
1.7871
1.8259
1.8182
1.8237
1.8149
1.7901
1.7457
1.714
1.6744
1.6431
1.633
1.6457
1.6872
1.7927
1.8299
1.8211
1.8209
1.8282
1.8017
1.7573
1.7311
1.7243
1.6801
1.6371
1.6491
1.6922
1.7446
1.7984
1.8276
1.8287
1.8374
1.8312
1.8066
1.762
1.7275
1.6921
1.7281
1.7708
1.744
1.7301
1.7215
1.6962
1.587
1.5535
1.5289
1.4729
1.4672
1.6088
1.6936
1.7592
1.8179
1.8629
1.9487
2.0284
2.0894
2.0991
2.0631
2.014
1.957
1.9217
1.9039
1.9047
1.9611
1.9949
2.0044
1.9729
1.9574
1.9221
1.8786
1.8173
1.7832
1.7562
1.6986
1.6547
1.6684
1.7067
1.7522
1.8038
1.8265
1.8269
1.8336
1.8263
1.7978
1.7284
1.7129
1.6949
1.7442
1.8226
1.8132
1.8162
1.8212
1.8115
1.7378
1.7222
1.7072
1.6591
1.6332
1.6452
1.6896
1.7401
1.7926
1.8207
1.8141
1.8177
1.8055
1.7749
1.7326
1.6997
1.6517
1.6277
1.6221
1.642
1.6862
1.7854
1.8111
1.8006
1.8046
1.8085
1.7682
1.7215
1.7037
1.6891
1.642
1.6071
1.6229
1.6654
1.714
1.7665
1.7785
1.7824
1.786
1.7738
1.7425
1.6735
1.6561
1.6133
1.6658
1.741
1.7294
1.7337
1.7404
1.7333
1.6568
1.6442
1.6292
1.5861
1.5685
1.5891
1.6364
1.6894
1.7447
1.7689
1.7611
1.774
1.7659
1.7359
1.6911
1.6784
1.6212
1.6047
1.6052
1.6283
1.6771
1.7826
1.8023
1.7957
1.8051
1.8126
1.7736
1.7327
1.7202
1.7046
1.6602
1.6396
1.6658
1.7129
1.7639
1.8167
1.8368
1.8385
1.8432
1.8323
1.8012
1.7605
1.7314
1.7256
1.7772
1.8302
1.8304
1.8346
1.8374
1.8269
1.7918
1.7393
1.7153
1.6686
1.6501
1.6502
1.7179
1.7674
1.8197
1.8334
1.8242
1.8336
1.8199
1.7843
1.7402
1.7286
1.7057
1.6392
1.6381
1.6645
1.7136
1.7624
1.8278
1.8233
1.8302
1.8336
1.8197
1.7791
1.7277
1.7071
1.6649
1.6427
1.6377
1.7114
1.7631
1.8162
1.8293
1.8173
1.8211
1.8104
1.7747
1.7299
1.7179
1.7307
1.7783
1.8263
1.8233
1.8336
1.8368
1.8218
1.7843
1.7382
1.7108
1.6716
1.6549
1.6572
1.7376
1.7888
1.8368
1.8452
1.8353
1.8402
1.8297
1.7914
1.7517
1.7417
1.7142
1.6606
1.66
1.6872
1.7367
1.7894
1.8406
1.8381
1.8466
1.8473
1.8329
1.7956
1.7436
1.7153
1.6741
1.6592
1.6645
1.7459
1.7946
1.8419
1.8501
1.8436
1.8556
1.8428
1.807
1.7706
1.7601
1.942
1.9864
2.0273
1.9962
1.9894
1.975
1.9454
1.8962
1.8291
1.7845
1.7282
1.6986
1.6924
1.7509
1.7957
1.8404
1.8426
1.8376
1.8419
1.8256
1.7852
1.75
1.7431
1.7108
1.6486
1.6512
1.684
1.7339
1.78
1.8257
1.8184
1.8278
1.8265
1.8077
1.7669
1.7217
1.6917
1.6506
1.6349
1.6384
1.7192
1.774
1.8207
1.8212
1.8151
1.8244
1.8083
1.7646
1.7282
1.7213
1.729
1.7777
1.8192
1.8089
1.8181
1.8136
1.7946
1.7522
1.7129
1.6787
1.639
1.6247
1.6287
1.7129
1.7631
1.8027
1.8006
1.7972
1.8017
1.7811
1.7346
1.7027
1.6999
1.6622
1.6095
1.6129
1.6446
1.6922
1.7416
1.7839
1.7755
1.7811
1.7751
1.7547
1.7138
1.6666
1.6292
1.5917
1.5794
1.5846
1.666
1.7191
1.7614
1.7592
1.7549
1.7584
1.7391
1.6937
1.6654
1.6606
1.7196
1.7732
1.8147
1.807
1.8169
1.816
1.7986
1.7567
1.7217
1.6851
1.6544
1.648
1.6585
1.7466
1.8017
1.8445
1.8409
1.8376
1.8424
1.8237
1.7837
1.7577
1.7481
1.7119
1.6703
1.6806
1.7183
1.7648
1.8139
1.8503
1.8499
1.8572
1.8518
1.8304
1.786
1.7468
1.7078
1.6752
1.6667
1.6769
1.7641
1.8147
1.8548
1.8467
1.8432
1.8479
1.8237
1.7781
1.7504
1.7434
1.7479
1.7974
1.8327
1.8233
1.8332
1.8271
1.8044
1.762
1.7352
1.6885
1.6594
1.6529
1.6656
1.7046
1.804
1.8361
1.8286
1.8293
1.8398
1.8121
1.7659
1.7408
1.7326
1.6904
1.6454
1.6576
1.6994
1.7513
1.8046
1.8272
1.8271
1.8321
1.8239
1.7986
1.726
1.7159
1.6733
1.6439
1.6367
1.6476
1.7431
1.7971
1.8346
1.8293
1.8306
1.8304
1.8066
1.7635
1.7419
1.7331
1.7738
1.8263
1.8571
1.8456
1.8484
1.8432
1.8209
1.7766
1.7558
1.7007
1.6744
1.6666
1.6787
1.7241
1.774
1.8595
1.8509
1.8524
1.858
1.8231
1.7791
1.7592
1.7491
1.7056
1.6742
1.6887
1.7269
1.7776
1.8317
1.867
1.8674
1.8702
1.8565
1.8151
1.7492
1.6784
1.6088
1.5621
1.5325
1.5229
1.5707
1.6022
1.6142
1.6084
1.6557
1.7678
1.7534
1.7099
1.6997
1.7187
1.7794
1.8312
1.8565
1.8422
1.8426
1.8299
1.7987
1.7547
1.7372
1.6784
1.6546
1.6491
1.6692
1.7144
1.7618
1.8407
1.8308
1.8359
1.8424
1.8308
1.7558
1.7363
1.7245
1.6819
1.6546
1.6632
1.7074
1.7609
1.8151
1.8389
1.8295
1.8325
1.8254
1.7974
1.7517
1.717
1.6746
1.6538
1.6476
1.6658
1.7095
1.8104
1.8374
1.825
1.8291
1.8342
1.7961
1.7502
1.7297
1.7157
1.7339
1.7845
1.8032
1.7912
1.7933
1.7869
1.753
1.7056
1.6842
1.6636
1.5925
1.5839
1.6028
1.6472
1.6966
1.7654
1.7517
1.7566
1.7612
1.7517
1.6774
1.6598
1.6414
1.5983
1.579
1.5975
1.6433
1.6936
1.7466
1.768
1.7657
1.7684
1.7567
1.7247
1.6836
1.6722
1.6032
1.5824
1.5803
1.606
1.6534
1.7567
1.7761
1.7691
1.7787
1.7836
1.7399
1.6962
1.6844
1.6692
1.7813
1.8319
1.8481
1.8381
1.843
1.8391
1.804
1.7646
1.7537
1.7301
1.6632
1.6637
1.6924
1.7393
1.7877
1.8527
1.8419
1.8481
1.849
1.8351
1.7611
1.7502
1.7288
1.6802
1.6589
1.6793
1.7279
1.7796
1.8293
1.8409
1.831
1.8406
1.8293
1.7894
1.7479
1.7391
1.6709
1.6517
1.6493
1.6752
1.7217
1.8269
1.8377
1.8265
1.8321
1.8323
1.7869
1.7462
1.7337
1.7089
1.7843
1.8329
1.8411
1.8289
1.8359
1.8192
1.7794
1.7421
1.7354
1.711
1.6529
1.6529
1.6804
1.7254
1.7721
1.8261
1.816
1.825
1.8276
1.813
1.7318
1.7215
1.6999
1.6583
1.6452
1.6487
1.7251
1.7772
1.8269
1.8359
1.8289
1.8392
1.8278
1.7907
1.7515
1.7414
1.6696
1.6553
1.6585
1.6857
1.7316
1.8323
1.8396
1.8357
1.8447
1.8439
1.8289
1.7498
1.7442
1.7168
1.7477
1.8514
1.8582
1.8484
1.8544
1.8385
1.7957
1.753
1.7404
1.7112
1.66
1.666
1.6967
1.7378
1.7768
1.8049
1.7579
1.7419
1.7161
1.6757
1.6082
1.5477
1.4629
1.4012
1.38
1.3999
1.4841
1.6007
1.7582
1.7736
1.7937
1.8507
1.9122
1.9797
1.9806
1.9866
1.9523
1.9064
1.8801
1.9024
1.9418
1.9814
2.0121
1.9739
1.9677
1.9544
1.9296
1.8758
1.8091
1.7611
1.7434
1.8222
1.8226
1.8211
1.8372
1.8076
1.7639
1.7307
1.7245
1.7016
1.6369
1.645
1.6816
1.7341
1.7927
1.8229
1.8182
1.8297
1.8327
1.8205
1.7281
1.7209
1.6889
1.6581
1.6549
1.6517
1.7296
1.7828
1.8338
1.8347
1.8201
1.8265
1.8081
1.7757
1.7363
1.7162
1.648
1.6441
1.6609
1.6804
1.7222
1.7738
1.8248
1.831
1.8244
1.8154
1.7924
1.7258
1.7213
1.6754
1.6525
1.7558
1.7425
1.7305
1.7402
1.7384
1.6885
1.6457
1.6309
1.5977
1.5649
1.5805
1.6035
1.6504
1.7041
1.7449
1.7536
1.7483
1.7442
1.7254
1.6859
1.6555
1.6097
1.5795
1.5705
1.581
1.6786
1.7247
1.774
1.7697
1.7712
1.7761
1.7506
1.7114
1.6827
1.6832
1.6086
1.5989
1.6131
1.6512
1.7168
1.7723
1.7995
1.8029
1.8136
1.8246
1.8001
1.7228
1.7159
1.6795
1.7627
1.8514
1.8398
1.8466
1.8576
1.8366
1.7706
1.738
1.7408
1.6981
1.6531
1.6611
1.7031
1.7671
1.8083
1.8325
1.8301
1.8396
1.8456
1.8091
1.7564
1.7241
1.6936
1.6727
1.6495
1.6587
1.7511
1.8109
1.8488
1.8316
1.8293
1.8381
1.8207
1.7712
1.7324
1.7239
1.6842
1.6637
1.6669
1.6943
1.7455
1.7965
1.8409
1.8289
1.8278
1.8237
1.7986
1.7605
1.7239
1.678
1.7642
1.8584
1.834
1.8331
1.8422
1.8374
1.7725
1.7404
1.7339
1.6876
1.6617
1.66
1.6939
1.7464
1.7944
1.834
1.8346
1.8218
1.8197
1.7912
1.7558
1.7337
1.6727
1.6517
1.6441
1.6746
1.7129
1.7522
1.8434
1.8383
1.8574
1.8531
1.8347
1.7599
1.7429
1.7417
1.6913
1.6632
1.6748
1.7264
1.7824
1.8179
1.8469
1.8411
1.8591
1.8503
1.8076
1.7637
1.7447
1.7061
1.7764
1.8574
1.8546
1.8651
1.8507
1.8336
1.7521
1.7399
1.7327
1.6767
1.6501
1.6431
1.6887
1.7134
1.7264
1.735
1.7101
1.6872
1.6471
1.5889
1.5293
1.4899
1.461
1.4779
1.5345
1.6022
1.6656
1.828
1.8857
1.9334
2.014
2.0817
2.1126
2.0517
2.0209
1.9999
1.9465
1.9017
1.8872
1.9118
1.9461
1.9793
1.9973
1.9433
1.9371
1.9197
1.8812
1.8317
1.7537
1.7065
1.7682
1.8207
1.8149
1.8212
1.8244
1.8278
1.7911
1.717
1.705
1.6667
1.6624
1.6467
1.7048
1.7545
1.8079
1.8377
1.8143
1.8222
1.8128
1.7901
1.7526
1.7194
1.663
1.6416
1.6504
1.6705
1.6969
1.7476
1.8173
1.8284
1.8271
1.8164
1.8053
1.7354
1.7296
1.7033
1.6514
1.633
1.6553
1.7134
1.7464
1.7882
1.8077
1.8147
1.8222
1.7941
1.7592
1.7189
1.6939
1.6484
1.6519
1.7037
1.7273
1.7177
1.7127
1.7018
1.6666
1.6255
1.5949
1.5484
1.5338
1.5297
1.6148
1.651
1.6997
1.7204
1.7183
1.7386
1.7138
1.6802
1.6442
1.6334
1.5739
1.5477
1.5522
1.5812
1.6377
1.7018
1.7489
1.7406
1.7489
1.7644
1.7648
1.6703
1.6634
1.6531
1.6234
1.608
1.6163
1.6701
1.7251
1.7897
1.8029
1.7924
1.8012
1.7916
1.7676
1.7207
1.702
1.6442
1.7944
1.8259
1.8252
1.8332
1.8462
1.8316
1.7804
1.7256
1.7063
1.6787
1.6581
1.6457
1.7164
1.7689
1.8282
1.8301
1.8152
1.8302
1.8212
1.7914
1.7395
1.7228
1.6986
1.6538
1.6596
1.6716
1.7147
1.7633
1.8372
1.8287
1.8218
1.8216
1.8081
1.7736
1.7284
1.6956
1.6534
1.6412
1.6452
1.7187
1.7614
1.8128
1.8241
1.8265
1.8272
1.8061
1.7682
1.7281
1.7273
1.7054
1.7734
1.8271
1.8338
1.8302
1.8287
1.8147
1.7813
1.735
1.6999
1.66
1.6484
1.6562
1.6906
1.7714
1.8212
1.8284
1.8329
1.8437
1.8134
1.7779
1.7427
1.7444
1.7117
1.6469
1.6508
1.6817
1.7421
1.783
1.8188
1.8287
1.8436
1.8531
1.8196
1.7725
1.7346
1.7166
1.6832
1.6525
1.6501
1.7307
1.7896
1.8357
1.8261
1.8184
1.8295
1.8267
1.7821
1.7301
1.7198
1.6885
1.7888
1.8263
1.8222
1.8361
1.8368
1.8061
1.7637
1.7299
1.7093
1.6675
1.6429
1.6465
1.6823
1.7969
1.8366
1.8297
1.8237
1.8346
1.8269
1.7768
1.735
1.7288
1.7009
1.6654
1.6523
1.6765
1.7281
1.7836
1.8439
1.828
1.8329
1.831
1.8141
1.7481
1.7311
1.696
1.6611
1.6516
1.6898
1.7245
1.7716
1.816
1.8239
1.8295
1.8203
1.801
1.756
1.7187
1.6313
1.567
1.8726
1.9118
1.8921
1.8556
1.8481
1.8263
1.7914
1.7479
1.6883
1.6549
1.6489
1.6652
1.6825
1.7228
1.8076
1.8179
1.8233
1.8137
1.8034
1.7462
1.7232
1.7131
1.6607
1.6249
1.6309
1.6771
1.7187
1.7573
1.798
1.7982
1.8177
1.8044
1.7753
1.7331
1.7039
1.6769
1.6292
1.6112
1.6208
1.6602
1.7747
1.8023
1.7937
1.7903
1.8017
1.7901
1.732
1.6984
1.6883
1.6562
1.7397
1.7772
1.777
1.7954
1.7706
1.7399
1.6952
1.6686
1.6382
1.5899
1.575
1.5848
1.6208
1.7262
1.747
1.7387
1.7386
1.7459
1.7215
1.6615
1.6275
1.6157
1.5829
1.539
1.5377
1.5724
1.6219
1.6761
1.7213
1.6909
1.6984
1.6941
1.6778
1.6337
1.5884
1.5439
1.5158
1.5222
1.5287
1.5464
1.645
1.6906
1.7074
1.6937
1.6851
1.6617
1.624
1.6101
1.5889
1.5441
1.7646
1.8029
1.7807
1.7896
1.7905
1.7834
1.735
1.6934
1.6553
1.6332
1.6437
1.6427
1.6654
1.7731
1.8158
1.8272
1.8081
1.8068
1.7873
1.7552
1.7365
1.7067
1.6579
1.6296
1.6591
1.6999
1.7314
1.7804
1.8154
1.8332
1.8293
1.8044
1.7779
1.741
1.7264
1.6707
1.6328
1.626
1.6441
1.7607
1.7854
1.8064
1.8017
1.8085
1.8308
1.7798
1.7296
1.7106
1.7057
1.6786
1.7671
1.804
1.8027
1.8106
1.7931
1.7676
1.7236
1.7108
1.6472
1.6152
1.6107
1.6305
1.6861
1.7402
1.8004
1.7961
1.8029
1.8269
1.813
1.723
1.7037
1.6962
1.6759
1.6382
1.6294
1.6744
1.7341
1.7974
1.8066
1.7956
1.8085
1.8124
1.7952
1.7314
1.6924
1.6538
1.645
1.6418
1.635
1.6727
1.7858
1.8299
1.8156
1.801
1.8066
1.7774
1.7521
1.7187
1.6924
1.6491
1.8224
1.8188
1.8012
1.8074
1.8301
1.7946
1.7251
1.7039
1.6939
1.6624
1.6431
1.6386
1.6812
1.7371
1.8464
1.8162
1.8012
1.804
1.8032
1.7566
1.711
1.6881
1.6465
1.6302
1.6737
1.6834
1.7252
1.7817
1.8137
1.8426
1.8151
1.7976
1.7708
1.7329
1.7404
1.6422
1.6172
1.6189
1.6471
1.7179
1.78
1.8027
1.8002
1.8164
1.8411
1.7969
1.7065
1.6922
1.6971
1.6658
1.7858
1.8181
1.8381
1.8272
1.7937
1.7622
1.7279
1.7333
1.6971
1.6212
1.6236
1.6532
1.7129
1.7412
1.8044
1.7999
1.8166
1.8252
1.7993
1.7202
1.7089
1.6996
1.6525
1.623
1.6174
1.6904
1.747
1.7948
1.8113
1.8027
1.8132
1.8079
1.7723
1.7271
1.7076
1.6392
1.6195
1.6125
1.6345
1.6832
1.789
1.801
1.7714
1.7554
1.7361
1.6611
1.603
1.5651
1.522
1.4594
1.7933
1.8066
1.7933
1.7957
1.786
1.7466
1.7054
1.6921
1.6727
1.6094
1.6024
1.6247
1.6694
1.7176
1.7704
1.7734
1.7789
1.7798
1.7706
1.7382
1.6806
1.6604
1.6182
1.6013
1.6
1.6639
1.714
1.7648
1.7819
1.7723
1.7749
1.7646
1.7277
1.6913
1.6806
1.6598
1.5949
1.5936
1.6204
1.6643
1.7129
1.7781
1.7684
1.7761
1.7768
1.7648
1.7275
1.6716
1.651
1.6071
1.7468
1.7605
1.747
1.7476
1.729
1.6902
1.648
1.6356
1.6105
1.5462
1.5454
1.5709
1.614
1.6641
1.7198
1.7102
1.7146
1.7095
1.6911
1.6082
1.5942
1.5677
1.5197
1.5014
1.5299
1.5797
1.6283
1.6737
1.6821
1.6789
1.6812
1.6634
1.6238
1.5869
1.5447
1.5047
1.4864
1.4884
1.5164
1.5664
1.6727
1.6808
1.6742
1.6799
1.6804
1.6326
1.5917
1.5839
1.5604
1.5205
1.7657
1.7742
1.7682
1.7764
1.7776
1.7239
1.6847
1.6774
1.6525
1.6129
1.6
1.6298
1.6801
1.732
1.7819
1.7897
1.7944
1.7967
1.7824
1.7399
1.7022
1.6622
1.6225
1.612
1.6139
1.6427
1.7419
1.7884
1.7942
1.7847
1.789
1.7744
1.7337
1.6962
1.6836
1.6517
1.6007
1.6071
1.639
1.6862
1.7344
1.7798
1.7776
1.7815
1.7776
1.7631
1.7221
1.6802
1.6489
1.6114
1.7894
1.7946
1.771
1.7734
1.7749
1.7309
1.6915
1.6712
1.6386
1.6032
1.6026
1.6287
1.6737
1.7267
1.7755
1.7772
1.7796
1.7776
1.7603
1.7142
1.6746
1.6411
1.6058
1.5929
1.5998
1.6364
1.7341
1.7802
1.7783
1.7747
1.7852
1.7626
1.7213
1.6879
1.6836
1.6506
1.5959
1.6028
1.6358
1.6849
1.7389
1.7832
1.7768
1.786
1.7869
1.7704
1.726
1.6817
1.6512
1.6172
1.7487
1.8006
1.8038
1.828
1.8019
1.7249
1.7003
1.7009
1.6816
1.6274
1.6212
1.6604
1.7241
1.7791
1.8001
1.7956
1.8085
1.8177
1.7922
1.7342
1.696
1.6621
1.6343
1.618
1.6172
1.7018
1.753
1.7984
1.7914
1.7849
1.7849
1.7642
1.7194
1.6819
1.6774
1.6386
1.5863
1.5953
1.6307
1.6842
1.7382
1.7781
1.7738
1.7807
1.7796
1.7571
1.6791
1.6737
1.6369
1.6049
1.7584
1.7942
1.7905
1.7969
1.7929
1.7307
1.6992
1.6949
1.6562
1.623
1.6215
1.6591
1.7095
1.7609
1.7993
1.7937
1.7961
1.7929
1.774
1.7324
1.7082
1.6607
1.626
1.615
1.6244
1.6615
1.7633
1.8066
1.8029
1.8029
1.8046
1.7483
1.6831
1.6347
1.609
1.5505
1.4742
1.4631
1.4839
1.5227
1.5636
1.6332
1.7054
1.7809
1.8107
1.7937
1.7348
1.7618
1.7815
1.8267
