0.47
1.46
1.46
1.49
1.49
1.54
1.54
1.54
1.59
1.59
1.63
1.63
1.68
1.68
1.73
1.73
1.79
1.79
1.79
1.81
1.81
1.78
1.78
1.73
1.73
1.68
1.68
1.68
1.63
1.63
1.58
1.75
1.81
1.81
1.82
1.82
1.79
1.79
1.73
1.73
1.68
1.68
1.63
1.63
1.58
1.58
1.58
1.53
1.53
1.47
1.47
1.45
1.45
1.48
1.48
1.53
1.53
1.53
1.59
1.59
1.64
1.64
1.68
1.68
1.74
1.74
1.8
1.8
1.8
1.82
1.82
1.79
1.79
1.73
1.73
1.67
1.67
1.67
1.62
1.62
1.57
1.77
1.83
1.83
1.84
1.84
1.8
1.8
1.74
1.74
1.67
1.67
1.62
1.62
1.56
1.56
1.56
1.51
1.51
1.45
1.45
1.44
1.44
1.47
1.47
1.47
1.53
1.53
1.59
1.59
1.65
1.65
1.7
1.7
1.76
1.76
1.76
1.82
1.82
1.83
1.83
1.8
1.8
1.74
1.74
1.67
1.67
1.67
1.61
1.61
1.56
1.78
1.84
1.84
1.85
1.85
1.81
1.81
1.74
1.74
1.67
1.67
1.61
1.61
1.61
1.55
1.55
1.5
1.5
1.44
1.44
1.43
1.43
1.47
1.47
1.47
1.53
1.53
1.6
1.6
1.66
1.66
1.71
1.71
1.77
1.77
1.77
1.83
1.83
1.84
1.84
1.81
1.81
1.74
1.74
1.74
1.67
1.67
1.61
1.61
1.55
1.79
1.85
1.85
1.86
1.86
1.82
1.82
1.75
1.75
1.67
1.67
1.61
1.61
1.61
1.55
1.55
1.49
1.49
1.43
1.43
1.42
1.42
1.46
1.46
1.46
1.52
1.52
1.59
1.59
1.66
1.66
1.72
1.72
1.78
1.78
1.78
1.84
1.84
1.85
1.85
1.81
1.81
1.74
1.74
1.67
1.67
1.67
1.6
1.6
1.54
1.79
1.86
1.86
1.87
1.87
1.83
1.83
1.75
1.75
1.67
1.67
1.6
1.6
1.6
1.54
1.54
1.48
1.48
1.42
1.42
1.41
1.41
1.45
1.45
1.45
1.52
1.52
1.59
1.59
1.66
1.66
1.72
1.72
1.78
1.78
1.78
1.85
1.85
1.86
1.86
1.82
1.82
1.75
1.75
1.75
1.67
1.67
1.6
1.6
1.54
1.79
1.86
1.86
1.87
1.87
1.83
1.83
1.75
1.75
1.67
1.67
1.6
1.6
1.6
1.54
1.54
1.47
1.47
1.41
1.41
1.4
1.4
1.4
1.45
1.45
1.52
1.52
1.59
1.59
1.66
1.66
1.72
1.72
1.72
1.78
1.78
1.85
1.85
1.86
1.86
1.82
1.82
1.75
1.75
1.75
1.67
1.67
1.6
1.6
1.54
1.79
1.86
1.86
1.87
1.87
1.82
1.82
1.75
1.75
1.67
1.67
1.67
1.6
1.6
1.54
1.54
1.48
1.48
1.42
1.42
1.4
1.4
1.4
1.45
1.45
1.52
1.52
1.59
1.59
1.66
1.66
1.72
1.72
1.72
1.78
1.78
1.85
1.85
1.86
1.86
1.82
1.82
1.75
1.75
1.75
1.67
1.67
1.6
1.6
1.53
1.79
1.86
1.86
1.87
1.87
1.83
1.83
1.75
1.75
1.67
1.67
1.67
1.6
1.6
1.54
1.54
1.48
1.48
1.42
1.42
1.41
1.41
1.41
1.45
1.45
1.52
1.52
1.59
1.59
1.66
1.66
1.66
1.72
1.72
1.78
1.78
1.84
1.84
1.86
1.86
1.82
1.82
1.82
1.75
1.75
1.67
1.67
1.6
1.6
1.54
1.78
1.85
1.85
1.86
1.86
1.82
1.82
1.75
1.75
1.67
1.67
1.67
1.6
1.6
1.54
1.54
1.48
1.48
1.42
1.42
1.41
1.41
1.41
1.45
1.45
1.52
1.52
1.59
1.59
1.66
1.66
1.66
1.71
1.71
1.77
1.77
1.83
1.83
1.85
1.85
1.82
1.82
1.82
1.75
1.75
1.67
1.67
1.6
1.6
1.54
1.78
1.84
1.84
1.86
1.86
1.82
1.82
1.75
1.75
1.75
1.67
1.67
1.61
1.61
1.55
1.55
1.49
1.49
1.43
1.43
1.41
1.41
1.41
1.45
1.45
1.52
1.52
1.58
1.58
1.65
1.65
1.65
1.71
1.71
1.76
1.76
1.83
1.83
1.85
1.85
1.81
1.81
1.81
1.75
1.75
1.67
1.67
1.61
1.61
1.55
1.77
1.83
1.83
1.85
1.85
1.82
1.82
1.75
1.75
1.75
1.67
1.67
1.61
1.61
1.56
1.56
1.5
1.5
1.44
1.44
1.44
1.42
1.42
1.45
1.58
1.58
1.65
1.65
1.71
1.71
1.76
1.76
1.76
1.82
1.82
1.84
1.84
1.81
1.81
1.74
1.74
1.67
1.67
1.67
1.61
1.61
1.56
1.56
1.5
1.5
1.77
1.83
1.83
1.85
1.85
1.82
1.82
1.75
1.75
1.75
1.68
1.68
1.61
1.61
1.56
1.56
1.5
1.5
1.44
1.44
1.44
1.42
1.42
1.46
1.46
1.51
1.51
1.58
1.58
1.64
1.64
1.64
1.69
1.69
1.75
1.75
1.82
1.82
1.84
1.84
1.84
1.81
1.81
1.74
1.74
1.68
1.68
1.61
1.61
1.56
1.76
1.82
1.82
1.85
1.85
1.82
1.82
1.82
1.75
1.75
1.68
1.68
1.62
1.62
1.57
1.57
1.51
1.51
1.45
1.45
1.45
1.43
1.43
1.46
1.46
1.52
1.52
1.58
1.58
1.58
1.64
1.64
1.69
1.69
1.75
1.75
1.81
1.81
1.83
1.83
1.83
1.8
1.8
1.74
1.74
1.68
1.68
1.62
1.62
1.62
1.75
1.81
1.81
1.83
1.83
1.8
1.8
1.8
1.74
1.74
1.68
1.68
1.63
1.63
1.58
1.58
1.52
1.52
1.46
1.46
1.46
1.44
1.44
1.46
1.46
1.52
1.52
1.58
1.58
1.58
1.63
1.63
1.68
1.68
1.73
1.73
1.8
1.8
1.82
1.82
1.82
1.8
1.8
1.75
1.75
1.68
1.68
1.63
1.63
1.63
1.74
1.8
1.8
1.83
1.83
1.8
1.8
1.8
1.75
1.75
1.68
1.68
1.63
1.63
1.58
1.58
1.53
1.53
1.53
1.46
1.46
1.44
1.44
1.47
1.47
1.52
1.52
1.58
1.58
1.58
1.63
1.63
1.68
1.68
1.73
1.73
1.79
1.79
1.82
1.82
1.82
1.8
1.8
1.74
1.74
1.68
1.68
1.63
1.63
1.63
1.75
1.81
1.81
1.83
1.83
1.8
1.8
1.8
1.74
1.74
1.68
1.68
1.63
1.63
1.58
1.58
1.58
1.52
1.52
1.46
1.46
1.44
1.44
1.47
1.47
1.52
1.52
1.52
1.58
1.58
1.63
1.63
1.68
1.68
1.73
1.73
1.8
1.8
1.82
1.82
1.82
1.8
1.8
1.74
1.74
1.68
1.68
1.63
1.63
1.63
1.74
1.81
1.81
1.83
1.83
1.83
1.8
1.8
1.74
1.74
1.68
1.68
1.63
1.63
1.58
1.58
1.58
1.52
1.52
1.46
1.46
1.44
1.44
1.46
1.46
1.52
1.52
1.52
1.58
1.58
1.63
1.63
1.68
1.68
1.73
1.73
1.8
1.8
1.8
1.82
1.82
1.8
1.8
1.74
1.74
1.68
1.68
1.62
1.62
1.62
1.76
1.82
1.82
1.85
1.85
1.85
1.81
1.81
1.75
1.75
1.68
1.68
1.62
1.62
1.57
1.57
1.57
1.51
1.51
1.45
1.45
1.42
1.42
1.45
1.45
1.51
1.51
1.51
1.57
1.57
1.64
1.64
1.69
1.69
1.75
1.75
1.81
1.81
1.81
1.84
1.84
1.81
1.81
1.75
1.75
1.68
1.68
1.68
1.62
1.62
1.76
1.83
1.83
1.85
1.85
1.85
1.82
1.82
1.76
1.76
1.69
1.69
1.62
1.62
1.57
1.57
1.57
1.51
1.51
1.45
1.45
1.42
1.42
1.45
1.45
1.51
1.51
1.51
1.57
1.57
1.64
1.64
1.69
1.69
1.74
1.74
1.81
1.81
1.81
1.84
1.84
1.81
1.81
1.76
1.76
1.69
1.69
1.62
1.62
1.62
1.76
1.82
1.82
1.82
1.85
1.85
1.82
1.82
1.75
1.75
1.68
1.68
1.62
1.62
1.56
1.56
1.56
1.51
1.51
1.45
1.45
1.42
1.42
1.45
1.45
1.51
1.51
1.51
1.57
1.57
1.63
1.63
1.69
1.69
1.75
1.75
1.81
1.81
1.81
1.84
1.84
1.81
1.81
1.75
1.75
1.68
1.68
1.68
1.62
1.62
1.75
1.82
1.82
1.82
1.84
1.84
1.82
1.82
1.75
1.75
1.69
1.69
1.62
1.62
1.57
1.57
1.57
1.52
1.52
1.45
1.45
1.42
1.42
1.45
1.45
1.45
1.5
1.5
1.57
1.57
1.63
1.63
1.69
1.69
1.74
1.74
1.74
1.8
1.8
1.84
1.84
1.81
1.81
1.76
1.76
1.69
1.69
1.69
1.63
1.63
1.75
1.82
1.82
1.82
1.85
1.85
1.82
1.82
1.76
1.76
1.69
1.69
1.62
1.62
1.62
1.57
1.57
1.51
1.51
1.45
1.45
1.42
1.42
1.45
1.45
1.45
1.5
1.5
1.57
1.57
1.63
1.63
1.69
1.69
1.74
1.74
1.74
1.8
1.8
1.83
1.83
1.81
1.81
1.75
1.75
1.69
1.69
1.69
1.62
1.62
1.75
1.82
1.82
1.82
1.85
1.85
1.82
1.82
1.76
1.76
1.69
1.69
1.63
1.63
1.63
1.57
1.57
1.52
1.52
1.45
1.45
1.43
1.43
1.45
1.45
1.45
1.5
1.5
1.57
1.57
1.63
1.63
1.69
1.69
1.74
1.74
1.74
1.8
1.8
1.83
1.83
1.81
1.81
1.76
1.76
1.76
1.69
1.69
1.63
1.63
1.75
1.75
1.81
1.81
1.84
1.84
1.81
1.81
1.75
1.75
1.69
1.69
1.63
1.63
1.63
1.58
1.58
1.53
1.53
1.46
1.46
1.44
1.44
1.46
1.46
1.46
1.51
1.51
1.57
1.57
1.62
1.62
1.67
1.67
1.72
1.72
1.72
1.79
1.79
1.82
1.82
1.8
1.8
1.75
1.75
1.75
1.69
1.69
1.63
1.63
1.73
1.73
1.79
1.79
1.83
1.83
1.81
1.81
1.76
1.76
1.69
1.69
1.64
1.64
1.64
1.59
1.59
1.54
1.54
1.48
1.48
1.44
1.44
1.46
1.46
1.46
1.51
1.51
1.57
1.57
1.62
1.62
1.67
1.67
1.72
1.72
1.72
1.78
1.78
1.82
1.82
1.8
1.8
1.75
1.75
1.75
1.69
1.69
1.63
1.63
1.73
1.73
1.8
1.8
1.83
1.83
1.81
1.81
1.75
1.75
1.69
1.69
1.64
1.64
1.64
1.59
1.59
1.54
1.54
1.48
1.48
1.45
1.45
1.46
1.46
1.46
1.51
1.51
1.56
1.56
1.62
1.62
1.67
1.67
1.72
1.72
1.72
1.78
1.78
1.82
1.82
1.8
1.8
1.75
1.75
1.75
1.69
1.69
1.64
1.64
1.72
1.72
1.79
1.79
1.82
1.82
1.81
1.81
1.75
1.75
1.69
1.69
1.69
1.64
1.64
1.59
1.59
1.54
1.54
1.48
1.48
1.45
1.45
1.45
1.46
1.46
1.51
1.51
1.56
1.56
1.62
1.62
1.62
1.67
1.67
1.71
1.71
1.78
1.78
1.81
1.81
1.8
1.8
1.8
1.75
1.75
1.69
1.69
1.64
1.64
1.72
1.72
1.78
1.78
1.82
1.82
1.8
1.8
1.75
1.75
1.7
1.7
1.7
1.64
1.64
1.59
1.59
1.55
1.55
1.49
1.49
1.45
1.45
1.45
1.46
1.46
1.51
1.51
1.56
1.56
1.62
1.62
1.62
1.66
1.66
1.71
1.71
1.77
1.77
1.81
1.81
1.79
1.79
1.79
1.75
1.75
1.69
1.69
1.64
1.64
1.72
1.72
1.78
1.78
1.82
1.82
1.8
1.8
1.75
1.75
1.7
1.7
1.7
1.64
1.64
1.6
1.6
1.55
1.55
1.49
1.49
1.45
1.45
1.45
1.46
1.46
1.51
1.51
1.56
1.56
1.61
1.61
1.61
1.66
1.66
1.71
1.71
1.77
1.77
1.81
1.81
1.8
1.8
1.8
1.75
1.75
1.69
1.69
1.64
1.64
1.71
1.71
1.78
1.78
1.81
1.81
1.8
1.8
1.75
1.75
1.69
1.69
1.69
1.64
1.64
1.6
1.6
1.55
1.55
1.49
1.49
1.49
1.45
1.45
1.46
1.46
1.51
1.51
1.56
1.56
1.61
1.61
1.61
1.66
1.66
1.71
1.71
1.77
1.77
1.81
1.81
1.8
1.8
1.8
1.75
1.75
1.7
1.7
1.64
1.64
1.71
1.71
1.78
1.78
1.81
1.81
1.8
1.8
1.75
1.75
1.75
1.7
1.7
1.64
1.64
1.6
1.6
1.55
1.55
1.49
1.49
1.49
1.45
1.45
1.46
1.46
1.51
1.51
1.56
1.56
1.56
1.61
1.61
1.66
1.66
1.7
1.7
1.76
1.76
1.8
1.8
1.8
1.8
1.8
1.75
1.75
1.7
1.7
1.64
1.64
1.72
1.72
1.78
1.78
1.82
1.82
1.8
1.8
1.75
1.75
1.75
1.7
1.7
1.64
1.64
1.6
1.6
1.55
1.55
1.49
1.49
1.49
1.45
1.45
1.46
1.46
1.5
1.5
1.56
1.56
1.56
1.61
1.61
1.66
1.66
1.7
1.7
1.76
1.76
1.81
1.81
1.81
1.8
1.8
1.76
1.76
1.7
1.7
1.65
1.65
1.71
1.71
1.77
1.77
1.81
1.81
1.8
1.8
1.8
1.75
1.75
1.7
1.7
1.64
1.64
1.6
1.6
1.55
1.55
1.49
1.49
1.49
1.45
1.45
1.5
1.56
1.56
1.62
1.62
1.67
1.67
1.67
1.71
1.71
1.77
1.77
1.81
1.81
1.8
1.8
1.76
1.76
1.76
1.7
1.7
1.65
1.65
1.6
1.6
1.56
1.72
1.72
1.78
1.78
1.82
1.82
1.8
1.8
1.8
1.75
1.75
1.7
1.7
1.65
1.65
1.6
1.6
1.55
1.55
1.49
1.49
1.49
1.45
1.45
1.46
1.46
1.5
1.5
1.56
1.56
1.56
1.61
1.61
1.66
1.66
1.7
1.7
1.76
1.76
1.81
1.81
1.81
1.8
1.8
1.76
1.76
1.7
1.7
1.64
1.64
1.71
1.71
1.77
1.77
1.82
1.82
1.8
1.8
1.8
1.76
1.76
1.7
1.7
1.64
1.64
1.6
1.6
1.55
1.55
1.55
1.5
1.5
1.46
1.46
1.47
1.47
1.51
1.51
1.56
1.56
1.56
1.61
1.61
1.65
1.65
1.7
1.7
1.76
1.76
1.8
1.8
1.8
1.8
1.8
1.75
1.75
1.7
1.7
1.65
1.65
1.71
1.71
1.77
1.77
1.81
1.81
1.8
1.8
1.8
1.75
1.75
1.7
1.7
1.65
1.65
1.6
1.6
1.55
1.55
1.55
1.5
1.5
1.46
1.46
1.46
1.46
1.51
1.51
1.56
1.56
1.56
1.61
1.61
1.65
1.65
1.7
1.7
1.76
1.76
1.76
1.8
1.8
1.8
1.8
1.76
1.76
1.7
1.7
1.65
1.65
1.71
1.71
1.77
1.77
1.81
1.81
1.81
1.8
1.8
1.76
1.76
1.7
1.7
1.65
1.65
1.6
1.6
1.56
1.56
1.56
1.5
1.5
1.46
1.46
1.46
1.46
1.51
1.51
1.51
1.56
1.56
1.61
1.61
1.65
1.65
1.7
1.7
1.76
1.76
1.76
1.8
1.8
1.8
1.8
1.76
1.76
1.7
1.7
1.7
1.65
1.73
1.73
1.79
1.79
1.79
1.84
1.84
1.82
1.82
1.77
1.77
1.7
1.7
1.64
1.64
1.58
1.58
1.53
1.53
1.53
1.47
1.47
1.43
1.43
1.44
1.44
1.49
1.49
1.49
1.55
1.55
1.62
1.62
1.67
1.67
1.73
1.73
1.79
1.79
1.79
1.84
1.84
1.82
1.82
1.78
1.78
1.71
1.71
1.71
1.64
1.74
1.74
1.81
1.81
1.81
1.85
1.85
1.83
1.83
1.78
1.78
1.71
1.71
1.64
1.64
1.58
1.58
1.58
1.52
1.52
1.46
1.46
1.42
1.42
1.43
1.43
1.48
1.48
1.48
1.55
1.55
1.62
1.62
1.68
1.68
1.73
1.73
1.8
1.8
1.8
1.84
1.84
1.83
1.83
1.78
1.78
1.71
1.71
1.71
1.64
1.75
1.75
1.81
1.81
1.81
1.86
1.86
1.84
1.84
1.78
1.78
1.71
1.71
1.64
1.64
1.58
1.58
1.58
1.52
1.52
1.46
1.46
1.42
1.42
1.43
1.43
1.48
1.48
1.48
1.55
1.55
1.62
1.62
1.68
1.68
1.74
1.74
1.8
1.8
1.8
1.85
1.85
1.84
1.84
1.78
1.78
1.71
1.71
1.71
1.63
1.75
1.75
1.81
1.81
1.81
1.86
1.86
1.84
1.84
1.78
1.78
1.71
1.71
1.64
1.64
1.57
1.57
1.57
1.52
1.52
1.46
1.46
1.41
1.41
1.43
1.43
1.48
1.48
1.48
1.55
1.55
1.62
1.62
1.68
1.68
1.73
1.73
1.8
1.8
1.8
1.84
1.84
1.83
1.83
1.78
1.78
1.71
1.71
1.71
1.64
1.72
1.72
1.78
1.78
1.78
1.83
1.83
1.82
1.82
1.77
1.77
1.71
1.71
1.65
1.65
1.65
1.59
1.59
1.55
1.55
1.49
1.49
1.44
1.44
1.45
1.45
1.45
1.49
1.49
1.55
1.55
1.61
1.61
1.66
1.66
1.7
1.7
1.7
1.76
1.76
1.81
1.81
1.81
1.81
1.77
1.77
1.71
1.71
1.71
1.65
1.67
1.71
1.71
1.78
1.78
1.82
1.82
1.82
1.82
1.77
1.77
1.71
1.71
1.65
1.65
1.65
1.6
1.6
1.55
1.55
1.49
1.49
1.45
1.45
1.45
1.45
1.45
1.49
1.49
1.55
1.55
1.61
1.61
1.66
1.66
1.71
1.71
1.71
1.77
1.77
1.81
1.81
1.81
1.81
1.77
1.77
1.77
1.71
1.71
1.65
1.67
1.72
1.72
1.78
1.78
1.82
1.82
1.82
1.82
1.77
1.77
1.71
1.71
1.65
1.65
1.65
1.6
1.6
1.55
1.55
1.49
1.49
1.45
1.45
1.45
1.45
1.45
1.49
1.49
1.55
1.55
1.61
1.61
1.66
1.66
1.71
1.71
1.71
1.77
1.77
1.81
1.81
1.81
1.81
1.77
1.77
1.77
1.71
1.71
1.65
1.67
1.71
1.71
1.77
1.77
1.82
1.82
1.81
1.81
1.77
1.77
1.71
1.71
1.65
1.65
1.65
1.6
1.6
1.55
1.55
1.49
1.49
1.44
1.44
1.44
1.45
1.45
1.49
1.49
1.55
1.55
1.6
1.6
1.66
1.66
1.66
1.7
1.7
1.76
1.76
1.81
1.81
1.81
1.81
1.77
1.77
1.77
1.71
1.71
1.65
